0 1
0 2
1 2
1 3
1 4
10 11
10 12
100 101
100 102
100 103
101 103
104 105
104 106
105 106
106 107
107 108
107 109
108 109
11 12
110 111
110 112
111 112
113 114
113 115
114 116
114 117
114 119
115 118
115 119
115 120
116 117
116 119
116 120
116 121
117 120
118 119
119 120
122 123
123 124
125 126
126 127
129 130
129 131
129 134
129 137
13 14
13 37
13 40
130 131
130 132
130 137
131 132
132 133
133 134
133 137
134 135
134 137
135 136
136 137
137 138
14 15
15 16
16 17
17 18
17 19
17 20
17 21
17 46
17 55
17 56
18 22
19 21
19 29
19 55
19 56
19 57
19 58
19 59
19 60
19 61
2 37
2 5
2 6
2 67
2 73
2 8
20 21
20 45
20 46
21 27
21 53
21 54
21 55
21 56
21 57
22 23
22 24
22 25
22 32
23 26
23 27
24 25
24 31
24 32
24 33
25 29
25 31
25 49
27 41
27 75
28 29
28 42
28 51
29 30
29 37
29 50
29 51
3 19
3 21
3 23
3 24
3 25
3 26
3 27
3 28
3 29
3 30
3 32
3 4
30 43
31 32
31 33
32 34
33 62
33 63
34 35
35 36
36 37
37 38
37 39
37 40
37 41
37 42
39 107
39 122
4 13
4 19
4 21
4 28
4 29
4 30
4 37
4 38
4 41
4 45
4 55
40 41
40 63
42 52
43 44
44 45
46 47
47 48
48 49
5 6
5 8
50 51
52 53
54 55
54 61
55 56
56 62
6 7
64 65
64 66
65 70
65 73
66 67
66 68
66 73
67 68
67 69
67 70
67 73
68 70
68 71
68 73
69 70
7 8
70 71
70 72
70 73
71 73
72 73
74 75
75 76
75 77
75 78
75 79
75 80
75 81
75 82
75 85
76 82
77 78
77 79
78 81
78 84
78 85
79 83
8 10
8 11
8 12
8 9
80 81
80 86
82 83
85 86
87 88
88 89
88 90
89 90
9 10
91 100
91 92
91 93
91 94
91 95
91 96
92 100
92 96
93 95
93 96
93 97
94 101
94 95
94 96
95 102
95 103
96 100
97 98
97 99
99 100
