0 1
0 2
0 3
0 4
1 10
1 11
1 12
1 13
1 14
1 15
1 16
1 17
1 18
1 2
1 3
1 4
1 467
1 5
1 6
1 7
1 8
1 9
10 100
10 1000
10 1001
10 1002
10 1003
10 1004
10 1006
10 1007
10 1008
10 1009
10 1013
10 1016
10 1017
10 1018
10 1019
10 1023
10 1024
10 1027
10 103
10 1030
10 1031
10 1032
10 1035
10 1036
10 1037
10 1038
10 1039
10 1040
10 1041
10 1042
10 1043
10 1044
10 1045
10 1046
10 1047
10 1048
10 1049
10 1050
10 1051
10 1052
10 1054
10 1055
10 1057
10 1061
10 1064
10 1066
10 1069
10 107
10 1071
10 1072
10 1073
10 1074
10 1075
10 1076
10 1078
10 1079
10 1080
10 1081
10 1083
10 1084
10 1085
10 1086
10 1087
10 1088
10 1089
10 1090
10 1091
10 1092
10 1093
10 1094
10 1095
10 1096
10 1097
10 1098
10 1099
10 110
10 1100
10 1101
10 1102
10 1104
10 1105
10 1106
10 1107
10 1108
10 111
10 1110
10 1111
10 1112
10 1113
10 1115
10 1116
10 1117
10 1118
10 1119
10 112
10 1120
10 1121
10 1122
10 1123
10 1124
10 1125
10 1126
10 1127
10 1128
10 1129
10 113
10 1130
10 1131
10 1132
10 1133
10 1134
10 1136
10 1137
10 1138
10 1139
10 114
10 1140
10 1151
10 1153
10 1158
10 1159
10 116
10 1162
10 1163
10 1166
10 1168
10 1169
10 117
10 1174
10 1176
10 1177
10 1178
10 1179
10 118
10 1180
10 1189
10 119
10 1192
10 1193
10 1194
10 1195
10 1196
10 1197
10 12
10 120
10 1200
10 1201
10 1202
10 1204
10 1206
10 1207
10 1208
10 1209
10 121
10 1210
10 1211
10 1212
10 1213
10 1214
10 1215
10 1216
10 1217
10 1218
10 1219
10 122
10 1220
10 1221
10 1223
10 1224
10 1225
10 1226
10 1227
10 1228
10 1229
10 123
10 1230
10 1231
10 1232
10 1233
10 1235
10 1236
10 1237
10 1238
10 124
10 1240
10 1242
10 1243
10 1244
10 1246
10 1247
10 1248
10 1249
10 125
10 1250
10 1253
10 126
10 1260
10 1261
10 1262
10 1264
10 127
10 1272
10 1273
10 1274
10 1275
10 1276
10 1278
10 1279
10 128
10 1280
10 1288
10 1293
10 1294
10 13
10 130
10 1300
10 1301
10 1302
10 1304
10 1309
10 1312
10 1314
10 1317
10 1318
10 1319
10 132
10 1320
10 1321
10 1322
10 1323
10 1324
10 1325
10 1326
10 1328
10 1329
10 1330
10 1331
10 1333
10 1334
10 1335
10 1336
10 1338
10 1339
10 1340
10 1341
10 1342
10 1344
10 1345
10 1346
10 1347
10 1349
10 1350
10 1351
10 1355
10 1356
10 1358
10 1359
10 1360
10 1361
10 1362
10 137
10 139
10 14
10 140
10 141
10 144
10 146
10 147
10 148
10 149
10 15
10 150
10 151
10 152
10 156
10 157
10 158
10 159
10 16
10 160
10 166
10 167
10 168
10 169
10 17
10 171
10 173
10 179
10 18
10 181
10 183
10 186
10 190
10 192
10 196
10 197
10 198
10 199
10 200
10 201
10 203
10 208
10 209
10 210
10 211
10 212
10 213
10 215
10 216
10 217
10 218
10 22
10 220
10 228
10 231
10 25
10 261
10 265
10 267
10 268
10 269
10 27
10 275
10 28
10 280
10 281
10 282
10 283
10 284
10 286
10 288
10 289
10 290
10 291
10 292
10 295
10 296
10 30
10 301
10 31
10 311
10 318
10 325
10 326
10 331
10 332
10 338
10 34
10 340
10 342
10 343
10 345
10 347
10 35
10 350
10 352
10 357
10 36
10 367
10 369
10 37
10 371
10 372
10 38
10 39
10 394
10 397
10 399
10 40
10 403
10 404
10 405
10 406
10 407
10 408
10 409
10 41
10 411
10 412
10 419
10 42
10 422
10 423
10 426
10 427
10 428
10 43
10 430
10 431
10 432
10 433
10 434
10 436
10 44
10 441
10 445
10 446
10 45
10 452
10 453
10 457
10 458
10 46
10 460
10 462
10 463
10 464
10 465
10 469
10 47
10 470
10 471
10 476
10 477
10 479
10 48
10 481
10 485
10 49
10 498
10 50
10 501
10 502
10 503
10 505
10 506
10 51
10 511
10 513
10 515
10 516
10 519
10 52
10 522
10 523
10 524
10 526
10 527
10 528
10 529
10 53
10 530
10 531
10 537
10 54
10 540
10 542
10 543
10 544
10 546
10 548
10 549
10 55
10 550
10 551
10 553
10 554
10 555
10 556
10 557
10 558
10 56
10 57
10 571
10 572
10 575
10 576
10 578
10 579
10 581
10 582
10 587
10 590
10 597
10 602
10 603
10 604
10 605
10 606
10 607
10 610
10 611
10 612
10 613
10 614
10 617
10 618
10 619
10 620
10 621
10 622
10 623
10 624
10 629
10 630
10 631
10 632
10 633
10 634
10 635
10 636
10 637
10 638
10 639
10 640
10 642
10 643
10 645
10 646
10 647
10 648
10 649
10 654
10 661
10 662
10 663
10 664
10 665
10 666
10 667
10 670
10 671
10 672
10 673
10 674
10 675
10 676
10 677
10 678
10 680
10 681
10 682
10 684
10 685
10 688
10 689
10 690
10 691
10 692
10 693
10 694
10 695
10 697
10 699
10 700
10 701
10 702
10 703
10 705
10 706
10 707
10 708
10 709
10 710
10 717
10 718
10 722
10 723
10 724
10 725
10 726
10 727
10 728
10 729
10 731
10 732
10 734
10 735
10 736
10 737
10 738
10 739
10 740
10 741
10 744
10 745
10 746
10 75
10 750
10 752
10 754
10 755
10 756
10 757
10 758
10 759
10 76
10 760
10 761
10 762
10 764
10 766
10 767
10 768
10 769
10 77
10 770
10 771
10 772
10 773
10 774
10 775
10 777
10 778
10 78
10 781
10 783
10 79
10 796
10 797
10 798
10 80
10 800
10 803
10 804
10 805
10 806
10 807
10 81
10 813
10 818
10 82
10 820
10 823
10 828
10 829
10 83
10 832
10 834
10 835
10 836
10 837
10 838
10 839
10 84
10 840
10 841
10 842
10 843
10 844
10 845
10 846
10 847
10 848
10 852
10 853
10 856
10 858
10 859
10 86
10 861
10 862
10 865
10 866
10 867
10 869
10 87
10 870
10 871
10 872
10 873
10 874
10 875
10 876
10 877
10 878
10 880
10 887
10 888
10 892
10 894
10 897
10 90
10 900
10 901
10 904
10 905
10 906
10 907
10 908
10 909
10 91
10 910
10 914
10 915
10 916
10 917
10 918
10 919
10 92
10 920
10 921
10 922
10 926
10 928
10 931
10 933
10 934
10 935
10 936
10 937
10 939
10 940
10 941
10 943
10 944
10 945
10 946
10 947
10 950
10 957
10 959
10 96
10 960
10 961
10 962
10 963
10 964
10 965
10 966
10 967
10 968
10 969
10 970
10 971
10 972
10 973
10 974
10 975
10 976
10 978
10 979
10 98
10 980
10 981
10 983
10 984
10 985
10 986
10 988
10 99
10 990
10 991
10 998
10 999
100 103
100 166
1001 1002
1003 1004
1003 1005
1003 1037
1004 1010
1004 1015
1004 1019
1004 1037
1004 1038
1005 1010
1005 1012
1005 1016
1005 1017
1005 1018
1005 1020
1005 1021
1005 1022
1005 1023
1005 1028
1005 1029
1006 1007
1006 1008
1006 1009
1006 1010
1006 1011
1006 1012
1006 1013
1006 1014
1006 1015
1006 1016
1006 1017
1006 1018
1006 1019
1006 1042
1006 1047
1007 1016
1008 1009
1008 1010
1008 1011
1008 1019
1008 1021
1008 1025
1008 1026
1008 1053
1009 1010
1009 1011
1009 1021
1009 1026
101 1011
101 102
101 1071
101 1081
101 1104
101 1106
101 1107
101 1110
101 1115
101 1116
101 1118
101 1121
101 1123
101 1126
101 1132
101 1170
101 1177
101 1223
101 1224
101 1226
101 1227
101 1228
101 1231
101 1232
101 1233
101 1236
101 1237
101 1238
101 1240
101 1243
101 1253
101 1256
101 1257
101 1258
101 1264
101 1327
101 139
101 140
101 146
101 151
101 181
101 186
101 196
101 198
101 230
101 260
101 273
101 275
101 280
101 294
101 297
101 302
101 303
101 304
101 305
101 306
101 308
101 309
101 310
101 312
101 313
101 314
101 316
101 317
101 319
101 320
101 321
101 322
101 323
101 324
101 325
101 326
101 327
101 328
101 329
101 330
101 331
101 332
101 333
101 334
101 335
101 336
101 346
101 354
101 356
101 359
101 360
101 371
101 383
101 384
101 393
101 400
101 402
101 404
101 428
101 443
101 444
101 463
101 497
101 710
101 711
101 712
101 713
101 714
101 715
101 716
101 723
101 726
101 727
101 730
101 738
101 739
101 745
101 747
101 748
101 819
101 822
101 823
101 827
101 830
101 831
101 849
101 851
101 950
101 970
101 971
101 972
101 974
1010 1011
1010 1012
1010 1021
1010 1022
1010 1025
1010 1026
1010 1028
1010 1029
1010 1033
1010 1037
1010 1058
1011 1013
1011 1014
1011 1019
1011 1021
1011 1026
1011 1027
1011 1042
1011 1047
1011 1059
1012 1018
1012 1020
1012 1021
1012 1022
1012 1025
1012 1027
1012 1028
1012 1029
1013 1038
1013 1055
1013 1056
1013 1057
1014 1038
1014 1056
1014 1057
1015 1016
1015 1021
1015 1022
1015 1023
1015 1025
1015 1028
1015 1029
1015 1032
1016 1020
1016 1022
1016 1025
1017 1018
1017 1020
1017 1021
1017 1028
1017 1029
1018 1021
1018 1028
1018 1029
102 108
102 154
102 181
102 220
1020 1021
1020 1023
1020 1024
1020 1028
1020 1029
1021 1022
1021 1023
1021 1025
1021 1029
1022 1025
1022 1028
1022 1029
1023 1024
1023 1025
1023 1028
1025 1026
1026 1054
1027 1035
1027 1051
1028 1029
103 104
103 105
1030 1031
1031 1032
1033 1034
1033 1035
1033 1036
1034 1036
1035 1038
1035 1052
1037 1038
1037 1039
1037 1040
1039 1041
104 106
104 108
104 109
104 110
104 111
104 155
104 166
1040 1043
1040 1044
1041 1048
1041 1049
1042 1050
1042 1051
1044 1047
1045 1046
1045 1058
1046 1051
1047 1048
105 113
105 118
105 1223
105 1227
105 141
105 289
105 290
105 397
105 423
105 454
105 671
105 672
105 673
105 674
105 722
105 745
105 877
105 878
1052 1053
1052 1058
1053 1058
1054 1055
1056 1057
106 107
1061 1068
1061 1069
1061 1070
1061 1071
1061 1072
1061 1073
1061 1074
1061 1075
1062 1063
1062 1266
1062 1268
1062 1271
1062 1291
1063 1271
1064 1065
1064 1066
1065 1066
1068 1069
1068 1070
1068 1072
1068 1075
1069 1070
1069 1071
1069 1073
1069 1074
1069 1075
1069 1076
1069 1077
1069 1078
1069 1079
1069 1121
1069 1122
1069 1124
1069 1177
107 112
107 413
1070 1075
1070 1076
1070 1077
1070 1078
1070 1079
1070 1121
1070 1145
1070 1157
1070 1177
1070 1179
1070 1180
1070 1181
1070 1192
1071 1072
1071 1078
1071 1081
1071 1082
1071 1088
1071 1100
1071 1105
1071 1111
1071 1113
1071 1121
1071 1132
1071 1151
1071 1159
1071 1174
1071 1176
1072 1073
1072 1074
1072 1078
1072 1121
1072 1142
1072 1157
1072 1175
1072 1177
1073 1074
1073 1078
1073 1100
1073 1105
1073 1111
1073 1113
1073 1121
1073 1124
1073 1132
1073 1151
1073 1162
1073 1170
1073 1174
1074 1078
1074 1088
1074 1100
1074 1105
1074 1111
1074 1113
1074 1121
1074 1124
1074 1132
1074 1151
1075 1078
1075 1090
1075 1100
1075 1103
1075 1105
1075 1106
1075 1107
1075 1109
1075 1111
1075 1114
1075 1121
1075 1138
1075 1157
1075 1177
1076 1077
1076 1079
1076 1080
1077 1079
1077 1143
1077 1182
1078 1142
1078 1152
1078 1157
1079 1133
1079 1154
108 109
108 139
108 140
108 154
108 156
108 166
108 210
108 216
108 220
108 338
108 339
108 340
108 345
108 424
1080 1081
1081 1082
1082 1309
1083 1128
1083 1129
1083 1137
1084 1350
1085 1219
1086 1087
1087 1089
1087 1096
1087 1122
1088 1089
1088 1092
1088 1095
1088 1096
1088 1097
1088 1098
1088 1122
1088 1124
1089 1092
1089 1093
1089 1094
1089 1095
1089 1113
1089 1162
109 110
109 153
109 154
109 155
109 156
109 341
109 377
1090 1121
1090 1124
1090 1129
1090 1151
1090 1155
1090 1177
1090 1178
1091 1121
1091 1124
1091 1177
1091 1178
1092 1122
1093 1094
1093 1095
1093 1122
1094 1096
1094 1122
1095 1096
1095 1097
1095 1098
1096 1099
1096 1100
1096 1101
1096 1104
1096 1105
1096 1108
1096 1109
1096 1128
1096 1130
1097 1098
1097 1111
1097 1114
1097 1115
1097 1124
1097 1126
1098 1124
1098 1125
1099 1100
11 16
110 123
110 124
110 139
110 148
110 149
110 153
110 154
110 155
110 156
110 179
110 260
110 275
110 284
110 299
110 337
110 338
110 340
110 442
110 447
110 449
110 528
110 530
1100 1102
1100 1103
1100 1106
1101 1104
1101 1106
1101 1107
1101 1110
1101 1120
1101 1122
1102 1103
1104 1106
1104 1110
1104 1118
1104 1119
1105 1107
1105 1108
1105 1109
1106 1107
1106 1113
1106 1116
1106 1117
1106 1118
1107 1110
1107 1111
1107 1113
1107 1117
1107 1118
1107 1119
1107 1120
1107 1121
1108 1109
1108 1118
111 1159
111 1165
111 1254
111 127
111 1304
111 1331
111 1352
111 1355
111 1356
111 1358
111 1359
111 155
111 156
111 169
111 183
111 192
111 228
111 450
111 453
111 456
111 554
111 607
111 632
111 648
111 717
111 754
111 767
111 774
111 782
111 783
111 784
111 785
111 786
111 787
111 788
111 789
111 790
111 791
111 792
111 793
111 794
111 795
111 805
111 808
111 809
111 810
111 812
111 813
111 815
111 818
111 828
111 894
111 944
111 961
1110 1118
1110 1119
1111 1112
1111 1113
1111 1114
1111 1115
1111 1116
1112 1114
1113 1117
1113 1134
1113 1158
1113 1159
1113 1160
1113 1161
1113 1162
1113 1163
1113 1164
1113 1165
1113 1166
1113 1167
1113 1168
1113 1169
1114 1115
1117 1159
1117 1162
1117 1169
1119 1120
112 113
112 114
112 115
112 116
112 166
1121 1141
1121 1143
1121 1177
1121 1178
1121 1180
1128 1130
1129 1139
1129 1140
1129 1151
113 114
1130 1134
1130 1139
1131 1132
1131 1170
1132 1162
1132 1170
1133 1151
1133 1154
1133 1155
1133 1189
1134 1162
1134 1163
1135 1137
1136 1163
1136 1173
1137 1138
1137 1139
1137 1140
1138 1139
1138 1140
1139 1140
1139 1152
1139 1178
114 117
1140 1152
1140 1155
1141 1142
1141 1143
1142 1143
1144 1145
1145 1147
1145 1179
1145 1186
1145 1187
1145 1188
1147 1187
1147 1188
1148 1149
1148 1151
1148 1154
1148 1190
1148 1191
1149 1150
1149 1151
1149 1154
1149 1181
1149 1191
115 117
115 119
115 158
115 181
115 404
1150 1190
1151 1153
1151 1154
1151 1155
1151 1156
1151 1182
1151 1189
1151 1190
1151 1191
1151 1193
1151 1194
1152 1157
1153 1157
1153 1158
1154 1155
1154 1156
1154 1182
1154 1187
1154 1188
1154 1189
1154 1190
1154 1191
1154 1192
1154 1193
1154 1194
1155 1156
1156 1182
1156 1183
116 348
1162 1163
117 118
117 120
117 121
117 166
117 419
1171 1172
1171 1173
1175 1176
1177 1178
1179 1184
118 119
1180 1181
1180 1192
1180 1193
1183 1184
1183 1185
1183 1186
1184 1185
1184 1186
1186 1188
1186 1189
1187 1188
1189 1193
1189 1194
119 122
119 124
119 166
1190 1191
1191 1194
1195 1196
1195 1197
1195 1198
1195 1200
1195 1201
1195 1209
1195 1218
1195 1219
1196 1218
1196 1219
1197 1199
1197 1200
1197 1201
1197 1202
1197 1203
1197 1204
1197 1205
1197 1206
1197 1207
1197 1208
1197 1209
1197 1210
1197 1217
1198 1200
1198 1201
1198 1203
1198 1210
1198 1216
1198 1217
1199 1200
1199 1201
1199 1209
1199 1218
1199 1219
12 1050
12 1054
12 1197
12 1200
12 1201
12 1218
12 1219
12 1360
12 16
12 166
12 18
12 192
12 20
12 211
12 212
12 213
12 22
12 36
12 37
12 40
12 456
12 469
12 476
12 617
12 690
12 708
12 75
12 772
12 933
12 935
12 944
12 946
12 961
12 969
12 976
12 983
12 984
12 985
12 986
120 121
120 148
120 160
120 216
120 284
120 300
120 419
120 421
120 422
1200 1201
1200 1202
1200 1203
1200 1204
1200 1205
1200 1206
1200 1207
1200 1208
1200 1209
1201 1202
1201 1203
1201 1204
1201 1205
1201 1206
1201 1207
1201 1208
1201 1209
1201 1216
1201 1217
1202 1203
1202 1208
1202 1209
1202 1211
1203 1209
1203 1210
1203 1216
1203 1217
1204 1205
1204 1209
1204 1218
1204 1219
1205 1209
1205 1215
1205 1216
1205 1218
1205 1219
1206 1211
1206 1218
1206 1219
1207 1210
1207 1217
1207 1218
1207 1219
1208 1209
1208 1218
1208 1219
1209 1210
1209 1211
1209 1212
1209 1213
1209 1214
121 160
121 166
121 208
121 300
121 419
121 423
1211 1219
1213 1214
1213 1215
1214 1215
122 123
1220 1221
1222 1234
1222 1252
1223 1225
1223 1226
1223 1227
1223 1228
1223 1229
1223 1230
1224 1237
1225 1231
1225 1232
1226 1227
1226 1228
1226 1229
1226 1230
1226 1233
1226 1237
1226 1246
1227 1228
1227 1229
1227 1230
1227 1236
1227 1243
1227 1244
1228 1229
1228 1230
1228 1246
1228 1247
1229 1233
1229 1237
1229 1243
123 126
123 135
123 136
123 137
123 138
123 139
123 140
123 141
123 144
123 159
123 299
123 338
123 414
123 415
123 416
123 422
123 429
123 452
1230 1232
1230 1233
1230 1237
1231 1232
1231 1233
1231 1234
1232 1237
1233 1235
1233 1236
1233 1237
1233 1238
1233 1239
1234 1239
1234 1252
1235 1236
1236 1237
1236 1238
1236 1240
1236 1241
1236 1242
1237 1238
1238 1240
1238 1242
1239 1241
1239 1252
124 1108
124 1264
124 1265
124 127
124 128
124 1358
124 1359
124 148
124 149
124 166
124 167
124 168
124 192
124 204
124 230
124 273
124 279
124 282
124 294
124 337
124 371
124 439
124 440
124 535
124 540
124 545
124 546
124 547
124 555
124 557
124 561
124 564
124 568
124 571
124 573
124 578
124 583
124 585
124 586
124 587
124 591
124 595
124 597
124 599
124 603
124 604
124 649
124 662
124 665
124 681
124 706
124 707
124 728
124 729
124 731
124 732
124 737
124 799
124 800
124 814
124 816
124 823
124 831
124 880
124 894
124 922
124 987
1241 1245
1241 1252
1242 1252
1243 1244
1243 1245
1244 1361
1245 1251
1245 1252
1247 1248
1248 1249
125 126
125 127
1251 1252
1252 1361
1252 1362
1253 1255
1253 1256
1253 1257
1253 1258
1253 1259
1253 1260
1253 1261
1253 1327
1254 1335
1255 1283
1255 1285
1256 1285
1256 1286
1256 1287
1257 1258
1257 1265
1257 1324
1258 1265
1258 1287
1258 1327
126 128
126 129
126 340
126 369
126 372
126 375
126 380
126 381
1262 1263
1262 1264
1263 1265
1266 1267
1266 1268
1266 1269
1266 1270
1266 1271
1266 1291
1267 1268
1267 1269
1267 1270
1267 1271
1267 1283
1267 1284
1267 1290
1267 1291
1268 1269
1268 1270
1268 1271
1268 1284
1268 1290
1268 1291
1269 1270
1269 1271
1269 1291
1269 1292
1269 1303
1269 1305
1269 1306
1269 1307
1269 1308
127 1274
127 1276
127 128
127 1280
127 1309
127 1312
127 1318
127 1319
127 132
127 1320
127 1321
127 1322
127 1323
127 1324
127 1325
127 1326
127 1328
127 141
127 160
127 169
127 213
127 228
127 266
127 318
127 357
127 367
127 436
127 453
127 464
127 608
127 675
127 677
127 680
127 682
127 697
127 746
127 774
127 775
127 776
127 777
127 778
127 779
127 780
127 781
127 782
127 783
127 784
127 785
127 786
127 787
127 788
127 789
127 790
127 791
127 792
127 793
127 794
127 795
127 800
127 889
127 892
127 894
127 902
127 903
127 904
127 905
127 906
127 907
127 908
127 909
127 910
127 929
1270 1283
1270 1284
1270 1291
1271 1284
1271 1290
1271 1291
1271 1292
1273 1274
1275 1276
1276 1277
1277 1278
1278 1279
1279 1280
128 1228
128 1262
128 129
128 148
128 158
128 174
128 175
128 364
128 365
128 366
128 369
128 371
128 372
128 377
128 379
128 380
128 381
128 398
128 400
128 532
128 680
128 682
128 698
128 723
1280 1281
1282 1288
1283 1284
1285 1286
1286 1287
1288 1294
1290 1291
1291 1292
1291 1300
1291 1303
1291 1304
1293 1294
1293 1295
1293 1296
1294 1295
1294 1296
1294 1297
1294 1298
1294 1299
1295 1296
1296 1297
1296 1298
1296 1299
1296 1300
1296 1301
1296 1302
1298 1299
1299 1300
13 102
13 108
13 110
13 154
13 155
13 156
13 161
13 166
13 169
13 213
13 216
13 223
13 226
13 234
13 276
13 338
13 34
13 340
13 352
13 354
13 36
13 360
13 392
13 417
13 457
13 458
13 493
13 502
130 131
130 132
1303 1305
1303 1306
1303 1307
1303 1308
131 1009
131 1083
131 1113
131 1162
131 1199
131 1204
131 1208
131 1333
131 1340
131 1355
131 1356
131 167
131 168
131 463
131 517
131 534
131 536
131 538
131 539
131 549
131 550
131 569
131 572
131 574
131 576
131 579
131 582
131 584
131 586
131 588
131 590
131 592
131 605
131 622
131 644
131 879
131 894
131 938
131 944
131 967
131 969
131 970
131 981
131 990
1310 1311
1310 1313
1310 1314
1310 1355
1310 1356
1311 1314
1311 1355
1311 1356
1312 1315
1313 1314
1313 1356
1314 1356
1315 1316
1318 1319
132 133
132 134
1320 1321
1320 1328
1321 1325
1322 1324
1323 1326
1326 1352
1335 1336
1336 1360
1337 1338
1337 1339
1337 1340
1337 1341
1338 1339
1338 1342
1339 1340
1339 1341
1339 1342
1339 1343
1339 1344
1339 1346
1339 1347
1339 1348
1339 1349
1339 1351
1340 1341
1340 1342
1340 1344
1340 1346
1340 1351
1341 1342
1341 1343
1341 1344
1341 1345
1341 1346
1341 1347
1341 1348
1341 1349
1341 1350
1341 1351
1342 1343
1343 1344
1343 1349
1344 1345
1344 1346
1345 1348
1345 1351
1347 1348
1347 1349
1349 1350
135 136
135 137
135 138
135 139
135 140
135 284
135 299
135 338
135 344
135 414
135 415
135 429
135 434
1353 1354
1355 1356
1356 1357
1358 1359
136 137
136 154
136 166
136 299
136 340
136 344
136 369
136 372
136 380
136 381
136 414
136 415
136 429
136 458
1361 1362
1363 1364
1364 1365
1366 1367
137 138
137 139
137 140
137 457
138 174
138 299
138 338
138 344
138 414
138 429
139 144
139 146
139 156
139 165
139 174
139 175
139 216
139 273
139 275
139 299
139 303
139 305
139 310
139 321
139 324
139 330
139 333
139 337
139 338
139 340
139 343
139 344
139 345
139 347
139 351
139 414
139 416
139 422
139 429
139 452
139 456
139 460
139 528
139 530
14 101
14 1220
14 1222
14 1226
14 1228
14 1231
14 1232
14 1233
14 1234
14 1236
14 1237
14 1238
14 1239
14 1241
14 1242
14 1243
14 1244
14 1245
14 1251
14 1252
14 1315
14 1316
14 1335
14 1360
14 1361
14 1362
14 144
14 148
14 156
14 164
14 167
14 168
14 173
14 18
14 202
14 280
14 345
14 351
14 352
14 37
14 416
14 422
14 475
14 476
14 553
14 582
14 607
14 723
14 730
14 745
14 77
14 905
14 915
14 97
140 148
140 170
140 273
140 274
140 275
140 277
140 284
140 285
140 299
140 301
140 303
140 305
140 306
140 310
140 316
140 321
140 322
140 323
140 324
140 330
140 333
140 336
140 337
140 338
140 344
140 353
140 402
140 414
140 415
140 429
140 443
141 1356
141 289
141 290
141 397
141 671
141 672
141 673
141 674
141 690
141 722
144 145
144 146
144 147
144 148
144 149
145 1333
145 1334
145 1350
145 156
145 166
145 171
145 178
145 457
145 462
145 470
145 475
145 476
145 479
145 481
145 507
145 527
145 528
145 530
146 162
146 166
146 174
146 175
146 178
146 179
146 221
146 223
146 225
146 226
146 234
146 235
146 238
146 242
146 244
146 299
146 327
146 337
146 340
146 345
146 347
146 368
146 416
146 418
146 422
146 425
146 435
146 460
147 156
147 166
147 177
147 182
147 223
147 226
147 234
147 416
147 422
148 149
148 157
148 166
148 170
148 180
148 202
148 212
148 271
148 272
148 273
148 275
148 281
148 284
148 286
148 287
148 295
148 296
148 297
148 338
148 345
148 416
148 422
149 166
149 170
149 216
149 271
149 295
149 297
149 416
149 422
15 101
15 107
15 116
15 139
15 144
15 156
15 158
15 166
15 179
15 218
15 219
15 268
15 296
15 312
15 347
15 37
15 394
15 413
15 416
15 422
15 449
15 456
15 457
15 458
15 92
15 96
150 151
150 152
151 1158
151 1249
151 1317
151 152
151 198
151 209
151 217
151 218
151 426
151 427
151 465
151 672
151 676
151 678
151 724
151 734
151 735
151 736
151 740
151 746
151 747
151 748
151 861
151 926
151 936
151 978
152 1158
152 1249
152 1256
152 1258
152 1262
152 1265
152 1286
152 1287
152 1317
152 198
152 209
152 211
152 212
152 217
152 218
152 289
152 290
152 291
152 397
152 426
152 427
152 465
152 553
152 646
152 649
152 671
152 672
152 673
152 674
152 676
152 678
152 707
152 718
152 719
152 720
152 721
152 722
152 723
152 724
152 725
152 726
152 727
152 728
152 729
152 730
152 731
152 732
152 733
152 734
152 735
152 736
152 737
152 738
152 739
152 740
152 741
152 742
152 743
152 744
152 811
152 822
152 832
152 833
152 851
152 926
152 936
152 978
153 154
154 155
154 161
154 175
154 340
154 370
155 156
156 163
156 164
156 166
156 171
156 173
156 180
156 204
156 210
156 215
156 216
156 220
156 350
156 465
156 466
157 166
157 207
157 412
158 166
158 414
158 416
158 418
159 165
159 166
159 296
159 394
159 459
159 460
160 166
160 337
160 419
160 437
160 457
160 458
161 166
161 340
161 356
161 357
161 359
161 361
161 362
161 392
161 395
161 396
162 199
162 222
162 231
162 233
162 238
162 240
162 241
162 242
162 243
162 244
163 1071
163 1106
163 1107
163 1118
163 1119
163 1123
163 1124
163 1127
163 1176
163 1240
163 1253
163 1255
163 1256
163 1257
163 1258
163 1259
163 1265
163 1335
163 1336
163 171
163 173
163 202
163 204
163 213
163 260
163 450
163 463
163 472
163 497
163 553
163 682
163 742
163 743
163 747
163 748
163 811
163 817
163 822
163 824
163 827
163 830
163 834
163 851
163 925
163 972
163 997
164 213
164 287
165 260
165 261
165 287
165 349
165 350
166 179
166 181
166 183
166 190
166 193
166 202
166 205
166 208
166 210
166 213
166 215
166 216
166 223
166 224
166 225
166 226
166 228
166 250
166 251
166 264
166 271
166 284
166 287
166 296
166 300
166 344
166 394
166 404
166 419
166 424
166 428
166 449
166 462
166 463
166 464
167 1009
167 1214
167 168
167 197
167 212
167 463
167 536
167 538
167 539
167 547
167 549
167 553
167 557
167 582
167 590
167 594
167 620
167 922
168 1214
168 197
168 212
168 463
168 536
168 539
168 540
168 546
168 547
168 549
168 553
168 557
168 558
168 595
168 620
169 416
17 100
17 112
17 116
17 117
17 119
17 120
17 121
17 127
17 147
17 156
17 157
17 158
17 160
17 162
17 166
17 169
17 179
17 205
17 210
17 213
17 216
17 226
17 27
17 296
17 300
17 345
17 350
17 39
17 394
17 419
17 424
17 441
17 456
17 457
17 458
17 80
170 270
170 271
170 273
170 275
170 279
170 294
170 338
171 172
171 180
171 204
171 206
171 207
171 208
171 210
171 216
171 409
171 410
171 411
172 180
172 182
172 205
172 206
172 207
172 208
173 1231
173 1263
173 1335
173 1336
173 1341
173 1349
173 1360
173 192
173 905
174 175
174 340
174 343
174 353
174 355
174 358
174 363
174 364
174 366
174 367
174 368
174 369
174 372
174 373
174 374
174 375
174 376
174 380
174 382
174 391
174 398
175 340
175 343
175 353
175 355
175 358
175 364
175 366
175 367
175 368
175 369
175 372
175 373
175 374
175 375
175 376
175 380
175 381
176 177
177 180
177 182
179 454
179 455
18 1000
18 1009
18 1021
18 1054
18 1055
18 1057
18 1071
18 1081
18 1135
18 1137
18 1138
18 1139
18 1176
18 1214
18 1268
18 1269
18 127
18 1291
18 130
18 1331
18 1339
18 1340
18 1342
18 1348
18 1349
18 1350
18 1351
18 1355
18 1356
18 1360
18 148
18 156
18 166
18 167
18 168
18 171
18 192
18 205
18 210
18 212
18 338
18 39
18 424
18 441
18 452
18 457
18 458
18 464
18 477
18 498
18 513
18 529
18 570
18 578
18 579
18 582
18 587
18 597
18 600
18 601
18 706
18 75
18 76
18 80
18 805
18 855
18 86
18 860
18 861
18 868
18 869
18 870
18 871
18 872
18 88
18 880
18 886
18 89
18 894
18 897
18 90
18 900
18 909
18 91
18 910
18 913
18 916
18 918
18 922
18 923
18 933
18 944
18 945
18 946
18 952
18 955
18 961
18 965
18 967
18 968
18 977
18 979
18 983
180 182
180 268
181 221
181 346
183 184
183 185
183 186
183 187
183 188
183 189
183 190
184 186
184 187
184 190
185 186
185 189
185 199
186 187
186 188
186 189
186 190
186 191
186 192
186 193
186 194
186 195
186 196
186 197
186 198
186 199
186 200
186 201
186 241
186 242
186 244
186 245
187 188
187 190
187 201
187 223
187 226
187 234
187 241
187 242
187 244
187 245
188 190
188 245
19 1064
19 1067
19 1071
19 1082
19 1113
19 1138
19 1162
19 1214
19 1254
19 1255
19 1265
19 1331
19 1335
19 1336
19 1350
19 173
19 192
19 21
19 266
19 300
19 37
19 371
19 463
19 501
19 599
19 710
19 748
19 805
19 89
19 90
19 901
19 906
19 959
19 983
190 193
190 201
190 203
191 194
191 195
191 196
191 212
191 498
191 611
191 613
191 614
192 1050
192 1054
192 1055
192 1360
192 196
192 477
192 521
192 532
192 690
192 691
192 703
192 706
192 707
192 708
192 709
192 803
192 804
192 834
192 897
192 983
193 1197
193 1200
193 1201
193 1204
193 1208
193 1218
193 1219
193 1336
193 463
193 536
193 537
193 541
193 542
193 543
193 544
193 546
193 552
193 558
193 580
193 593
193 596
193 597
193 599
193 602
193 649
193 661
193 990
194 1035
194 1053
194 196
194 498
194 606
194 638
195 1035
195 1053
195 498
195 610
195 613
195 625
195 645
196 1015
196 1050
196 1054
196 1055
196 1178
196 201
196 469
196 475
196 476
196 477
196 498
196 697
196 804
196 983
197 1339
197 1340
197 544
197 549
197 550
197 582
197 612
197 619
197 984
197 985
198 1011
198 1121
198 1132
198 1170
198 1177
198 1253
198 717
199 200
199 201
199 202
199 226
2 10
2 11
2 12
2 13
2 16
2 19
2 20
2 205
2 21
2 22
20 1071
20 1083
20 1088
20 1095
20 1113
20 1162
20 1197
20 1199
20 1200
20 1201
20 1204
20 1208
20 1218
20 1219
20 124
20 130
20 131
20 1331
20 1334
20 1336
20 1350
20 1356
20 1360
20 148
20 192
20 194
20 195
20 22
20 463
20 469
20 476
20 498
20 532
20 533
20 535
20 536
20 539
20 544
20 545
20 551
20 568
20 571
20 573
20 575
20 578
20 583
20 585
20 587
20 589
20 591
20 595
20 599
20 604
20 607
20 622
20 661
20 75
20 77
20 805
20 879
20 894
20 922
20 939
20 944
20 961
20 967
20 970
20 981
20 990
200 201
200 203
200 204
201 202
201 204
202 1071
202 1081
202 1082
202 1174
202 1176
202 1195
202 1197
202 1200
202 1206
202 1209
202 1211
202 1221
202 1253
202 1255
202 1256
202 1257
202 1258
202 1259
202 1265
202 1285
202 1286
202 1287
202 1327
202 1352
202 213
202 260
202 275
202 287
202 338
202 450
202 463
202 497
202 723
202 742
202 748
202 835
202 861
202 869
202 880
202 897
202 922
202 939
202 944
202 945
202 947
202 970
202 972
202 979
204 1088
204 1095
204 1096
204 1107
204 1122
204 1123
204 1174
204 1254
204 1262
204 1265
204 1266
204 1268
204 1269
204 1291
204 1360
204 213
204 223
204 230
204 241
204 242
204 244
204 371
204 450
204 472
204 682
204 810
204 814
204 816
204 823
204 831
204 849
204 861
204 869
204 872
204 880
204 939
204 941
204 944
204 945
204 947
204 949
204 950
204 959
204 977
204 979
205 209
205 211
205 212
205 213
206 207
208 300
208 423
208 424
209 210
21 1000
21 1088
21 1095
21 1096
21 111
21 1119
21 1254
21 1255
21 1256
21 1327
21 163
21 204
21 213
21 223
21 371
21 450
21 472
21 474
21 475
21 476
21 486
21 489
21 491
21 495
21 500
21 607
21 630
21 769
21 808
21 810
21 811
21 813
21 814
21 816
21 818
21 819
21 821
21 822
21 823
21 824
21 826
21 827
21 828
21 829
21 831
21 832
21 833
21 834
21 850
21 851
21 904
21 906
21 925
210 214
210 215
210 216
210 217
210 218
211 1173
211 212
211 617
211 635
211 772
211 945
211 947
211 948
211 949
211 977
211 979
212 1159
212 1331
212 1334
212 269
212 464
212 543
212 548
212 578
212 579
212 582
212 597
212 607
212 615
212 616
212 617
212 618
212 805
212 880
212 894
213 1001
213 1095
213 1177
213 1253
213 1254
213 1261
213 1265
213 1285
213 1293
213 1294
213 1296
213 1301
213 1352
213 1355
213 1356
213 220
213 351
213 369
213 372
213 380
213 450
213 456
213 457
213 458
213 476
213 553
213 554
213 607
213 649
213 705
213 707
213 728
213 729
213 731
213 732
213 737
213 741
213 745
213 767
213 804
213 809
213 813
213 814
213 816
213 817
213 818
213 826
213 828
213 829
213 832
213 834
213 850
213 853
213 856
213 868
213 869
213 871
213 876
213 880
213 925
213 929
213 946
213 987
215 216
215 264
215 268
215 269
216 298
216 300
219 220
22 1003
22 1007
22 1013
22 1014
22 1015
22 1019
22 1027
22 1030
22 1031
22 1032
22 1035
22 1040
22 1041
22 1042
22 1043
22 1044
22 1045
22 1046
22 1047
22 1048
22 1049
22 1051
22 1053
22 1057
22 1069
22 1071
22 1076
22 1083
22 1113
22 1120
22 1123
22 1126
22 1162
22 1178
22 130
22 131
22 1330
22 1331
22 1333
22 1334
22 1336
22 1342
22 1350
22 1351
22 1355
22 1356
22 1360
22 148
22 183
22 186
22 187
22 190
22 191
22 192
22 193
22 194
22 195
22 197
22 205
22 212
22 245
22 292
22 39
22 41
22 448
22 456
22 463
22 469
22 475
22 476
22 477
22 498
22 533
22 534
22 535
22 536
22 537
22 538
22 539
22 540
22 541
22 542
22 544
22 545
22 546
22 547
22 548
22 549
22 550
22 551
22 552
22 555
22 556
22 560
22 561
22 562
22 563
22 564
22 565
22 566
22 567
22 568
22 569
22 570
22 571
22 572
22 573
22 574
22 575
22 576
22 577
22 578
22 579
22 580
22 581
22 582
22 583
22 584
22 585
22 586
22 587
22 588
22 589
22 591
22 592
22 593
22 594
22 595
22 596
22 597
22 598
22 599
22 600
22 601
22 602
22 603
22 604
22 605
22 606
22 607
22 609
22 610
22 611
22 612
22 617
22 618
22 619
22 620
22 622
22 623
22 624
22 626
22 627
22 628
22 629
22 630
22 631
22 632
22 633
22 634
22 635
22 636
22 637
22 638
22 639
22 642
22 644
22 645
22 647
22 649
22 661
22 750
22 76
22 80
22 805
22 84
22 861
22 880
22 894
22 918
22 922
22 923
22 924
22 925
22 937
22 938
22 939
22 940
22 942
22 944
22 945
22 946
22 947
22 952
22 954
22 955
22 957
22 961
22 967
22 968
22 969
22 970
22 974
22 975
22 977
22 979
22 981
22 983
22 989
22 992
22 997
22 998
22 999
220 339
220 345
220 425
220 452
221 222
222 223
223 224
223 225
223 226
223 227
223 228
223 229
223 234
224 225
224 226
224 229
225 226
225 229
225 230
225 231
226 227
226 228
226 229
226 232
226 233
226 234
227 232
227 233
227 234
227 235
227 236
227 237
228 229
228 240
228 241
228 242
23 24
23 25
230 1262
230 1263
230 1265
230 1360
230 371
230 450
230 472
230 475
230 476
230 682
230 813
230 814
230 819
230 823
230 831
230 904
231 1238
231 1258
231 234
231 474
231 475
232 233
232 234
232 235
232 236
232 237
233 234
233 237
234 235
234 236
234 237
235 236
235 237
236 237
238 239
239 240
239 241
239 242
239 243
24 179
24 26
24 27
24 28
24 29
24 30
24 53
240 242
240 243
240 244
241 242
241 243
241 244
241 245
242 243
242 244
242 245
243 244
25 250
25 262
25 36
25 38
25 39
25 42
25 47
25 64
25 80
250 251
251 252
251 253
253 527
253 531
257 296
26 123
26 31
26 32
26 33
26 338
26 34
26 340
26 35
26 36
26 37
260 1220
260 1221
260 1226
260 1227
260 1228
260 1237
260 275
260 279
260 284
260 286
260 287
260 288
260 294
260 297
260 338
260 350
261 275
261 284
261 293
261 350
262 1266
262 1267
262 1268
262 1269
262 1271
262 1282
262 1283
262 1284
262 1290
262 1291
262 1292
262 1303
262 1305
262 1306
262 1307
262 1308
262 264
262 396
262 541
262 720
262 894
262 895
262 896
262 897
262 898
262 899
264 265
264 266
264 267
265 1266
265 1268
265 1269
265 1270
265 1282
265 1283
265 1284
265 1288
265 1289
265 1293
265 1294
265 1295
265 1296
265 1297
265 1300
265 1301
265 1302
265 392
265 417
265 472
265 740
265 806
265 808
265 809
265 818
265 826
265 828
265 829
265 832
265 850
265 863
265 865
265 879
265 883
265 896
265 897
266 1309
266 849
267 520
267 522
267 688
267 889
269 578
269 620
27 166
27 179
27 29
27 30
27 36
27 38
27 452
27 454
27 74
27 75
27 78
27 98
270 272
270 273
270 274
271 279
271 281
272 273
273 274
273 275
273 338
274 275
274 276
274 277
274 284
275 276
275 277
275 278
275 279
275 284
275 293
275 294
275 338
276 278
277 283
277 284
278 279
279 280
279 294
28 179
28 29
28 30
28 455
28 94
280 1222
280 286
280 297
281 282
282 283
282 284
284 1220
284 285
284 286
284 287
284 288
284 289
284 290
284 291
284 292
284 338
285 294
286 1221
287 288
288 1220
288 1221
289 1262
289 582
289 666
289 688
289 693
289 745
289 773
29 250
29 30
29 41
29 74
290 1262
290 582
290 666
290 694
290 723
290 806
290 861
290 877
291 1262
291 1265
291 1272
291 582
291 666
291 671
291 683
291 861
292 1220
292 1235
292 1247
292 1250
292 498
292 609
292 623
292 625
292 861
293 294
296 460
296 461
297 1223
297 1224
297 1225
297 1232
298 299
299 338
3 10
3 100
3 1000
3 1001
3 1002
3 1003
3 1004
3 1006
3 1007
3 1008
3 1009
3 101
3 1011
3 1012
3 1015
3 1016
3 1017
3 1018
3 1019
3 102
3 1020
3 1021
3 1023
3 1024
3 1025
3 1026
3 1027
3 103
3 1030
3 1031
3 1032
3 1034
3 1035
3 1036
3 1038
3 104
3 1040
3 1041
3 1042
3 1043
3 1044
3 1045
3 1046
3 1047
3 1048
3 1049
3 105
3 1050
3 1051
3 1052
3 1054
3 1055
3 1057
3 106
3 1061
3 1064
3 1066
3 1068
3 1069
3 107
3 1071
3 1072
3 1073
3 1074
3 1075
3 1076
3 1077
3 1078
3 1079
3 108
3 1080
3 1081
3 1082
3 1084
3 1085
3 1086
3 1087
3 1088
3 1089
3 109
3 1090
3 1091
3 1092
3 1093
3 1094
3 1095
3 1096
3 1097
3 1098
3 1099
3 110
3 1100
3 1101
3 1102
3 1103
3 1104
3 1105
3 1106
3 1107
3 1108
3 1109
3 111
3 1110
3 1111
3 1112
3 1113
3 1114
3 1115
3 1116
3 1117
3 1118
3 112
3 1120
3 1121
3 1122
3 1123
3 1124
3 1125
3 1126
3 1128
3 1129
3 113
3 1130
3 1131
3 1132
3 1133
3 1134
3 1135
3 1136
3 1137
3 1138
3 1139
3 114
3 1140
3 1145
3 1147
3 1148
3 1149
3 115
3 1150
3 1151
3 1152
3 1153
3 1155
3 1156
3 1157
3 1158
3 1159
3 116
3 1160
3 1162
3 1163
3 1165
3 1166
3 1168
3 1169
3 117
3 1170
3 1172
3 1173
3 1174
3 1175
3 1176
3 1177
3 1178
3 1179
3 118
3 1180
3 1181
3 1182
3 1184
3 1185
3 1186
3 1187
3 1188
3 1189
3 119
3 1190
3 1191
3 1192
3 1193
3 1194
3 1195
3 1197
3 1198
3 12
3 120
3 1200
3 1201
3 1206
3 1207
3 1209
3 121
3 1211
3 1214
3 1215
3 1218
3 122
3 1220
3 1221
3 1222
3 1223
3 1224
3 1225
3 1226
3 1227
3 1228
3 1229
3 123
3 1230
3 1231
3 1232
3 1233
3 1234
3 1235
3 1236
3 1237
3 1238
3 1239
3 124
3 1240
3 1241
3 1242
3 1243
3 1244
3 1245
3 1246
3 1247
3 1248
3 1249
3 125
3 1250
3 1251
3 1252
3 1253
3 1255
3 1256
3 1257
3 1258
3 1259
3 126
3 1260
3 1261
3 1262
3 1264
3 1265
3 1266
3 1269
3 127
3 1271
3 1272
3 1273
3 1274
3 1275
3 1276
3 1277
3 1278
3 1279
3 128
3 1280
3 1281
3 1282
3 1284
3 1285
3 1288
3 1289
3 129
3 1291
3 1293
3 1294
3 1295
3 1297
3 1299
3 13
3 130
3 1300
3 1301
3 1302
3 1304
3 1305
3 1306
3 1307
3 1308
3 1309
3 131
3 1312
3 1313
3 1314
3 1316
3 1317
3 1318
3 1319
3 132
3 1320
3 1321
3 1322
3 1323
3 1324
3 1325
3 1326
3 1327
3 1328
3 1329
3 133
3 1330
3 1331
3 1332
3 1335
3 1336
3 1337
3 1338
3 1339
3 134
3 1340
3 1341
3 1342
3 1344
3 1345
3 1346
3 1347
3 1348
3 1349
3 1350
3 1351
3 1352
3 1353
3 1354
3 1355
3 1356
3 1358
3 1360
3 1361
3 1362
3 1363
3 1365
3 1366
3 1367
3 137
3 139
3 14
3 140
3 141
3 142
3 143
3 144
3 146
3 147
3 148
3 149
3 15
3 150
3 151
3 153
3 154
3 155
3 156
3 157
3 158
3 159
3 160
3 162
3 163
3 164
3 166
3 167
3 168
3 169
3 17
3 170
3 171
3 172
3 173
3 174
3 175
3 176
3 177
3 178
3 179
3 18
3 180
3 181
3 182
3 183
3 186
3 187
3 188
3 189
3 190
3 192
3 193
3 194
3 195
3 196
3 197
3 198
3 20
3 201
3 202
3 203
3 204
3 205
3 208
3 209
3 210
3 211
3 212
3 213
3 214
3 215
3 216
3 217
3 218
3 219
3 22
3 220
3 222
3 223
3 225
3 226
3 228
3 229
3 230
3 231
3 232
3 234
3 235
3 236
3 237
3 238
3 239
3 241
3 242
3 243
3 244
3 245
3 25
3 251
3 252
3 253
3 254
3 255
3 256
3 257
3 258
3 259
3 26
3 260
3 261
3 263
3 264
3 265
3 266
3 267
3 268
3 27
3 270
3 271
3 272
3 273
3 274
3 275
3 276
3 277
3 278
3 279
3 28
3 280
3 282
3 284
3 285
3 286
3 287
3 288
3 289
3 290
3 291
3 292
3 293
3 294
3 295
3 296
3 297
3 298
3 299
3 30
3 300
3 301
3 302
3 303
3 304
3 305
3 306
3 308
3 309
3 31
3 310
3 311
3 312
3 313
3 314
3 315
3 316
3 317
3 318
3 319
3 320
3 321
3 322
3 323
3 324
3 325
3 326
3 327
3 328
3 329
3 330
3 331
3 332
3 333
3 334
3 335
3 336
3 337
3 338
3 339
3 34
3 340
3 342
3 343
3 344
3 345
3 346
3 347
3 348
3 349
3 35
3 351
3 353
3 354
3 356
3 357
3 358
3 359
3 36
3 360
3 362
3 363
3 364
3 365
3 366
3 367
3 369
3 37
3 371
3 372
3 373
3 374
3 375
3 376
3 377
3 378
3 379
3 38
3 380
3 381
3 382
3 383
3 384
3 385
3 386
3 387
3 388
3 389
3 39
3 390
3 391
3 392
3 393
3 394
3 395
3 396
3 397
3 398
3 399
3 40
3 400
3 402
3 403
3 404
3 405
3 406
3 407
3 408
3 409
3 41
3 411
3 412
3 413
3 414
3 415
3 416
3 417
3 418
3 419
3 42
3 420
3 421
3 422
3 423
3 424
3 425
3 426
3 427
3 428
3 429
3 43
3 430
3 431
3 432
3 433
3 434
3 435
3 436
3 437
3 439
3 44
3 441
3 443
3 444
3 445
3 446
3 448
3 449
3 45
3 450
3 451
3 452
3 453
3 454
3 455
3 456
3 457
3 458
3 459
3 46
3 460
3 461
3 462
3 463
3 464
3 465
3 466
3 468
3 469
3 47
3 474
3 475
3 476
3 477
3 479
3 48
3 481
3 485
3 486
3 487
3 488
3 489
3 49
3 491
3 494
3 495
3 496
3 497
3 498
3 499
3 5
3 50
3 500
3 501
3 502
3 503
3 504
3 505
3 507
3 51
3 511
3 512
3 513
3 514
3 515
3 516
3 517
3 519
3 52
3 520
3 521
3 522
3 523
3 524
3 525
3 526
3 527
3 528
3 529
3 53
3 530
3 531
3 532
3 533
3 534
3 535
3 537
3 538
3 54
3 540
3 542
3 543
3 544
3 545
3 546
3 548
3 549
3 55
3 550
3 551
3 552
3 553
3 554
3 555
3 556
3 557
3 558
3 56
3 566
3 567
3 568
3 569
3 57
3 570
3 571
3 572
3 573
3 574
3 575
3 576
3 577
3 578
3 579
3 580
3 581
3 582
3 583
3 584
3 585
3 586
3 587
3 588
3 589
3 590
3 591
3 592
3 593
3 594
3 595
3 596
3 597
3 598
3 599
3 6
3 600
3 601
3 602
3 603
3 604
3 605
3 607
3 608
3 609
3 611
3 612
3 613
3 614
3 615
3 617
3 618
3 619
3 620
3 621
3 622
3 623
3 624
3 626
3 627
3 628
3 629
3 630
3 631
3 632
3 633
3 634
3 635
3 636
3 637
3 638
3 639
3 640
3 642
3 643
3 644
3 645
3 646
3 647
3 648
3 649
3 661
3 662
3 663
3 664
3 665
3 666
3 667
3 671
3 672
3 673
3 674
3 675
3 676
3 677
3 678
3 680
3 681
3 682
3 683
3 684
3 685
3 688
3 689
3 690
3 691
3 693
3 694
3 695
3 697
3 698
3 699
3 7
3 700
3 701
3 702
3 703
3 704
3 705
3 706
3 707
3 708
3 709
3 710
3 711
3 712
3 713
3 714
3 715
3 716
3 717
3 718
3 722
3 723
3 724
3 725
3 726
3 727
3 728
3 729
3 730
3 731
3 732
3 733
3 734
3 735
3 736
3 737
3 738
3 739
3 740
3 741
3 744
3 745
3 746
3 747
3 748
3 749
3 75
3 750
3 751
3 752
3 753
3 754
3 755
3 756
3 757
3 758
3 759
3 76
3 760
3 761
3 762
3 763
3 764
3 765
3 766
3 767
3 768
3 769
3 77
3 770
3 771
3 772
3 773
3 774
3 775
3 776
3 777
3 778
3 779
3 78
3 780
3 781
3 782
3 783
3 784
3 785
3 786
3 787
3 788
3 789
3 79
3 790
3 791
3 792
3 793
3 794
3 795
3 796
3 797
3 798
3 799
3 80
3 800
3 801
3 802
3 804
3 805
3 806
3 807
3 808
3 809
3 81
3 810
3 813
3 814
3 815
3 816
3 817
3 818
3 819
3 82
3 820
3 821
3 822
3 823
3 824
3 825
3 826
3 827
3 828
3 829
3 83
3 830
3 831
3 832
3 833
3 834
3 835
3 836
3 837
3 838
3 839
3 84
3 840
3 841
3 842
3 843
3 844
3 845
3 846
3 847
3 848
3 849
3 85
3 850
3 851
3 852
3 853
3 854
3 858
3 86
3 861
3 862
3 864
3 865
3 866
3 867
3 87
3 873
3 874
3 875
3 876
3 877
3 878
3 879
3 88
3 880
3 881
3 882
3 883
3 884
3 885
3 886
3 887
3 889
3 89
3 891
3 892
3 894
3 896
3 897
3 898
3 90
3 900
3 901
3 902
3 903
3 904
3 905
3 906
3 907
3 908
3 909
3 91
3 910
3 911
3 912
3 913
3 914
3 915
3 916
3 917
3 918
3 919
3 92
3 920
3 921
3 922
3 923
3 924
3 925
3 926
3 928
3 929
3 930
3 931
3 932
3 933
3 934
3 935
3 936
3 937
3 938
3 939
3 940
3 941
3 942
3 944
3 945
3 946
3 947
3 95
3 950
3 951
3 952
3 953
3 954
3 955
3 957
3 958
3 959
3 961
3 962
3 963
3 964
3 965
3 966
3 967
3 968
3 969
3 97
3 970
3 971
3 972
3 973
3 974
3 975
3 976
3 977
3 978
3 979
3 980
3 981
3 983
3 984
3 985
3 987
3 988
3 989
3 99
3 990
3 991
3 992
3 993
3 994
3 995
3 996
3 997
3 998
3 999
30 36
30 38
30 41
30 42
30 58
300 419
300 420
300 421
301 320
301 324
302 303
303 304
303 305
303 306
303 307
303 311
303 313
303 314
303 316
303 331
303 332
303 333
303 334
303 335
303 336
304 305
305 306
305 307
305 310
305 316
305 321
305 324
305 330
305 333
305 336
305 337
306 307
307 310
307 315
307 316
307 317
307 321
307 322
307 323
307 324
307 327
307 330
307 333
307 336
307 337
307 338
31 166
31 38
31 39
31 40
310 311
311 312
311 321
311 322
311 323
311 324
311 327
311 330
311 669
311 752
311 897
314 315
315 317
317 318
317 323
318 321
32 33
32 338
32 34
32 35
32 81
32 97
33 174
33 175
337 425
337 436
338 339
338 340
338 341
338 342
338 343
338 344
34 108
34 123
34 126
34 128
34 135
34 136
34 137
34 138
34 166
34 174
34 175
34 213
34 299
34 340
34 341
34 343
34 344
34 353
34 354
34 356
34 359
34 36
34 360
34 361
34 364
34 366
34 369
34 37
34 372
34 373
34 374
34 375
34 376
34 380
34 381
34 383
34 392
34 393
34 395
34 414
34 429
34 77
34 78
340 341
340 343
340 344
340 345
340 353
340 356
340 363
340 364
340 367
340 368
340 369
340 370
340 371
340 372
340 373
340 374
340 375
340 376
340 380
340 381
340 452
341 353
341 356
341 357
341 358
341 373
341 374
341 375
341 376
342 343
342 371
342 396
342 399
342 400
342 402
342 403
343 355
343 360
343 364
343 368
343 371
343 399
343 400
343 401
343 403
344 461
345 346
346 347
346 348
347 348
347 413
349 684
35 101
35 123
35 126
35 135
35 137
35 139
35 163
35 170
35 202
35 299
35 338
35 340
35 341
35 342
35 344
35 353
35 355
35 358
35 37
35 373
35 374
35 375
35 376
35 401
35 402
35 403
35 414
35 429
35 450
35 451
350 351
350 352
351 352
353 354
353 355
353 356
353 357
354 358
354 359
354 360
354 361
354 362
355 357
355 358
355 367
355 373
355 374
355 375
355 376
356 357
356 359
356 361
356 373
356 374
357 369
357 373
358 363
359 360
359 361
359 362
359 383
359 393
36 1016
36 104
36 1061
36 1069
36 107
36 1072
36 1078
36 108
36 1084
36 1085
36 1088
36 1100
36 1101
36 1105
36 1108
36 1111
36 1113
36 1121
36 1123
36 1132
36 1145
36 1149
36 1151
36 1158
36 1159
36 116
36 1162
36 1166
36 1180
36 1184
36 1185
36 1186
36 1188
36 119
36 1221
36 1222
36 1226
36 1227
36 1228
36 123
36 1231
36 1234
36 1235
36 1236
36 1237
36 1238
36 1239
36 1240
36 1241
36 1242
36 1244
36 1245
36 1249
36 1251
36 1253
36 1254
36 1255
36 1256
36 1257
36 1258
36 1259
36 126
36 1262
36 1265
36 1268
36 1269
36 127
36 1271
36 1274
36 1276
36 1280
36 1282
36 1285
36 1286
36 1287
36 1288
36 129
36 1290
36 1291
36 1293
36 1294
36 130
36 1300
36 1304
36 1309
36 1312
36 1317
36 1318
36 1319
36 1320
36 1321
36 1322
36 1323
36 1324
36 1325
36 1326
36 1327
36 1329
36 1331
36 1342
36 1347
36 1348
36 1349
36 1351
36 1352
36 1355
36 1356
36 1358
36 1360
36 1361
36 1362
36 1366
36 141
36 147
36 148
36 150
36 151
36 155
36 156
36 157
36 158
36 159
36 160
36 163
36 166
36 170
36 171
36 173
36 174
36 177
36 179
36 180
36 186
36 192
36 193
36 202
36 204
36 205
36 209
36 210
36 211
36 212
36 215
36 216
36 217
36 218
36 220
36 226
36 230
36 234
36 273
36 274
36 275
36 279
36 280
36 282
36 287
36 294
36 296
36 306
36 324
36 340
36 341
36 347
36 353
36 356
36 358
36 360
36 363
36 364
36 365
36 366
36 369
36 37
36 371
36 372
36 373
36 374
36 375
36 376
36 377
36 378
36 380
36 381
36 382
36 384
36 39
36 391
36 394
36 397
36 398
36 404
36 414
36 419
36 42
36 426
36 427
36 428
36 429
36 43
36 44
36 443
36 45
36 450
36 452
36 453
36 457
36 458
36 46
36 463
36 464
36 465
36 469
36 47
36 476
36 48
36 49
36 497
36 50
36 51
36 52
36 521
36 522
36 528
36 53
36 530
36 533
36 534
36 537
36 54
36 540
36 542
36 55
36 550
36 552
36 553
36 554
36 555
36 573
36 574
36 577
36 583
36 584
36 585
36 586
36 591
36 593
36 595
36 596
36 597
36 598
36 602
36 603
36 604
36 605
36 607
36 608
36 618
36 621
36 639
36 643
36 645
36 648
36 649
36 676
36 678
36 685
36 688
36 689
36 695
36 698
36 707
36 722
36 723
36 724
36 727
36 728
36 729
36 730
36 731
36 732
36 734
36 735
36 736
36 737
36 738
36 739
36 740
36 741
36 742
36 743
36 745
36 747
36 748
36 76
36 767
36 772
36 774
36 775
36 776
36 777
36 778
36 779
36 780
36 781
36 79
36 80
36 804
36 805
36 808
36 809
36 81
36 810
36 811
36 812
36 813
36 814
36 815
36 816
36 818
36 82
36 822
36 826
36 827
36 828
36 829
36 830
36 832
36 833
36 85
36 850
36 851
36 861
36 862
36 865
36 866
36 867
36 868
36 87
36 871
36 872
36 873
36 874
36 876
36 880
36 883
36 887
36 891
36 894
36 897
36 91
36 915
36 916
36 917
36 918
36 92
36 921
36 922
36 925
36 926
36 931
36 932
36 935
36 936
36 944
36 945
36 946
36 95
36 950
36 951
36 952
36 955
36 961
36 962
36 965
36 967
36 968
36 971
36 972
36 974
36 976
36 977
36 978
36 979
36 983
36 985
36 987
36 995
360 361
360 362
360 376
361 362
361 383
361 392
361 393
361 395
361 396
362 372
362 383
362 393
363 364
363 365
363 366
363 367
363 380
364 365
364 366
364 369
364 372
364 379
364 380
364 381
364 382
364 391
364 393
364 398
365 366
365 373
365 380
365 382
366 369
366 383
366 385
366 386
366 387
366 388
366 389
366 390
366 391
366 398
367 391
367 398
368 370
369 384
369 393
369 397
37 1008
37 101
37 1012
37 1015
37 1016
37 1020
37 1023
37 1024
37 1027
37 1035
37 1036
37 1066
37 1071
37 1080
37 1081
37 1082
37 1096
37 1124
37 1125
37 1128
37 1130
37 1136
37 1137
37 1147
37 1184
37 1185
37 1186
37 1207
37 1220
37 1223
37 1224
37 1227
37 1228
37 1229
37 123
37 1230
37 1231
37 1232
37 1233
37 1236
37 1237
37 1240
37 1243
37 1253
37 1255
37 1256
37 1257
37 1258
37 1264
37 1327
37 1329
37 1347
37 1352
37 139
37 140
37 146
37 148
37 151
37 163
37 170
37 181
37 186
37 202
37 204
37 208
37 211
37 212
37 219
37 261
37 275
37 276
37 277
37 285
37 289
37 290
37 291
37 306
37 316
37 327
37 333
37 336
37 340
37 347
37 359
37 360
37 361
37 363
37 365
37 371
37 380
37 381
37 382
37 383
37 391
37 392
37 395
37 397
37 398
37 404
37 405
37 406
37 407
37 408
37 409
37 428
37 430
37 431
37 432
37 433
37 434
37 450
37 451
37 463
37 497
37 505
37 522
37 526
37 553
37 613
37 621
37 649
37 666
37 671
37 672
37 673
37 674
37 684
37 688
37 689
37 690
37 707
37 708
37 723
37 726
37 728
37 729
37 730
37 731
37 732
37 737
37 741
37 745
37 748
37 77
37 79
37 814
37 817
37 82
37 822
37 823
37 824
37 827
37 830
37 85
37 86
37 87
37 875
37 904
37 913
37 914
37 915
37 918
37 931
37 950
37 959
37 963
37 964
37 965
37 966
37 970
37 971
37 972
37 973
37 976
37 980
37 99
370 391
371 1259
371 1263
371 400
371 403
371 450
371 472
371 682
371 741
371 813
371 814
371 831
371 849
371 904
371 906
372 381
372 390
372 391
373 383
373 384
374 377
374 378
374 379
374 384
375 377
376 393
377 378
377 379
378 379
378 395
379 391
38 100
38 112
38 117
38 119
38 120
38 121
38 156
38 158
38 159
38 164
38 166
38 171
38 172
38 250
38 251
38 264
38 296
38 351
38 41
38 42
38 43
38 44
38 45
38 46
38 47
38 48
38 49
38 50
38 51
38 52
38 53
38 54
38 55
38 56
38 83
380 382
381 391
381 392
381 398
382 392
385 386
386 387
387 388
388 389
389 390
39 1003
39 1007
39 1017
39 1018
39 1019
39 1030
39 1031
39 1032
39 1040
39 1041
39 1042
39 1043
39 1044
39 1045
39 1046
39 1047
39 1048
39 1049
39 1051
39 1073
39 1074
39 1075
39 1079
39 1087
39 1089
39 1090
39 1091
39 1092
39 1093
39 1094
39 1098
39 1102
39 1108
39 111
39 1112
39 1117
39 1129
39 1131
39 1133
39 1134
39 1140
39 1163
39 124
39 125
39 1269
39 127
39 128
39 1309
39 1312
39 1318
39 1319
39 132
39 1320
39 1321
39 1322
39 1323
39 1324
39 1325
39 1326
39 1328
39 1330
39 1341
39 1349
39 141
39 148
39 167
39 168
39 169
39 188
39 196
39 197
39 198
39 203
39 213
39 228
39 231
39 265
39 266
39 267
39 292
39 295
39 301
39 311
39 318
39 357
39 367
39 40
39 411
39 436
39 445
39 446
39 448
39 450
39 453
39 520
39 523
39 556
39 57
39 608
39 609
39 611
39 612
39 617
39 619
39 620
39 622
39 623
39 624
39 626
39 627
39 628
39 629
39 630
39 631
39 632
39 633
39 634
39 635
39 636
39 637
39 638
39 642
39 644
39 647
39 663
39 664
39 665
39 667
39 675
39 677
39 680
39 682
39 683
39 693
39 694
39 695
39 697
39 700
39 701
39 702
39 703
39 704
39 705
39 709
39 717
39 746
39 749
39 750
39 751
39 752
39 753
39 754
39 755
39 756
39 757
39 758
39 759
39 760
39 761
39 762
39 763
39 764
39 765
39 766
39 767
39 768
39 769
39 77
39 770
39 771
39 772
39 773
39 774
39 775
39 776
39 777
39 778
39 779
39 78
39 780
39 781
39 782
39 783
39 784
39 785
39 786
39 787
39 788
39 789
39 790
39 791
39 792
39 793
39 794
39 795
39 796
39 797
39 798
39 80
39 800
39 801
39 806
39 807
39 820
39 825
39 835
39 836
39 837
39 838
39 839
39 84
39 840
39 841
39 842
39 843
39 844
39 845
39 846
39 847
39 848
39 852
39 853
39 875
39 889
39 891
39 892
39 896
39 897
39 900
39 902
39 903
39 904
39 905
39 906
39 907
39 908
39 909
39 910
39 919
39 924
39 927
39 928
39 929
39 937
39 940
39 957
39 975
39 989
39 998
39 999
394 457
394 459
395 398
396 402
396 403
397 1077
397 1122
397 1123
397 1124
397 1125
397 1126
397 1143
397 1145
397 1146
397 1147
397 1148
397 1149
397 1150
397 1156
397 1181
397 1182
397 1184
397 1185
397 1186
397 1187
397 1190
397 1191
397 582
397 607
397 650
397 651
397 652
397 657
397 658
397 659
397 660
397 680
397 722
397 931
397 932
399 400
399 401
399 402
399 403
4 10
4 100
4 1003
4 1006
4 1007
4 1008
4 1009
4 1011
4 1012
4 1015
4 1016
4 1017
4 1018
4 1019
4 1020
4 1021
4 1023
4 1024
4 1025
4 1026
4 1027
4 103
4 1030
4 1031
4 1032
4 1034
4 1035
4 1036
4 104
4 1040
4 1041
4 1042
4 1043
4 1044
4 1045
4 1046
4 1047
4 1048
4 1049
4 105
4 1051
4 106
4 107
4 1071
4 1072
4 1073
4 1074
4 1075
4 1079
4 1080
4 1081
4 1084
4 1085
4 1086
4 1087
4 1089
4 1090
4 1091
4 1092
4 1093
4 1094
4 1096
4 1098
4 1099
4 1102
4 1108
4 111
4 1112
4 1117
4 112
4 1122
4 1128
4 1129
4 113
4 1130
4 1131
4 1133
4 1134
4 1135
4 1136
4 1137
4 1138
4 1139
4 114
4 1140
4 1152
4 1153
4 1158
4 116
4 1163
4 117
4 1175
4 1178
4 118
4 119
4 12
4 120
4 121
4 122
4 1220
4 1223
4 1226
4 1227
4 1228
4 123
4 1233
4 1235
4 1236
4 1237
4 1238
4 124
4 1240
4 1243
4 1244
4 1246
4 1247
4 1249
4 125
4 1250
4 1255
4 1256
4 1257
4 1258
4 126
4 1260
4 1261
4 1264
4 127
4 1272
4 1273
4 1275
4 1278
4 1279
4 128
4 129
4 1293
4 1294
4 1295
4 1297
4 130
4 1300
4 1301
4 1302
4 1309
4 1312
4 1313
4 1314
4 1317
4 1318
4 1319
4 132
4 1320
4 1321
4 1322
4 1323
4 1324
4 1325
4 1326
4 1327
4 1328
4 133
4 1330
4 134
4 1341
4 1347
4 137
4 139
4 14
4 140
4 141
4 144
4 146
4 147
4 148
4 149
4 15
4 150
4 151
4 156
4 157
4 158
4 159
4 160
4 162
4 169
4 17
4 177
4 178
4 179
4 18
4 181
4 182
4 186
4 188
4 189
4 191
4 194
4 195
4 196
4 197
4 198
4 203
4 208
4 209
4 210
4 211
4 212
4 213
4 214
4 215
4 216
4 217
4 218
4 22
4 223
4 225
4 226
4 228
4 229
4 230
4 231
4 234
4 235
4 236
4 237
4 241
4 242
4 243
4 244
4 25
4 265
4 266
4 267
4 268
4 27
4 28
4 282
4 284
4 285
4 289
4 290
4 291
4 292
4 295
4 296
4 298
4 30
4 300
4 301
4 302
4 304
4 308
4 309
4 31
4 311
4 313
4 314
4 317
4 318
4 319
4 320
4 322
4 323
4 325
4 326
4 328
4 329
4 331
4 332
4 334
4 335
4 337
4 339
4 346
4 347
4 348
4 357
4 36
4 367
4 37
4 371
4 38
4 39
4 394
4 397
4 40
4 400
4 411
4 412
4 416
4 417
4 418
4 419
4 42
4 420
4 421
4 422
4 423
4 426
4 427
4 43
4 435
4 436
4 437
4 44
4 445
4 446
4 448
4 45
4 453
4 454
4 455
4 459
4 46
4 460
4 461
4 462
4 463
4 464
4 465
4 466
4 47
4 475
4 476
4 479
4 48
4 481
4 485
4 486
4 487
4 488
4 489
4 49
4 494
4 496
4 497
4 498
4 499
4 5
4 50
4 51
4 52
4 521
4 523
4 524
4 53
4 54
4 55
4 556
4 56
4 57
4 599
4 6
4 608
4 609
4 611
4 612
4 613
4 614
4 617
4 619
4 620
4 621
4 622
4 623
4 624
4 626
4 627
4 628
4 629
4 630
4 631
4 632
4 633
4 634
4 635
4 636
4 637
4 638
4 640
4 642
4 643
4 644
4 647
4 650
4 651
4 652
4 653
4 654
4 655
4 656
4 657
4 658
4 659
4 660
4 662
4 663
4 664
4 665
4 667
4 671
4 672
4 673
4 674
4 675
4 676
4 677
4 678
4 680
4 681
4 682
4 683
4 693
4 694
4 695
4 697
4 7
4 700
4 701
4 702
4 703
4 704
4 705
4 708
4 709
4 717
4 722
4 723
4 724
4 726
4 727
4 730
4 734
4 735
4 736
4 738
4 739
4 740
4 741
4 744
4 745
4 746
4 747
4 748
4 749
4 75
4 750
4 751
4 752
4 753
4 754
4 755
4 756
4 757
4 758
4 759
4 76
4 760
4 761
4 762
4 763
4 764
4 765
4 766
4 767
4 768
4 769
4 77
4 770
4 771
4 772
4 773
4 774
4 775
4 776
4 777
4 778
4 779
4 78
4 780
4 781
4 782
4 783
4 784
4 785
4 786
4 787
4 788
4 789
4 79
4 790
4 791
4 792
4 793
4 794
4 795
4 796
4 797
4 798
4 80
4 800
4 806
4 807
4 81
4 818
4 819
4 82
4 820
4 821
4 822
4 823
4 824
4 825
4 827
4 828
4 829
4 83
4 830
4 831
4 832
4 833
4 835
4 836
4 837
4 838
4 839
4 84
4 840
4 841
4 842
4 843
4 844
4 845
4 846
4 847
4 848
4 849
4 850
4 851
4 852
4 853
4 86
4 864
4 865
4 866
4 867
4 87
4 875
4 877
4 878
4 887
4 889
4 89
4 891
4 892
4 90
4 902
4 903
4 904
4 905
4 906
4 907
4 908
4 909
4 910
4 914
4 915
4 917
4 918
4 919
4 92
4 921
4 924
4 926
4 928
4 929
4 931
4 932
4 935
4 936
4 937
4 940
4 953
4 957
4 963
4 964
4 965
4 97
4 973
4 975
4 978
4 989
4 998
4 999
40 1043
40 192
40 275
40 311
40 609
40 663
40 664
40 665
40 667
40 683
40 693
40 702
40 703
40 704
40 705
40 709
40 746
40 749
40 750
40 751
40 752
40 773
40 796
40 797
40 798
40 80
40 806
40 807
40 852
40 853
40 865
40 866
40 919
40 928
40 944
400 401
400 403
401 402
402 403
404 405
404 406
404 407
404 408
404 409
41 43
41 44
41 45
41 46
41 47
41 48
41 49
41 50
41 51
41 52
41 53
41 55
41 57
41 58
41 59
41 60
41 61
41 62
41 63
41 64
41 65
41 66
41 67
41 68
41 69
41 70
41 71
41 72
41 73
41 74
41 75
41 76
41 77
41 78
410 411
410 470
410 475
410 476
410 479
410 481
410 485
410 519
410 531
411 470
411 476
411 479
411 481
411 485
411 502
411 530
411 531
413 414
414 415
415 424
415 426
415 427
415 429
416 417
417 419
419 420
42 1312
42 1313
42 1314
42 189
42 223
42 231
42 235
42 236
42 237
42 242
42 243
42 244
42 253
42 43
42 44
42 45
42 46
42 47
42 479
42 48
42 486
42 487
42 488
42 489
42 49
42 50
42 51
42 516
42 52
42 524
42 53
42 54
42 55
42 83
424 425
427 428
428 430
428 431
428 432
428 433
428 434
429 449
43 100
43 121
43 158
43 238
43 296
43 418
43 457
43 458
43 58
436 1262
436 1264
436 662
436 681
436 698
436 709
436 854
437 438
438 449
439 440
439 441
439 442
439 443
44 142
44 252
44 49
44 50
44 51
44 52
44 53
44 54
44 55
44 59
44 83
440 441
440 442
440 443
441 442
441 443
441 446
441 447
441 448
442 443
442 444
442 445
442 446
442 447
443 444
445 446
446 447
446 448
447 448
45 256
45 62
45 63
450 1071
450 1088
450 1095
450 1111
450 1114
450 1115
450 1118
450 1122
450 1123
450 1126
450 1253
450 1254
450 1255
450 1256
450 1257
450 1258
450 1259
450 1262
450 1265
450 1266
450 1268
450 1293
450 1294
450 1295
450 1297
450 1300
450 1327
450 469
450 472
450 474
450 475
450 476
450 489
450 497
450 682
450 723
450 742
450 743
450 747
450 748
450 808
450 809
450 810
450 811
450 812
450 813
450 814
450 815
450 816
450 817
450 818
450 819
450 821
450 822
450 823
450 824
450 826
450 827
450 828
450 829
450 830
450 831
450 832
450 833
450 849
450 850
450 851
450 865
450 866
450 904
450 972
451 452
452 453
453 665
453 879
453 897
453 900
457 458
458 465
46 260
46 261
46 64
46 83
462 479
462 481
462 505
462 527
463 1023
463 1071
463 1081
463 1082
463 1209
463 1213
463 1214
463 1336
463 546
463 630
463 833
463 915
463 922
464 1000
464 1268
464 1269
464 1291
464 1356
464 880
464 886
464 894
464 897
464 900
464 922
464 923
467 468
467 469
467 477
468 493
468 501
468 502
469 470
469 471
469 472
469 473
469 474
469 475
469 476
469 477
469 478
469 479
469 480
469 481
469 482
469 488
469 489
47 112
47 113
47 115
47 117
47 119
47 158
47 418
47 65
470 471
470 474
470 475
470 476
470 479
470 480
470 481
470 490
471 474
471 475
471 476
471 477
471 478
471 479
471 511
471 514
472 474
472 475
472 476
472 664
472 743
472 747
472 769
472 808
472 809
472 810
472 811
472 812
472 813
472 814
472 815
472 816
472 817
472 818
472 819
472 820
472 821
472 822
472 823
472 824
472 825
472 826
472 827
472 828
472 829
472 830
472 831
472 832
472 833
472 834
472 835
472 836
472 837
472 838
472 839
472 840
472 841
472 842
472 843
472 844
472 845
472 846
472 847
472 848
472 849
472 850
472 851
473 474
473 475
473 476
473 477
473 485
473 532
474 475
474 481
474 483
474 484
474 486
474 487
474 491
474 495
475 476
475 481
475 483
475 484
475 486
475 487
475 491
475 494
475 495
475 496
475 497
475 498
476 478
476 479
476 480
476 481
476 482
476 483
476 484
476 489
476 496
476 497
476 498
476 499
476 500
477 493
477 506
478 489
478 490
479 485
479 512
479 524
479 527
479 531
48 159
48 460
48 54
48 70
480 481
481 482
481 483
481 484
481 485
481 486
481 487
481 490
482 488
483 484
483 487
483 495
484 486
485 531
486 488
486 490
486 491
487 488
487 492
487 495
488 489
49 176
49 254
49 60
491 492
491 495
491 496
492 493
493 502
493 503
493 504
493 505
493 513
497 1253
497 1255
497 1257
497 1258
497 1259
497 1265
497 1327
497 730
497 748
497 827
497 904
498 532
498 536
498 606
498 611
498 612
498 623
498 625
498 637
498 639
498 640
498 641
498 642
498 643
498 644
5 10
5 100
5 102
5 104
5 107
5 108
5 109
5 110
5 112
5 116
5 119
5 120
5 123
5 13
5 139
5 14
5 144
5 145
5 146
5 147
5 148
5 149
5 15
5 150
5 153
5 154
5 155
5 156
5 157
5 158
5 159
5 160
5 161
5 162
5 163
5 164
5 165
5 166
5 167
5 168
5 169
5 17
5 170
5 171
5 172
5 177
5 179
5 180
5 182
5 210
5 215
5 216
5 223
5 225
5 226
5 229
5 234
5 238
5 241
5 268
5 27
5 296
5 312
5 32
5 338
5 34
5 347
5 36
5 38
5 394
5 413
5 417
5 44
5 45
5 46
5 480
5 49
5 50
5 51
5 52
5 528
5 53
5 530
5 54
5 56
5 57
5 59
5 6
5 61
5 62
5 63
5 64
5 66
5 67
5 68
5 69
5 7
5 74
5 75
5 77
5 78
5 79
5 8
5 9
5 92
5 96
5 97
5 98
50 143
50 171
50 255
50 61
501 503
501 504
501 505
501 515
501 524
501 525
501 526
502 503
502 504
502 505
502 519
503 504
503 516
503 518
503 522
503 523
504 513
504 522
504 525
505 511
505 522
505 523
505 526
505 528
506 507
506 508
506 509
506 510
506 514
506 666
506 858
507 511
508 509
508 510
508 666
508 668
508 675
508 676
509 510
509 666
509 668
509 669
509 670
509 676
509 678
51 171
51 172
51 206
51 207
51 208
51 257
51 296
51 452
51 66
51 79
51 83
51 98
510 666
510 668
510 669
510 670
510 678
511 512
511 513
511 514
511 515
512 514
512 515
512 517
512 525
513 523
514 515
514 516
514 517
514 518
514 519
515 517
515 518
515 519
516 520
516 521
516 522
517 519
517 532
518 532
52 108
52 146
52 229
52 258
52 259
52 458
52 53
52 67
52 68
52 69
52 83
520 521
520 522
520 704
520 861
520 891
520 892
521 1011
521 1054
521 1055
521 696
521 887
522 526
522 613
522 666
522 675
522 679
522 686
522 687
522 692
522 693
522 695
522 697
522 699
522 704
522 886
522 888
522 889
522 891
523 526
524 526
528 529
528 530
529 530
53 179
53 258
53 68
53 69
53 83
533 534
533 535
533 536
534 536
534 537
534 538
534 539
535 536
535 538
535 548
535 568
535 571
535 573
535 575
535 583
535 585
535 587
535 589
535 595
535 604
536 537
536 538
536 540
536 542
536 543
536 544
536 545
536 546
536 548
536 549
536 550
536 551
536 552
536 555
536 556
536 558
536 559
536 560
536 561
536 562
536 563
536 564
536 565
536 566
536 567
536 568
536 569
536 570
536 571
536 572
536 573
536 574
536 575
536 576
536 577
536 578
536 579
536 580
536 581
536 582
536 583
536 584
536 585
536 586
536 587
536 588
536 589
536 590
536 591
536 592
536 593
536 594
536 595
536 596
536 597
536 598
536 599
536 600
536 601
536 602
536 603
536 604
536 605
536 607
536 993
536 994
537 540
537 541
537 542
537 543
537 544
537 661
538 539
538 569
538 572
538 574
538 576
538 580
538 584
538 586
538 588
538 590
538 605
539 540
539 546
539 548
539 549
539 550
539 555
539 558
539 569
539 572
539 574
539 576
539 579
539 581
539 582
539 584
539 586
539 588
539 590
539 592
539 594
539 603
539 605
54 139
54 69
540 545
540 546
540 547
540 548
540 549
541 542
541 543
541 544
541 552
541 580
541 593
541 596
541 602
541 607
541 649
541 880
542 589
542 637
543 544
543 548
543 578
543 615
543 620
543 621
544 553
544 554
544 622
544 661
545 550
545 551
546 1204
546 1208
546 547
546 548
546 549
546 555
546 557
546 581
546 594
546 603
546 647
546 990
547 1315
547 548
547 549
547 555
547 557
547 581
547 582
547 590
547 594
547 603
547 649
547 662
547 663
547 680
547 681
548 549
548 579
548 615
549 553
549 591
549 648
55 156
55 171
55 210
55 216
55 263
55 71
55 72
55 73
550 552
550 553
550 554
551 602
551 661
552 555
553 1000
553 554
553 582
553 626
553 648
553 649
553 707
553 742
553 775
553 781
554 1001
554 1002
554 626
554 648
554 649
554 707
554 749
554 990
554 998
554 999
555 556
555 557
557 1248
557 1358
557 603
557 648
557 649
557 662
557 681
557 685
557 921
558 606
558 607
558 608
558 609
558 922
559 560
559 563
559 565
559 570
559 577
559 601
559 784
559 989
56 120
56 156
56 219
56 264
560 561
560 562
560 563
560 564
560 565
560 566
560 567
560 570
560 577
560 598
560 600
560 601
560 627
560 784
560 922
560 923
560 990
560 993
560 994
561 564
561 565
561 570
561 577
561 601
561 627
561 628
561 707
561 788
561 792
561 924
561 989
561 993
562 566
562 567
562 570
562 577
562 598
562 600
562 601
562 776
562 790
562 897
562 924
562 989
562 993
562 994
563 564
563 570
563 577
563 601
563 607
563 627
563 707
563 791
563 924
563 989
563 990
563 994
564 570
564 577
564 598
564 601
564 627
564 707
564 791
564 924
564 989
564 994
565 570
565 577
565 601
565 627
565 707
565 780
565 792
565 924
565 989
565 990
565 993
566 567
566 570
566 577
566 598
566 600
566 601
566 924
566 989
566 993
566 994
567 570
567 598
567 600
567 601
567 627
567 923
567 925
567 993
567 994
567 995
567 996
567 997
568 1363
568 1364
568 569
569 1364
57 104
57 108
57 147
57 155
57 156
57 352
57 452
57 457
57 79
57 80
570 577
570 598
570 627
570 707
570 786
570 794
570 923
570 924
570 952
570 953
570 954
570 989
571 572
571 606
571 610
571 611
571 612
572 610
572 611
573 1366
573 574
573 585
573 586
574 1366
574 583
574 584
574 586
574 588
574 605
575 1131
575 1132
575 576
576 1060
576 1132
577 578
577 579
577 597
577 618
577 627
577 628
577 707
577 733
577 791
577 792
577 795
577 924
577 929
577 989
577 991
578 579
578 615
578 616
578 620
579 615
579 620
579 621
58 100
58 121
58 158
58 238
58 296
58 418
58 457
58 458
58 74
580 581
580 596
582 1312
582 1315
582 1316
582 1317
582 1318
582 1319
582 1320
582 1321
582 1322
582 1323
582 1324
582 1325
582 1326
582 608
582 620
582 671
582 672
582 673
582 674
582 681
582 722
582 723
582 726
582 787
583 584
583 585
584 1367
585 1367
585 586
585 587
585 604
585 636
586 1367
586 636
586 971
587 1333
587 588
587 604
587 636
587 805
587 969
587 970
587 971
587 974
588 1334
588 605
588 636
588 970
588 971
59 142
59 144
59 252
59 254
59 74
590 1035
590 1050
591 592
592 593
593 594
595 596
596 597
597 606
597 610
597 611
597 612
597 615
597 620
598 600
598 601
598 627
598 776
598 784
598 788
598 923
598 925
598 993
598 994
598 995
6 10
6 107
6 110
6 116
6 128
6 145
6 146
6 148
6 15
6 156
6 163
6 166
6 167
6 168
6 17
6 171
6 172
6 177
6 178
6 179
6 180
6 181
6 210
6 215
6 216
6 268
6 33
6 347
6 36
6 38
6 413
6 45
6 482
6 49
6 56
6 60
6 7
6 74
6 75
6 77
6 78
6 79
6 8
6 9
6 92
6 96
6 97
6 98
60 176
60 178
60 254
60 255
60 74
600 601
600 627
600 793
600 923
600 924
600 925
600 968
600 981
600 989
601 627
601 707
601 779
601 780
601 782
601 786
601 790
601 794
601 923
601 924
601 953
601 967
601 981
601 989
602 603
603 619
603 662
604 1331
604 605
604 636
604 971
605 636
605 971
606 1027
606 610
606 611
606 612
607 1227
607 1243
607 1328
607 1359
607 1360
607 620
607 722
607 750
607 906
607 921
608 1309
608 1312
608 1315
608 1318
608 1319
608 1320
608 1321
608 1322
608 1323
608 1324
608 1325
608 1326
61 143
61 144
61 166
61 255
61 256
61 416
61 422
61 74
610 1027
612 647
613 1008
613 1009
613 1010
613 1011
613 1012
613 1025
613 1026
613 1052
613 1053
613 614
613 632
613 891
614 1010
614 1026
614 1058
614 632
614 768
615 616
615 619
615 954
615 981
617 1004
617 1050
617 1054
617 1055
617 955
617 969
618 627
618 628
618 991
62 256
62 74
622 623
622 624
624 634
624 914
624 944
624 952
624 967
624 968
625 639
626 1001
626 1002
626 648
626 998
626 999
627 785
627 924
627 989
629 950
629 961
63 74
63 83
630 1328
631 957
631 961
631 976
632 1003
632 1004
632 1005
632 1006
632 1007
632 1010
632 1011
632 1012
632 1019
632 1021
632 1022
632 1025
632 1028
632 1029
632 1030
632 1031
632 1032
632 1033
632 1037
632 1038
632 1039
632 1040
632 1041
632 1042
632 1043
632 1044
632 1045
632 1046
632 1047
632 1048
632 1049
632 1051
632 910
633 937
633 940
633 951
633 952
633 953
633 954
633 955
633 957
633 958
633 959
633 967
633 968
633 975
633 981
634 635
634 918
634 964
634 967
635 944
636 1330
636 1331
636 805
636 807
637 638
639 640
64 165
64 74
640 641
640 645
640 646
641 643
642 1053
642 643
642 661
644 646
648 1001
648 1002
648 649
648 707
648 749
648 990
648 998
648 999
649 681
649 707
649 728
649 902
649 903
649 929
649 987
649 988
65 112
65 113
65 115
65 117
65 119
65 158
65 257
65 418
65 74
650 1121
650 1141
650 1143
650 651
650 654
650 655
651 1121
651 1141
651 1144
651 654
651 656
652 1144
652 653
652 654
652 655
653 1144
653 1146
653 1147
653 654
653 656
654 1078
654 1113
654 1129
654 1137
654 1138
654 1139
654 1140
654 1141
654 1143
654 1148
654 1149
654 1151
654 1152
654 1153
654 1154
654 1155
654 1156
654 1162
654 1182
654 1189
654 1190
654 1191
654 1193
654 1194
654 655
654 656
654 657
654 658
654 659
654 660
654 777
655 1062
655 1083
655 1113
655 1121
655 1139
655 1151
655 1152
655 1155
655 1166
655 1177
655 1178
655 656
655 657
655 658
655 659
655 980
656 1083
656 1101
656 1104
656 1110
656 1121
656 1123
656 1124
656 1137
656 1138
656 1151
656 1152
656 1155
656 1177
656 1178
656 660
656 706
656 907
656 973
657 1146
657 1148
657 1149
657 1150
657 658
657 659
658 1146
658 659
659 1146
659 660
66 257
66 258
66 296
66 74
660 1146
661 901
662 1223
662 1226
662 1227
662 1228
662 1233
662 1237
662 1358
662 681
662 745
662 800
663 664
663 665
664 665
664 673
664 693
664 702
664 703
664 704
664 705
664 709
664 773
664 796
664 797
664 798
664 804
664 852
664 853
665 773
665 796
665 797
665 798
666 667
666 668
666 669
666 670
666 671
666 672
666 673
666 674
666 677
666 679
666 688
666 689
666 690
666 886
667 675
668 677
669 690
67 229
67 258
67 259
67 458
67 74
670 800
670 922
671 1262
672 1262
672 745
673 1262
673 854
673 861
673 878
674 1262
674 919
675 679
676 677
677 679
678 679
679 688
679 689
679 690
679 697
679 698
679 746
679 886
68 229
68 258
68 259
68 458
68 74
680 1227
680 722
680 745
681 800
682 1262
682 683
682 813
682 818
682 819
682 821
682 823
682 824
682 826
682 828
682 829
682 831
682 832
682 833
682 922
686 688
686 692
686 704
686 890
687 688
687 689
687 692
687 696
687 887
687 890
687 893
688 689
688 692
688 693
688 694
688 695
688 697
688 698
688 699
688 704
688 886
688 888
688 889
689 693
689 695
689 697
689 699
689 704
689 886
689 888
689 889
689 890
69 179
69 258
69 74
690 879
690 983
691 1060
691 1063
691 1071
691 1172
691 706
691 708
691 803
691 913
691 916
691 980
692 696
692 697
692 889
692 890
692 892
693 1360
694 1360
694 796
695 1360
695 773
696 699
696 890
696 893
697 890
697 893
697 928
699 888
7 138
7 166
7 268
7 435
7 8
7 9
7 96
70 159
70 263
70 459
70 460
70 461
70 74
700 797
700 798
701 798
702 703
702 804
703 704
703 705
703 706
703 804
705 804
705 852
706 1072
706 707
706 708
706 983
707 1121
707 1132
707 1170
707 1177
707 728
707 729
707 731
707 732
707 733
707 737
707 902
707 903
707 929
707 987
707 988
708 1128
708 1131
708 1172
708 916
708 973
708 983
709 797
709 804
71 156
71 263
71 72
71 74
710 1064
710 1066
710 753
710 980
711 1096
711 1100
711 1102
711 1103
711 1104
712 1100
712 1103
712 1105
712 1106
712 1107
712 1109
713 1104
713 1105
713 1108
713 1109
713 1110
714 1106
714 1107
714 1109
714 1111
714 1114
714 1123
714 973
715 1111
715 1112
715 1114
715 1115
715 1116
716 1097
716 1098
716 1111
716 1114
716 1116
716 1126
717 1057
717 768
719 1282
719 720
719 721
719 740
719 826
72 156
72 263
72 73
72 74
720 1267
720 1270
720 1290
720 1291
720 721
720 895
720 896
721 1270
721 1290
721 1291
722 1197
722 1200
722 1201
722 1218
722 1219
722 735
722 742
722 743
722 745
722 931
723 1197
723 1200
723 1201
723 1233
723 1235
723 1236
723 1237
723 1238
723 1240
723 1264
723 726
723 730
723 738
723 739
724 1200
724 1204
724 835
725 1225
725 1231
725 1232
726 1107
726 1113
726 1122
726 1123
726 1124
726 1125
726 1126
726 1130
726 1162
726 1233
726 1237
726 1238
726 1240
726 1244
726 1290
726 1295
726 1297
726 1304
726 727
726 730
726 738
726 739
726 810
726 863
726 922
727 1197
727 1200
727 1201
727 1213
727 1218
727 1219
727 825
728 729
728 902
728 903
728 929
728 987
728 988
729 731
729 902
729 903
729 929
729 987
729 988
73 156
73 263
73 74
730 1233
730 1238
730 1240
730 787
731 789
731 902
731 903
731 929
731 987
731 988
732 733
732 789
732 902
732 903
732 929
732 987
732 988
733 929
733 987
734 871
734 874
735 1227
735 745
735 931
736 1207
736 1210
736 1212
737 902
737 903
737 929
737 987
737 988
738 1197
738 1200
738 1201
738 1211
738 1218
738 1219
738 739
739 1197
739 1198
739 1200
739 1201
739 1218
739 1219
74 100
74 112
74 113
74 117
74 119
74 121
74 1310
74 1311
74 142
74 143
74 145
74 156
74 158
74 159
74 162
74 176
74 185
74 224
74 226
74 227
74 229
74 231
74 232
74 233
74 234
74 238
74 239
74 240
74 250
74 251
74 252
74 253
74 254
74 255
74 256
74 257
74 258
74 259
74 263
74 296
74 410
74 418
74 459
74 460
74 461
74 474
74 475
74 476
74 478
74 481
74 483
74 484
74 495
74 527
74 531
74 747
740 1266
740 1268
740 1269
740 1270
740 1282
740 1283
740 1284
740 1288
740 1289
740 1290
740 1291
740 1295
740 1296
740 1297
740 1300
740 1301
740 1302
740 770
740 808
740 809
740 818
740 826
740 828
740 829
740 832
740 850
740 863
740 865
740 896
740 897
741 1319
742 1240
742 1256
742 1258
742 1265
742 1286
742 1287
742 1333
742 1334
742 743
742 744
742 906
743 1265
743 744
743 811
743 822
743 832
743 833
743 849
743 851
743 906
744 1231
744 1232
744 1256
744 1258
744 1262
744 1265
744 822
744 832
744 833
744 851
744 904
745 1223
745 1226
745 1227
745 1228
745 1229
745 1230
745 1233
745 1244
745 1249
745 1250
745 1251
745 766
747 748
747 813
747 817
747 827
747 904
748 1253
748 904
749 1001
75 100
75 1050
75 1054
75 1055
75 1069
75 1076
75 1113
75 112
75 1151
75 1155
75 1162
75 117
75 119
75 1195
75 1197
75 1200
75 1203
75 1206
75 1208
75 1209
75 121
75 1211
75 1262
75 1265
75 1274
75 1276
75 1280
75 1322
75 1356
75 1360
75 151
75 156
75 158
75 159
75 166
75 186
75 192
75 196
75 226
75 267
75 289
75 290
75 291
75 296
75 400
75 464
75 468
75 474
75 475
75 476
75 477
75 486
75 487
75 491
75 495
75 498
75 503
75 505
75 511
75 512
75 513
75 514
75 516
75 521
75 522
75 526
75 529
75 557
75 640
75 646
75 664
75 666
75 671
75 672
75 673
75 674
75 677
75 679
75 686
75 687
75 688
75 689
75 690
75 691
75 692
75 693
75 694
75 695
75 696
75 697
75 698
75 699
75 700
75 701
75 706
75 718
75 746
75 747
75 748
75 76
75 77
75 78
75 79
75 802
75 803
75 804
75 82
75 834
75 861
75 886
75 888
75 91
75 930
75 942
75 944
75 983
750 834
751 897
751 900
751 927
752 806
752 807
752 853
752 919
752 928
752 930
753 1067
754 1005
754 1006
754 1012
754 1016
754 1017
754 1018
754 1021
754 1022
754 1025
754 1028
755 1003
755 1004
755 1030
755 1037
756 1355
756 1356
756 762
757 1282
757 809
757 899
758 1365
758 1366
758 1367
759 1266
759 1267
759 1268
759 1270
759 1289
759 896
76 111
76 131
76 191
76 194
76 195
76 475
76 476
76 498
76 517
76 536
76 539
76 610
76 623
76 637
76 638
76 640
76 641
76 643
76 645
76 77
760 1060
760 1073
760 1074
760 1075
760 1079
760 1087
760 1089
760 1090
760 1091
760 1092
760 1093
760 1094
760 1098
760 1102
760 1108
760 1112
760 1117
760 1129
760 1131
760 1133
760 1134
760 1140
760 1163
761 803
761 804
762 1313
762 1356
763 1065
763 1067
763 765
764 1004
764 1010
764 1019
764 1037
765 1064
765 1065
766 1226
766 1228
766 1229
766 1230
766 1232
766 1233
766 1250
767 1062
767 1063
767 912
768 1009
769 1195
769 1196
769 1197
769 1199
769 1200
769 1201
769 1202
769 1203
769 1204
769 1206
769 1208
769 1209
769 1210
769 1211
769 1212
769 1213
769 1214
769 1216
769 1217
769 1218
769 1219
769 820
769 825
769 835
769 836
769 837
769 838
769 839
769 840
769 841
769 842
769 843
769 844
769 845
769 846
769 847
769 848
77 1037
77 105
77 1054
77 1055
77 1071
77 1082
77 1084
77 1085
77 110
77 1101
77 1104
77 1106
77 1107
77 1110
77 1113
77 1115
77 1116
77 1124
77 1128
77 1130
77 1145
77 1147
77 1149
77 1150
77 1153
77 1158
77 1159
77 1160
77 1166
77 1168
77 1169
77 1173
77 1174
77 1176
77 1179
77 1180
77 1184
77 1185
77 1186
77 1187
77 1188
77 1189
77 119
77 1192
77 1193
77 1194
77 1221
77 1222
77 1226
77 1227
77 1228
77 1233
77 1234
77 1236
77 1237
77 1239
77 1241
77 1242
77 1243
77 1244
77 1245
77 1248
77 1249
77 1251
77 1253
77 1255
77 1256
77 1257
77 1258
77 1259
77 1262
77 1265
77 1267
77 1268
77 1269
77 127
77 1271
77 1273
77 1275
77 1279
77 1283
77 1284
77 1285
77 1286
77 1287
77 1290
77 1291
77 1293
77 1294
77 1296
77 1301
77 1302
77 1304
77 1309
77 1312
77 1315
77 1317
77 1318
77 1319
77 1322
77 1323
77 1324
77 1325
77 1326
77 1327
77 1329
77 1331
77 1332
77 1336
77 1342
77 1347
77 1349
77 1350
77 1352
77 1353
77 1355
77 1356
77 1360
77 1361
77 1362
77 148
77 149
77 150
77 151
77 160
77 162
77 163
77 164
77 166
77 167
77 168
77 173
77 174
77 175
77 179
77 183
77 186
77 190
77 192
77 193
77 201
77 202
77 204
77 205
77 209
77 211
77 212
77 217
77 218
77 226
77 230
77 234
77 242
77 264
77 275
77 278
77 279
77 280
77 282
77 291
77 294
77 299
77 305
77 337
77 338
77 345
77 351
77 356
77 359
77 364
77 365
77 371
77 373
77 375
77 380
77 393
77 395
77 400
77 414
77 426
77 427
77 429
77 439
77 441
77 450
77 456
77 457
77 458
77 463
77 464
77 465
77 476
77 489
77 497
77 498
77 513
77 516
77 521
77 522
77 535
77 541
77 545
77 558
77 568
77 571
77 573
77 578
77 580
77 581
77 582
77 583
77 585
77 586
77 587
77 591
77 595
77 597
77 599
77 604
77 643
77 649
77 662
77 676
77 678
77 679
77 681
77 684
77 685
77 688
77 689
77 690
77 698
77 701
77 718
77 723
77 724
77 725
77 726
77 734
77 735
77 736
77 740
77 742
77 743
77 745
77 747
77 748
77 772
77 787
77 79
77 80
77 802
77 804
77 805
77 808
77 809
77 81
77 810
77 811
77 812
77 813
77 814
77 815
77 816
77 817
77 818
77 819
77 82
77 821
77 822
77 823
77 824
77 826
77 827
77 828
77 829
77 830
77 831
77 832
77 833
77 834
77 850
77 851
77 863
77 865
77 866
77 867
77 87
77 875
77 880
77 886
77 887
77 891
77 894
77 896
77 897
77 900
77 901
77 91
77 912
77 913
77 915
77 916
77 917
77 92
77 922
77 926
77 931
77 932
77 935
77 936
77 944
77 949
77 950
77 951
77 959
77 971
77 974
77 978
770 1266
770 1268
770 1270
770 1282
770 1289
770 1308
770 896
771 804
774 1293
774 1294
774 1295
774 1297
774 1302
774 863
774 865
774 866
775 1002
775 998
776 788
777 1078
777 1090
777 1106
777 1121
777 1139
777 1142
777 1157
777 1174
777 1176
777 1177
778 921
779 780
78 100
78 1106
78 1107
78 112
78 117
78 119
78 121
78 1231
78 1253
78 1254
78 1256
78 1258
78 1262
78 1265
78 127
78 1274
78 1276
78 1285
78 1286
78 1287
78 1352
78 1360
78 152
78 155
78 156
78 158
78 159
78 163
78 173
78 202
78 204
78 211
78 296
78 369
78 371
78 372
78 380
78 398
78 400
78 450
78 463
78 702
78 742
78 743
78 744
78 79
78 80
78 808
78 809
78 810
78 811
78 812
78 813
78 814
78 815
78 816
78 817
78 818
78 822
78 823
78 824
78 826
78 828
78 829
78 832
78 833
78 850
78 851
78 880
78 922
78 972
781 990
781 999
782 989
783 1270
783 1283
783 896
783 899
784 995
785 786
785 925
787 1317
788 952
788 967
788 968
788 990
789 987
79 156
79 171
79 81
79 82
79 83
79 84
790 791
791 792
792 793
793 794
794 795
795 992
796 799
798 897
799 1271
799 801
8 100
8 104
8 110
8 112
8 119
8 13
8 154
8 156
8 157
8 158
8 159
8 161
8 166
8 179
8 210
8 215
8 216
8 27
8 296
8 338
8 340
8 359
8 392
8 394
80 1003
80 1007
80 1017
80 1018
80 1019
80 1030
80 1031
80 1032
80 1040
80 1041
80 1042
80 1043
80 1044
80 1045
80 1046
80 1047
80 1048
80 1049
80 1051
80 1053
80 1056
80 1058
80 1063
80 1073
80 1074
80 1075
80 1079
80 1087
80 1089
80 1090
80 1091
80 1092
80 1093
80 1094
80 1098
80 1102
80 1108
80 111
80 1112
80 1117
80 1129
80 1131
80 1133
80 1134
80 1140
80 1163
80 124
80 125
80 127
80 128
80 1309
80 1312
80 1318
80 1319
80 132
80 1320
80 1321
80 1322
80 1323
80 1324
80 1325
80 1326
80 1328
80 1330
80 1338
80 1339
80 141
80 169
80 188
80 196
80 197
80 198
80 203
80 213
80 228
80 231
80 265
80 266
80 267
80 292
80 295
80 301
80 318
80 352
80 357
80 367
80 411
80 436
80 445
80 446
80 448
80 453
80 515
80 518
80 519
80 523
80 556
80 608
80 611
80 612
80 613
80 617
80 619
80 620
80 622
80 623
80 624
80 626
80 627
80 628
80 629
80 630
80 631
80 632
80 633
80 634
80 635
80 636
80 637
80 638
80 642
80 644
80 647
80 675
80 677
80 680
80 682
80 693
80 694
80 695
80 697
80 700
80 701
80 717
80 746
80 749
80 753
80 754
80 755
80 756
80 757
80 758
80 759
80 760
80 761
80 762
80 763
80 764
80 765
80 766
80 767
80 768
80 769
80 770
80 771
80 772
80 774
80 775
80 776
80 777
80 778
80 779
80 780
80 781
80 782
80 783
80 784
80 785
80 786
80 787
80 788
80 789
80 790
80 791
80 792
80 793
80 794
80 795
80 800
80 820
80 825
80 835
80 836
80 837
80 838
80 839
80 84
80 840
80 841
80 842
80 843
80 844
80 845
80 846
80 847
80 848
80 889
80 892
80 899
80 902
80 903
80 904
80 905
80 906
80 907
80 908
80 909
80 910
80 924
80 929
80 937
80 940
80 957
80 975
80 989
80 998
80 999
801 1271
801 1355
801 900
802 803
802 804
803 804
804 805
805 1330
805 1331
805 1333
805 969
805 970
805 971
805 974
806 807
807 971
808 809
808 810
808 812
808 818
808 828
808 906
809 1269
809 1284
809 1291
809 812
809 818
809 826
809 828
809 829
809 832
809 850
81 156
81 166
81 205
81 220
81 338
81 424
81 452
81 457
81 458
81 85
81 86
81 87
81 88
81 89
81 90
81 91
810 1082
810 1265
810 812
810 819
810 828
810 831
810 849
810 906
811 1256
811 1258
811 1286
811 1287
811 822
811 851
811 906
812 1265
812 1294
812 1336
812 815
812 818
812 819
812 821
812 826
812 828
812 829
812 831
812 832
812 833
812 850
812 906
812 932
813 1253
813 814
813 815
813 816
813 817
813 818
813 819
813 821
813 822
813 824
813 826
813 827
813 828
813 829
813 830
813 831
813 832
813 833
813 849
813 850
813 851
814 1253
814 1254
814 816
814 831
814 849
814 904
815 1261
815 816
815 818
815 821
815 826
815 828
815 829
815 832
815 833
815 850
815 906
816 1254
816 817
816 831
817 1253
817 819
817 822
817 824
817 827
817 830
817 851
818 1266
818 1269
818 863
818 904
819 831
819 849
819 904
819 906
82 124
82 1262
82 152
82 553
82 557
82 582
82 607
82 666
82 671
82 684
82 685
82 921
82 98
820 1195
820 1199
820 1202
821 1255
821 1285
821 904
822 1256
822 823
822 904
822 906
823 1254
823 1263
823 824
824 1288
825 1210
825 848
826 1289
826 904
827 830
827 851
827 904
828 829
828 896
828 904
828 906
829 1269
829 1284
829 832
829 904
83 223
83 225
83 237
83 257
83 258
83 259
830 1327
830 831
830 851
830 904
831 1254
831 904
831 906
832 833
832 904
832 908
833 1354
835 1196
835 1209
835 1212
836 1196
836 841
837 1195
837 1196
837 1197
837 1199
837 1200
837 1201
837 1202
837 1204
837 1206
837 1208
837 1209
837 1211
837 1218
837 1219
837 841
838 1218
838 839
838 841
839 840
839 841
84 1086
84 1096
84 1099
84 1153
84 130
84 292
84 498
84 623
84 637
84 638
84 641
84 642
84 644
84 646
84 647
84 973
840 841
841 1219
841 843
842 1085
842 843
843 844
844 845
844 847
845 846
845 847
846 847
847 848
848 1197
848 1202
848 1208
848 1209
849 1263
849 901
85 307
85 338
85 92
85 93
85 94
850 1269
850 1289
850 1292
850 1300
851 1258
851 1318
851 904
851 906
852 894
852 922
852 928
855 856
855 861
856 857
856 861
857 858
857 859
857 860
857 861
858 861
858 862
858 863
858 864
858 865
858 866
858 868
858 876
859 860
859 861
859 867
859 871
86 1074
86 1080
86 1084
86 1085
86 1135
86 1136
86 1172
86 464
86 621
86 643
86 691
86 867
86 87
86 88
86 887
86 89
86 90
86 909
86 91
86 912
86 913
86 914
86 915
86 916
86 917
86 935
86 944
86 961
860 861
860 871
860 873
860 874
861 1350
861 867
861 868
861 869
861 870
861 871
861 872
862 870
862 874
862 875
862 876
863 1294
863 1295
863 1296
863 1297
863 1301
863 1302
863 865
863 866
863 876
864 1293
864 1294
864 897
865 1296
865 1298
865 866
865 897
866 1298
866 1301
866 1302
866 897
868 875
868 876
869 870
869 876
87 1081
87 1083
87 1084
87 1085
87 464
87 643
87 867
87 88
87 887
87 89
87 90
87 91
87 915
87 917
87 935
871 873
871 874
872 1084
872 1349
872 1350
873 874
875 876
875 897
875 919
875 920
877 1272
877 1273
878 1274
878 1275
879 880
879 894
88 1080
88 1084
88 1085
88 1135
88 1136
88 464
88 621
88 643
88 760
88 867
88 887
88 914
88 915
88 917
88 935
880 894
881 882
881 883
882 883
882 884
882 885
883 884
883 885
884 885
885 1259
886 887
888 889
889 890
889 893
89 1080
89 1084
89 1085
89 1136
89 464
89 621
89 643
89 867
89 90
89 914
89 915
89 916
89 917
89 935
891 1006
891 1008
891 1010
891 1011
891 1048
892 893
894 897
894 900
894 901
895 1266
895 1267
895 1270
895 1303
895 896
896 1266
896 1267
896 1269
896 1270
896 1291
896 899
897 1269
897 1292
897 1293
897 1294
897 1295
897 1297
897 1299
897 1300
897 1304
897 900
897 919
897 922
897 924
897 925
897 926
897 927
898 1238
898 1304
899 1266
899 1267
899 1268
899 1271
899 1283
899 1284
899 1290
899 1291
9 100
9 104
9 112
9 119
9 120
9 121
9 148
9 156
9 157
9 158
9 159
9 160
9 179
9 210
9 215
9 216
9 27
9 296
9 300
9 394
9 419
9 422
9 56
9 98
90 1080
90 1084
90 1085
90 1136
90 1172
90 464
90 621
90 643
90 691
90 706
90 867
90 914
90 915
90 916
90 917
90 935
90 983
900 1269
900 1271
900 927
901 1304
901 906
902 1001
902 903
902 987
903 1001
903 987
904 1244
904 1254
904 1255
904 1256
904 1257
904 1258
904 1259
904 1286
904 1327
904 925
905 1236
905 1287
905 1323
905 1349
906 1254
906 1256
906 1258
906 1265
906 1328
906 1353
907 1071
907 1174
908 1267
908 1268
908 1269
908 1283
908 1290
908 1291
908 1303
908 1305
909 1271
909 912
909 913
91 1080
91 1084
91 1085
91 1271
91 156
91 192
91 464
91 615
91 621
91 643
91 674
91 691
91 867
91 888
91 897
91 900
91 909
91 911
91 912
91 913
91 914
91 915
91 916
91 917
91 918
91 922
91 935
91 98
910 911
911 1043
912 1060
912 1061
912 1062
912 1063
912 1080
912 913
913 1060
913 1159
914 958
915 1336
915 922
916 1071
916 1073
916 1074
916 1136
916 1171
917 1121
917 1176
918 933
918 946
918 951
918 952
918 954
918 955
918 959
918 963
918 964
918 965
918 966
918 967
918 968
918 981
92 156
92 413
92 95
92 96
92 97
92 98
921 1358
921 1359
922 923
923 925
923 992
923 993
923 994
923 997
924 989
924 990
925 995
925 997
929 987
93 137
93 338
93 456
93 94
932 1072
932 1263
932 1265
933 934
933 935
933 936
934 957
934 975
935 945
935 955
935 959
935 977
935 979
936 937
937 938
938 939
938 979
939 940
939 941
939 979
94 110
94 139
94 140
94 273
94 274
94 275
94 277
94 299
94 302
94 303
94 304
94 305
94 306
94 307
94 308
94 309
94 310
94 313
94 314
94 315
94 316
94 317
94 319
94 320
94 321
94 322
94 323
94 324
94 328
94 329
94 330
94 331
94 332
94 333
94 334
94 335
94 336
94 337
94 338
94 344
94 402
94 414
94 456
940 942
941 968
941 973
941 979
941 980
942 943
942 944
943 944
943 945
943 946
944 1360
944 946
944 960
944 961
944 969
944 979
944 983
944 985
945 947
946 976
946 984
946 986
947 948
947 949
948 949
948 950
949 950
949 951
95 101
95 102
95 104
95 108
95 109
95 153
95 155
95 156
95 99
950 960
951 952
951 953
951 954
951 955
952 953
952 954
952 955
952 956
952 957
953 954
953 955
953 965
953 967
953 968
953 976
953 977
953 981
954 956
954 957
954 958
954 959
955 959
956 960
958 968
958 981
958 982
959 964
959 966
959 975
96 107
96 116
96 179
96 181
96 268
96 296
96 347
96 412
96 413
961 962
962 963
965 966
965 967
965 968
966 969
967 1013
967 1057
967 968
967 976
967 977
967 981
967 982
968 1014
968 1057
968 981
968 982
969 970
969 971
969 972
969 973
969 974
97 155
97 173
97 268
97 346
97 347
97 98
970 1332
970 972
970 983
971 1331
971 974
972 1329
972 974
973 1073
973 1074
973 1083
973 1086
973 1087
973 1088
973 1089
973 1090
973 1091
973 1095
973 1096
973 1097
973 1111
973 1113
973 1114
973 1118
973 1121
973 1122
973 1123
973 1136
973 1162
973 1166
973 1169
973 974
974 1128
974 1329
974 1330
976 977
976 978
977 978
977 979
98 1026
98 1036
98 1039
98 1044
98 1045
98 1046
98 1050
98 1052
98 1053
98 1054
98 1058
98 107
98 1083
98 110
98 1121
98 1137
98 1138
98 1139
98 114
98 1176
98 1177
98 119
98 120
98 121
98 1349
98 139
98 148
98 149
98 156
98 158
98 166
98 179
98 186
98 192
98 210
98 212
98 216
98 296
98 300
98 337
98 394
98 402
98 419
98 463
98 498
98 508
98 510
98 550
98 551
98 571
98 589
98 590
98 613
98 645
98 661
98 666
98 672
98 685
98 718
98 726
98 738
98 739
98 894
98 897
98 900
98 910
98 922
98 944
98 946
98 954
98 955
98 961
98 967
98 984
98 985
980 1064
980 1065
980 1067
980 1083
980 1122
980 1124
980 1137
980 1138
980 1139
980 1172
981 982
983 1054
983 986
984 985
99 100
992 993
992 994
995 996
995 997
996 997
998 1001
998 999
999 1001
