1076 1076
1076 1076
904 904
417 417
24 1363
1464 1224
397 397
230 230
1076 1076
833 833
678 678
1096 1096
1345 1408
1345 803
1408 803
2075 1988
1913 1913
867 1301
867 2138
1301 2138
2049 2049
1246 1246
1936 2235
327 327
701 701
1863 1863
960 960
904 39
904 772
39 772
803 803
339 339
2235 2235
93 93
2235 1936
803 803
1228 714
1076 1076
362 362
748 748
2041 2041
1409 1572
782 635
782 248
782 700
635 248
635 700
248 700
841 841
1936 1936
533 533
703 703
867 1224
542 542
1246 1246
2193 1136
150 1028
778 778
565 565
339 339
2072 2072
1852 1852
193 1600
216 216
358 920
358 665
920 665
341 304
1999 1999
1792 1792
1520 1520
1910 1910
1146 819
1146 1224
1146 1462
1146 2138
819 1224
819 1462
819 2138
1224 1462
1224 2138
1462 2138
48 48
544 544
1752 1752
1123 2255
862 2134
490 490
753 753
1186 1186
1670 1988
1028 1028
1550 1550
1936 1048
1936 671
1048 671
1752 686
654 298
2041 2041
1657 1988
1657 386
1988 386
747 694
747 1188
694 1188
107 252
107 1366
252 1366
1224 867
1188 386
1188 1988
386 1988
134 1407
1186 1186
399 399
1301 1224
653 1224
1936 1936
1135 1135
1350 301
1752 1752
565 665
1457 920
32 665
2041 2041
1537 1084
1537 678
1084 678
221 221
920 920
1261 665
248 703
248 1988
703 1988
682 803
332 332
222 731
1936 671
1936 2235
671 2235
12 12
420 1150
1221 1224
300 853
1571 358
1571 926
1571 1199
1571 766
358 926
358 1199
358 766
926 1199
926 766
1199 766
1390 1390
981 903
981 2043
903 2043
1936 1048
1936 671
1936 2235
1048 671
1048 2235
671 2235
1251 1251
1956 1956
2134 2029
358 665
702 702
3 277
3 903
277 903
818 903
818 277
903 277
2260 803
2260 1760
803 1760
1417 1366
1417 204
1366 204
386 117
386 1670
386 532
117 1670
117 532
1670 532
715 715
2128 2102
2128 803
2102 803
920 665
2128 803
2128 2102
803 2102
730 277
730 903
277 903
936 454
936 2067
454 2067
1356 2134
1789 747
1789 277
1789 903
747 277
747 903
277 903
1800 1088
1800 838
1800 2187
1088 838
1088 2187
838 2187
1130 84
940 1648
940 903
940 277
940 3
1648 903
1648 277
1648 3
903 277
903 3
277 3
1671 1114
1289 1289
2177 1670
2177 386
2177 1083
1670 386
1670 1083
386 1083
1123 1853
1123 1101
1853 1101
1779 1301
1779 867
1779 803
1301 867
1301 803
867 803
399 399
1548 1670
1548 1988
1670 1988
1087 1087
936 936
1114 1311
2138 2138
1452 803
920 665
278 278
296 296
665 686
715 955
1419 665
1419 2068
665 2068
1216 1216
1288 358
1256 1301
1256 1300
1256 2004
1301 1300
1301 2004
1300 2004
967 665
736 736
2235 671
2235 1036
2235 1936
671 1036
671 1936
1036 1936
290 665
496 1572
496 1409
1572 1409
715 715
341 341
954 1670
1301 803
2260 1035
1692 967
1692 665
967 665
1772 1768
131 1114
1388 1670
300 300
1926 948
1926 555
948 555
1164 1164
1027 678
1027 1995
678 1995
940 903
940 277
903 277
1005 358
1005 665
358 665
1377 2134
1557 1557
475 475
2239 1482
949 949
2260 1382
2260 1035
867 1032
867 435
867 1301
1032 435
1032 1301
435 1301
1337 694
1779 1750
300 300
1667 678
1670 386
1670 1988
386 1988
2138 904
2138 1881
904 1881
954 386
370 370
336 2260
824 277
824 747
277 747
273 518
273 1312
518 1312
1335 1301
671 760
671 1936
760 1936
803 1301
967 67
987 987
1752 803
2247 1674
715 715
1371 904
1371 36
904 36
955 1234
1009 1300
1009 2004
1300 2004
199 1936
199 176
199 2235
199 671
1936 176
1936 2235
1936 671
176 2235
176 671
2235 671
1256 1031
1256 1301
1031 1301
190 2260
190 574
2260 574
1653 629
300 300
605 803
605 1301
803 1301
2138 867
2138 1779
867 1779
671 1936
760 1936
1789 1556
51 51
1959 358
1454 644
686 665
155 1670
1549 9
998 341
1384 252
1384 386
252 386
558 558
1214 904
1652 665
2074 2260
2074 678
2074 1301
2074 867
2074 803
2074 2138
2074 1779
2074 1881
2074 879
2260 678
2260 1301
2260 867
2260 803
2260 2138
2260 1779
2260 1881
2260 879
678 1301
678 867
678 803
678 2138
678 1779
678 1881
678 879
1301 867
1301 803
1301 2138
1301 1779
1301 1881
1301 879
867 803
867 2138
867 1779
867 1881
867 879
803 2138
803 1779
803 1881
803 879
2138 1779
2138 1881
2138 879
1779 1881
1779 879
1881 879
1610 1670
1295 358
397 397
1789 1083
1870 1870
1531 1936
2239 1750
2239 803
1750 803
264 264
1619 1301
1619 803
1301 803
1382 2260
867 1779
867 589
1779 589
357 665
2165 1670
1573 1573
1388 1388
1708 1670
2195 715
1465 920
814 1556
814 1789
814 386
1556 1789
1556 386
1789 386
2168 2168
686 1652
686 665
1652 665
461 2253
461 360
461 341
2253 360
2253 341
360 341
155 1670
62 1766
1789 1556
61 323
61 385
323 385
486 1917
1404 857
387 2134
751 751
917 1114
2168 77
462 1111
462 760
462 1936
1111 760
1111 1936
760 1936
1232 934
1552 1552
686 686
2197 2197
62 1715
62 169
62 2134
1715 169
1715 2134
169 2134
2168 1975
386 1988
386 1175
1988 1175
715 715
1076 1076
803 803
230 230
1550 1550
715 715
113 2105
243 243
2260 803
867 1301
867 1150
867 1224
867 678
867 803
867 1095
867 2138
1301 1150
1301 1224
1301 678
1301 803
1301 1095
1301 2138
1150 1224
1150 678
1150 803
1150 1095
1150 2138
1224 678
1224 803
1224 1095
1224 2138
678 803
678 1095
678 2138
803 1095
803 2138
1095 2138
803 2260
803 867
803 1301
2260 867
2260 1301
867 1301
803 2260
803 1301
803 867
2260 1301
2260 867
1301 867
803 2260
803 867
803 1301
2260 867
2260 1301
867 1301
2260 803
1087 1087
2260 803
596 596
110 803
2197 544
414 386
2260 1365
2260 1035
2260 1301
2260 803
1301 803
683 1976
1573 586
338 386
167 277
942 378
942 541
942 1530
378 541
378 1530
541 1530
544 544
1262 1965
1262 684
1262 1011
1262 1445
1262 1005
1262 358
1965 684
1965 1011
1965 1445
1965 1005
1965 358
684 1011
684 1445
684 1005
684 358
1011 1445
1011 1005
1011 358
1445 1005
1445 358
1005 358
886 886
2128 803
1573 803
2128 803
2128 2102
803 2102
601 1779
601 867
601 1301
1779 867
1779 1301
867 1301
1409 1409
695 695
803 803
154 1461
154 2262
1461 2262
1049 1049
1936 1936
230 230
1409 1409
2263 2263
1423 1423
154 2262
154 805
154 2174
2262 805
2262 2174
805 2174
1988 747
1988 703
747 703
2070 2070
1175 1175
457 367
1224 794
1159 2134
1159 2197
2134 2197
1423 1423
1146 1224
347 1366
347 2032
347 50
1366 2032
1366 50
2032 50
364 364
1096 1096
765 1325
765 2134
1325 2134
2070 2070
1076 1076
399 399
397 397
417 417
1076 1076
463 2134
2197 2197
1409 1409
2116 1952
230 230
964 964
1278 1278
987 987
1076 1076
867 2138
867 1301
2138 1301
458 904
719 719
719 719
1657 703
1657 386
1657 236
1657 2075
1657 1175
1657 1988
1657 1144
1657 747
1657 277
1657 1188
703 386
703 236
703 2075
703 1175
703 1988
703 1144
703 747
703 277
703 1188
386 236
386 2075
386 1175
386 1988
386 1144
386 747
386 277
386 1188
236 2075
236 1175
236 1988
236 1144
236 747
236 277
236 1188
2075 1175
2075 1988
2075 1144
2075 747
2075 277
2075 1188
1175 1988
1175 1144
1175 747
1175 277
1175 1188
1988 1144
1988 747
1988 277
1988 1188
1144 747
1144 277
1144 1188
747 277
747 1188
277 1188
280 1757
458 458
399 399
1076 1076
150 1807
150 1024
1807 1024
1519 1519
695 2244
2089 2089
904 39
904 772
39 772
1076 1076
397 397
397 397
1670 386
1670 1988
386 1988
252 1366
252 347
1366 347
533 533
1349 1889
1686 1543
1333 1333
2092 2092
1433 460
903 277
224 224
399 399
1076 1076
565 565
665 665
230 230
397 397
987 987
1930 1930
397 397
2272 2272
719 719
397 397
1085 928
1657 1988
1657 386
1657 703
1988 386
1988 703
386 703
1821 1821
399 399
2272 2272
1076 1076
2042 399
803 803
565 565
380 380
2067 2067
1670 1657
1670 386
1670 1988
1657 386
1657 1988
386 1988
1433 1433
359 2134
359 782
2134 782
397 397
397 397
987 987
1048 1048
652 2115
747 747
779 1654
779 276
779 1850
779 1432
1654 276
1654 1850
1654 1432
276 1850
276 1432
1850 1432
987 987
2088 2088
1615 1615
240 240
2229 2229
987 987
2042 399
399 399
730 277
730 903
277 903
67 67
28 28
208 1366
1048 665
688 688
37 37
336 336
1366 644
1366 2252
1366 208
644 2252
644 208
2252 208
1127 1127
1550 508
1550 226
508 226
792 792
279 511
1976 1976
2139 2139
1455 736
803 803
803 803
367 626
2230 1297
1413 1413
2117 256
987 987
1340 207
1243 1243
2062 990
683 200
2012 399
399 1000
373 8
373 1599
373 1870
8 1599
8 1870
1599 1870
934 934
909 252
1781 1789
2165 678
300 300
1005 1262
1005 1965
1005 1445
1005 358
1262 1965
1262 1445
1262 358
1965 1445
1965 358
1445 358
312 803
160 1363
1224 1224
893 1396
751 603
840 1983
1076 1076
1978 1978
386 386
226 1900
226 2271
226 483
1900 2271
1900 483
2271 483
1547 1547
403 403
2228 2228
397 397
2134 2134
1670 1988
715 715
230 230
803 803
803 803
803 803
803 803
803 803
803 803
803 803
803 803
803 803
803 803
803 803
803 803
803 803
1301 1301
803 803
803 803
803 803
867 867
867 867
867 867
803 803
867 867
544 544
1662 1855
1662 293
1662 512
1662 720
1662 396
1662 1542
1662 1275
1855 293
1855 512
1855 720
1855 396
1855 1542
1855 1275
293 512
293 720
293 396
293 1542
293 1275
512 720
512 396
512 1542
512 1275
720 396
720 1542
720 1275
396 1542
396 1275
1542 1275
1936 1936
397 397
230 1064
230 230
230 476
2116 1952
695 695
452 452
67 67
230 230
2134 2134
987 987
309 309
1230 1230
542 1517
1952 1952
519 519
420 420
360 360
1863 1863
1562 1562
753 753
1064 397
1042 922
1042 743
922 743
2227 2227
1339 1339
759 896
1863 1863
1519 1519
1064 1064
1409 1409
2033 2033
1952 1600
1395 1395
332 332
1921 1921
812 812
857 857
1863 1863
1411 1411
1412 146
1412 1596
146 1596
1103 1103
725 725
222 1022
71 71
1382 1382
732 732
726 1304
726 543
726 2143
1304 543
1304 2143
543 2143
397 397
1760 1941
745 606
745 1875
606 1875
1295 1295
1419 665
1419 2068
665 2068
74 358
2142 2142
617 617
1534 1534
616 616
493 493
1763 1763
617 2169
218 218
1060 1060
1789 1083
2210 2096
2062 990
1751 1751
1884 1884
987 1078
1783 1536
1783 403
1536 403
650 650
904 904
67 514
1409 1169
1409 421
1169 421
780 767
780 2152
767 2152
993 1536
993 403
993 1783
1536 403
1536 1783
403 1783
614 2270
724 724
514 797
904 1253
403 403
67 1719
67 514
1719 514
1392 1126
1392 2003
1392 50
1126 2003
1126 50
2003 50
2163 1126
2163 2003
2163 50
1126 2003
1126 50
2003 50
993 1783
993 1536
1783 1536
514 67
594 904
1504 1224
514 1713
514 1023
1713 1023
2282 1719
2282 1023
1719 1023
1748 1783
1748 993
1783 993
594 904
67 67
171 1444
171 600
171 1693
1444 600
1444 1693
600 1693
50 1366
50 768
1366 768
67 67
67 67
1783 1748
1783 993
1748 993
1366 50
2003 2003
67 514
67 1409
67 2192
67 921
67 2270
67 598
514 1409
514 2192
514 921
514 2270
514 598
1409 2192
1409 921
1409 2270
1409 598
2192 921
2192 2270
2192 598
921 2270
921 598
2270 598
67 514
67 1409
67 2192
67 921
67 2270
67 598
514 1409
514 2192
514 921
514 2270
514 598
1409 2192
1409 921
1409 2270
1409 598
2192 921
2192 2270
2192 598
921 2270
921 598
2270 598
2003 2003
277 191
260 2002
933 933
1036 67
1036 1719
67 1719
2003 2003
67 791
1942 1153
209 267
904 1476
1153 1942
1224 1521
410 410
904 904
904 992
1722 1722
1722 1722
1065 1065
1153 1942
1722 1488
1722 144
1488 144
933 933
1123 50
1123 1366
1123 576
50 1366
50 576
1366 576
1289 1988
1289 576
1988 576
67 247
992 992
1146 1224
1066 737
1066 2270
1066 1153
737 2270
737 1153
2270 1153
992 992
221 148
221 2278
221 148
221 86
2278 148
2278 86
148 86
1483 191
1483 656
191 656
956 191
1917 1917
1722 1722
576 2003
576 50
576 1289
2003 50
2003 1289
50 1289
1319 2070
724 454
1118 1118
277 1988
277 703
1988 703
1380 261
1380 880
261 880
1146 1224
1114 1114
924 191
924 1472
191 1472
933 1189
933 307
933 1507
1189 307
1189 1507
307 1507
2063 1988
933 808
933 580
933 307
808 580
808 307
580 307
1713 1713
1162 1118
94 724
94 454
724 454
221 148
221 86
148 86
1713 1713
1238 1734
1238 1722
1734 1722
523 380
2003 2003
2197 2197
67 771
454 724
1483 191
1483 164
1483 982
191 164
191 982
164 982
454 724
454 1432
454 1293
724 1432
724 1293
1432 1293
536 454
536 724
454 724
1146 1224
2032 50
2282 2282
2215 2270
1942 1867
346 1066
346 1153
346 2270
1066 1153
1066 2270
1153 2270
584 724
2134 542
2134 1517
542 1517
67 636
89 89
1401 2246
1063 1063
1713 1713
307 307
166 67
247 636
247 2111
636 2111
1649 1649
1713 1713
371 209
371 1038
209 1038
1153 1153
1153 1950
67 1801
1988 703
1988 1289
703 1289
380 380
380 380
1487 22
1487 851
1487 562
1487 2013
1487 156
1487 1893
1487 2008
22 851
22 562
22 2013
22 156
22 1893
22 2008
851 562
851 2013
851 156
851 1893
851 2008
562 2013
562 156
562 1893
562 2008
2013 156
2013 1893
2013 2008
156 1893
156 2008
1893 2008
614 437
794 1224
904 904
67 67
291 291
1713 1713
221 148
221 86
148 86
67 67
1713 1098
371 1830
1224 1464
1464 1224
150 1394
150 769
1394 769
1713 1713
515 1373
1153 1153
1669 867
2282 2282
307 307
67 67
2063 1946
2063 472
1946 472
307 307
307 307
1741 1741
1713 1713
678 1607
1150 1224
1094 1030
18 520
923 923
1733 1733
1193 1193
128 128
439 42
439 1466
42 1466
546 546
33 33
491 491
651 651
932 932
1370 1370
2064 2064
1762 1762
1883 130
14 14
1007 1007
2277 2277
307 307
307 307
1142 75
1142 1967
75 1967
504 504
1195 2151
1195 1203
2151 1203
866 866
497 80
1833 2145
1833 19
2145 19
1945 1945
1128 957
1447 1447
1181 1181
863 1918
1459 1479
1268 1268
2264 2264
1358 1358
957 957
1332 1332
974 1106
974 1522
1106 1522
1894 1894
2114 2114
689 689
1373 371
1271 2044
1741 1741
1441 1441
69 69
1834 494
1834 1565
1834 1563
494 1565
494 1563
1565 1563
2056 591
2056 100
591 100
488 1857
828 1034
1755 485
1755 697
1755 1357
485 697
485 1357
697 1357
1776 282
1776 324
1776 1173
1776 479
282 324
282 1173
282 479
324 1173
324 479
1173 479
1799 1799
1541 2287
1097 1097
1741 1741
695 695
1397 1397
1074 837
1074 2171
837 2171
467 687
467 2118
687 2118
1209 563
1209 1621
1209 914
563 1621
563 914
1621 914
356 2079
356 1668
2079 1668
2029 1036
1660 2256
1660 1167
2256 1167
1948 1957
1948 1951
1957 1951
103 103
1918 863
1918 30
863 30
1897 289
1897 67
289 67
1207 2258
739 418
540 1729
516 1558
516 1165
1558 1165
446 2097
165 165
1201 1201
1568 787
1568 1840
787 1840
1666 85
1666 381
1666 845
85 381
85 845
381 845
1784 1784
548 548
49 1176
1003 2010
529 1646
2224 2224
718 356
718 500
356 500
366 366
46 46
53 471
53 885
471 885
18 18
307 307
1911 1911
257 938
257 537
938 537
326 326
1399 1399
1406 1406
1802 1947
1802 1569
1947 1569
1153 1942
1775 1989
1775 389
1775 1128
1989 389
1989 1128
389 1128
2170 58
2181 1053
2181 2194
2181 484
2181 2252
2181 1768
1053 2194
1053 484
1053 2252
1053 1768
2194 484
2194 2252
2194 1768
484 2252
484 1768
2252 1768
1014 627
2155 2155
2201 2201
2264 566
2264 250
2264 1754
2264 1470
2264 1698
2264 1982
2264 1344
2264 402
2264 1272
566 250
566 1754
566 1470
566 1698
566 1982
566 1344
566 402
566 1272
250 1754
250 1470
250 1698
250 1982
250 1344
250 402
250 1272
1754 1470
1754 1698
1754 1982
1754 1344
1754 402
1754 1272
1470 1698
1470 1982
1470 1344
1470 402
1470 1272
1698 1982
1698 1344
1698 402
1698 1272
1982 1344
1982 402
1982 1272
1344 402
1344 1272
402 1272
1324 1443
1324 1389
1324 176
1443 1389
1443 176
1389 176
1167 1167
655 1503
655 811
1503 811
872 872
1791 1841
1791 674
1841 674
1813 1813
1409 1169
1409 1282
1169 1282
827 2220
827 1797
827 510
2220 1797
2220 510
1797 510
2069 81
2069 899
2069 1426
81 899
81 1426
899 1426
141 1840
67 67
2263 904
1764 1764
2269 2269
1287 1151
1792 222
1532 2054
328 577
328 1508
577 1508
648 863
648 1143
648 201
863 1143
863 201
1143 201
665 791
992 992
1036 2134
788 788
970 970
1954 804
1954 633
1954 538
804 633
804 538
633 538
121 1595
121 1639
121 615
1595 1639
1595 615
1639 615
883 30
883 15
30 15
1659 832
1659 662
832 662
647 1958
647 112
1958 112
746 1403
1843 1916
1843 238
1843 445
1916 238
1916 445
238 445
1019 678
1058 1174
1308 38
470 2234
744 744
444 444
1132 244
1132 1429
244 1429
2238 1386
2238 599
1386 599
1019 699
1310 2211
1310 2052
1310 1820
1310 1057
2211 2052
2211 1820
2211 1057
2052 1820
2052 1057
1820 1057
664 1420
664 109
1420 109
320 320
1122 111
919 1071
69 1286
1641 902
1641 677
902 677
803 803
2170 58
1709 1709
681 1315
681 1481
1315 1481
788 788
1499 1499
1178 1679
1381 1381
2106 2106
704 2060
704 489
2060 489
1603 2021
1603 1601
1603 1961
2021 1601
2021 1961
1601 1961
1994 2288
1994 1711
2288 1711
1258 2120
1538 609
1538 1145
609 1145
1431 2156
823 361
870 870
2282 2282
2213 2213
1284 1153
1792 129
756 669
2032 2252
2032 484
2032 50
2252 484
2252 50
484 50
2094 1375
2094 102
2094 831
1375 102
1375 831
102 831
18 18
2267 2267
2268 2234
2268 1361
2234 1361
2221 1385
2221 1535
2221 136
1385 1535
1385 136
1535 136
35 1851
35 1839
1851 1839
1008 1795
866 866
66 66
405 405
539 1705
803 2260
803 867
803 1301
803 1150
803 1224
803 678
803 2138
2260 867
2260 1301
2260 1150
2260 1224
2260 678
2260 2138
867 1301
867 1150
867 1224
867 678
867 2138
1301 1150
1301 1224
1301 678
1301 2138
1150 1224
1150 678
1150 2138
1224 678
1224 2138
678 2138
850 802
850 691
850 447
691 447
562 187
562 1893
562 1510
562 1815
187 1893
187 1510
187 1815
1893 1510
1893 1815
1510 1815
1673 773
1673 630
773 630
1799 1799
1393 501
1707 229
1158 1617
1 67
1888 1398
1435 963
1435 270
1435 1093
1435 775
1435 1583
963 270
963 1093
963 775
963 1583
270 1093
270 775
270 1583
1093 775
1093 1583
775 1583
2144 1626
1498 1498
92 1424
92 513
92 1866
1424 513
1424 1866
513 1866
231 557
231 1213
231 343
231 1859
557 1213
557 343
557 1859
1213 343
1213 1859
343 1859
1456 1160
1456 521
1160 521
1206 666
1835 1835
1814 25
1814 1878
1814 2119
25 1878
25 2119
1878 2119
353 517
353 318
517 318
1114 1874
2203 2203
1280 205
1814 2119
1814 1879
1814 2237
1814 1485
2119 1879
2119 2237
2119 1485
1879 2237
1879 1485
2237 1485
718 802
1134 1134
758 2222
758 375
758 1523
2222 375
2222 1523
375 1523
830 1044
830 2179
1044 2179
478 478
448 1059
882 1817
882 2014
1817 2014
1594 1780
1594 1254
1780 1254
1864 1864
1741 1741
2099 1602
2099 1501
1602 1501
2209 1872
2209 1210
1872 1210
1838 957
1567 735
1567 1625
735 1625
67 1036
1632 980
1632 1079
1632 742
1632 1909
1632 170
980 1079
980 742
980 1909
980 170
1079 742
1079 1909
1079 170
742 1909
742 170
1909 170
1560 1560
1860 1985
1860 1868
1860 1379
1985 1868
1985 1379
1868 1379
1774 1491
1914 1914
826 591
611 524
2125 2136
753 753
729 1683
729 2180
1683 2180
1733 1733
1298 1939
607 1903
607 1448
1903 1448
1301 1224
715 715
1220 1220
1680 1372
1680 26
1680 1121
1372 26
1372 1121
26 1121
1513 1248
1513 597
1248 597
1513 1248
1513 597
1248 597
2162 2225
1816 1497
1816 2240
1816 40
1497 2240
1497 40
2240 40
287 1008
561 1896
505 1964
505 1124
1964 1124
2167 1891
1827 1827
1138 1474
2046 2007
2046 315
2007 315
786 1081
786 349
1081 349
1021 299
570 774
2275 2275
777 1968
772 39
772 904
772 2154
39 904
39 2154
904 2154
1980 1753
839 459
839 1773
459 1773
482 952
482 423
482 740
952 423
952 740
423 740
715 715
1577 272
1577 1847
272 1847
2197 2197
1139 1139
665 2029
2264 1665
351 2123
351 1125
2123 1125
903 3
903 277
903 1988
903 1126
903 179
3 277
3 1988
3 1126
3 179
277 1988
277 1126
277 179
1988 1126
1988 179
1126 179
464 126
2283 59
1570 1439
1570 628
1570 1182
1439 628
1439 1182
628 1182
1568 590
1568 972
590 972
55 1974
55 1635
1974 1635
1360 1360
790 995
2177 1670
2177 1988
1670 1988
1149 527
392 2231
392 658
2231 658
151 495
1895 850
307 307
347 50
1161 1180
2175 2059
931 2035
931 1296
2035 1296
1421 431
1421 1887
431 1887
1727 918
1119 149
1119 2037
1119 1225
149 2037
149 1225
2037 1225
1436 2031
1436 180
2031 180
1836 1842
2017 6
850 2085
850 447
2085 447
1110 1706
1110 2048
1110 988
1110 314
1706 2048
1706 988
1706 314
2048 988
2048 314
988 314
568 568
14 14
95 2159
1244 2036
1244 1102
2036 1102
398 308
398 2080
308 2080
1425 1425
901 2287
901 1141
2287 1141
108 1935
108 313
108 2071
1935 313
1935 2071
313 2071
234 2028
234 793
234 552
2028 793
2028 552
793 552
650 665
1114 1114
1898 1898
427 1036
427 514
1036 514
1881 678
1585 1697
560 560
307 307
234 234
1656 1758
1656 1120
1656 1688
1758 1120
1758 1688
1120 1688
992 992
1307 2184
1307 197
2184 197
1545 135
591 412
591 1971
412 1971
2258 1511
645 937
2273 2273
196 968
196 348
968 348
1171 1194
1171 281
1194 281
1188 386
1188 596
386 596
1811 1702
1194 1582
1194 1314
1194 877
1194 1171
1582 1314
1582 877
1582 1171
1314 877
1314 1171
877 1171
410 322
410 2032
322 2032
2153 1986
1638 1638
1367 573
971 971
660 795
660 376
795 376
715 1418
715 764
1418 764
1123 876
1 67
1869 1682
1759 864
1759 1620
864 1620
1490 937
398 2080
398 308
2080 308
958 1338
819 819
1554 937
2164 2233
2164 1589
2233 1589
1037 1037
422 1109
422 2203
422 419
1109 2203
1109 419
2203 419
1436 2031
1436 180
2031 180
178 1198
178 1529
178 175
178 526
178 741
1198 1529
1198 175
1198 526
1198 741
1529 175
1529 526
1529 741
175 526
175 741
526 741
1044 2179
1044 185
2179 185
930 930
961 613
192 761
882 882
450 450
1449 1449
894 894
1862 941
1862 895
1862 1963
941 895
941 1963
895 1963
1019 96
1072 294
1072 1695
294 1695
1898 1367
534 113
690 690
171 171
1238 1238
436 1528
436 7
436 1346
1528 7
1528 1346
7 1346
2032 1810
2032 283
2032 806
2032 50
1810 283
1810 806
1810 50
283 806
283 50
806 50
571 212
1168 1716
1435 1241
1435 1829
1435 564
1435 1328
1435 87
1241 1829
1241 564
1241 1328
1241 87
1829 564
1829 1328
1829 87
564 1328
564 87
1328 87
253 1212
253 1953
1212 1953
1670 954
1670 386
954 386
1540 1245
1739 634
1739 2197
634 2197
637 1051
637 1777
1051 1777
1036 1649
1036 427
1036 1555
1036 182
1036 232
1649 427
1649 1555
1649 182
1649 232
427 1555
427 182
427 232
1555 182
1555 232
182 232
1515 2133
1515 2132
2133 2132
785 372
785 1438
372 1438
410 410
663 1929
1284 1153
802 850
456 1694
456 2051
1694 2051
850 1647
850 2176
1647 2176
1927 1591
2016 67
283 2032
283 50
283 79
283 1070
2032 50
2032 79
2032 1070
50 79
50 1070
79 1070
568 568
1427 1061
1427 449
1061 449
916 2058
2265 1373
246 2132
246 363
246 1446
246 916
2132 363
2132 1446
2132 916
363 1446
363 916
1446 916
499 1933
499 820
1933 820
1981 415
1449 984
545 545
2083 1483
735 353
1622 1973
1622 90
1973 90
41 41
509 502
796 1598
796 676
796 2108
796 2039
1598 676
1598 2108
1598 2039
676 2108
676 2039
2108 2039
1450 1205
1811 1756
352 983
1890 1710
1890 214
1710 214
350 1409
350 2134
1409 2134
252 252
386 117
667 1428
667 1004
1428 1004
1768 1772
1768 2181
1768 947
1768 809
1768 1342
1772 2181
1772 947
1772 809
1772 1342
2181 947
2181 809
2181 1342
947 809
947 1342
809 1342
1352 426
1117 1117
588 588
1347 2024
210 898
1463 1463
1 67
194 45
1532 143
1532 2030
143 2030
1532 143
1532 2030
143 2030
554 1732
552 1880
552 2226
552 1255
1880 2226
1880 1255
2226 1255
1876 98
1876 1678
1876 413
1876 2188
1876 1185
98 1678
98 413
98 2188
98 1185
1678 413
1678 2188
1678 1185
413 2188
413 1185
2188 1185
1196 161
1400 1782
2257 1575
410 1015
198 965
198 1962
965 1962
848 2232
848 1980
848 2206
848 1753
2232 1980
2232 2206
2232 1753
1980 2206
1980 1753
2206 1753
1347 2024
1515 2133
1515 2132
2133 2132
1467 1467
1515 1793
1515 1322
1515 2132
1793 1322
1793 2132
1322 2132
547 288
1789 386
1789 747
386 747
953 1494
953 1873
1494 1873
1374 2055
1374 1348
2055 1348
1767 265
1767 434
265 434
1604 1690
1773 325
2040 842
1043 873
1043 1163
1043 800
873 1163
873 800
1163 800
976 1104
976 1539
1104 1539
2202 1512
1613 1045
1613 142
1613 1720
1045 142
1045 1720
142 1720
1856 1643
1822 1004
1822 1435
1004 1435
1416 329
1416 469
1416 2147
329 469
329 2147
469 2147
1676 850
1223 353
1223 735
353 735
1449 984
953 2250
953 716
953 1681
2250 716
2250 1681
716 1681
319 177
319 1217
319 1553
319 1505
177 1217
177 1553
177 1505
1217 1553
1217 1505
1553 1505
1885 1915
1885 2148
1885 1803
1915 2148
1915 1803
2148 1803
551 473
551 1645
473 1645
1369 1369
2095 407
807 2191
807 449
2191 449
862 2185
862 2207
2185 2207
1204 237
1204 951
237 951
1526 535
2093 140
2093 925
2093 277
140 925
140 277
925 277
1909 980
1909 1632
1909 1079
980 1632
980 1079
1632 1079
451 451
29 67
29 661
67 661
2197 2173
1581 2182
4 1486
4 2214
4 2243
1486 2214
1486 2243
2214 2243
1020 1420
1020 219
1420 219
1835 275
571 1655
571 186
1655 186
1276 124
1347 2024
1486 643
1486 2214
643 2214
908 642
908 168
642 168
2045 67
2045 661
67 661
585 2078
585 118
2078 118
57 57
904 904
942 1560
942 892
1560 892
990 120
1630 2032
1630 595
2032 595
1588 1223
1588 735
1588 353
1223 735
1223 353
735 353
862 1724
67 679
1002 678
386 1188
386 377
1188 377
978 138
410 679
410 1015
679 1015
2284 1544
2284 1036
2284 1649
1544 1036
1544 1649
1036 1649
252 316
252 386
316 386
653 653
326 145
326 1409
145 1409
735 1425
735 1223
735 1023
1425 1223
1425 1023
1223 1023
67 202
1728 1995
1329 1334
1329 1402
1334 1402
2284 706
2284 1153
706 1153
171 1658
171 1792
1658 1792
1623 1785
468 65
468 1047
65 1047
1329 1329
1633 1792
1633 2199
1792 2199
1267 734
1267 1006
1267 137
1267 2026
734 1006
734 137
734 2026
1006 137
1006 2026
137 2026
821 1578
821 113
1578 113
78 1858
940 277
940 903
277 903
1713 1794
661 858
992 992
316 386
316 252
316 1988
386 252
386 1988
252 1988
1650 1320
553 1249
553 113
553 441
553 271
553 556
553 477
1249 113
1249 441
1249 271
1249 556
1249 477
113 441
113 271
113 556
113 477
441 271
441 556
441 477
271 556
271 477
556 477
1388 703
1388 1670
703 1670
623 1223
623 735
623 353
1223 735
1223 353
735 353
534 334
401 1631
401 2197
1631 2197
915 353
1311 1114
1311 891
1114 891
1131 623
1131 157
1131 1223
1131 353
1131 735
623 157
623 1223
623 353
623 735
157 1223
157 353
157 735
1223 353
1223 735
353 735
1730 1730
1083 386
1083 2177
1083 1789
386 2177
386 1789
2177 1789
755 1179
755 67
1179 67
72 1902
72 514
72 391
1902 514
1902 391
514 391
1237 1237
1179 679
1179 1651
1179 410
679 1651
679 410
1651 410
1299 1092
1299 1353
1299 2197
1092 1353
1092 2197
1353 2197
967 967
728 728
67 67
440 2208
440 585
440 1249
2208 585
2208 1249
585 1249
1468 2076
1468 815
1468 1783
2076 815
2076 1783
815 1783
1544 1544
1036 427
1036 2134
1036 514
1036 2029
427 2134
427 514
427 2029
2134 514
2134 2029
514 2029
1634 1634
1719 394
602 602
2103 1649
2103 1082
2103 874
1649 1082
1649 874
1082 874
2146 707
2146 1506
2146 277
2146 940
2146 1033
707 1506
707 277
707 940
707 1033
1506 277
1506 940
1506 1033
277 940
277 1033
940 1033
492 1359
492 2087
1359 2087
675 1169
992 992
1451 668
1451 159
1451 1489
1451 990
1451 868
1451 861
1451 1321
1451 506
668 159
668 1489
668 990
668 868
668 861
668 1321
668 506
159 1489
159 990
159 868
159 861
159 1321
159 506
1489 990
1489 868
1489 861
1489 1321
1489 506
990 868
990 861
990 1321
990 506
868 861
868 1321
868 506
861 1321
861 506
1321 506
1150 1224
703 1988
703 277
1988 277
1018 191
221 148
221 86
148 86
291 291
1018 1018
990 1579
990 1321
1579 1321
367 367
410 410
221 86
221 424
86 424
307 307
849 849
307 307
1106 494
439 439
578 1435
18 307
577 1435
1368 1446
1368 1922
1446 1922
125 125
1713 1704
1713 1749
1713 1854
1713 891
1713 846
1704 1749
1704 1854
1704 891
1704 846
1749 1854
1749 891
1749 846
1854 891
1854 846
891 846
449 449
1387 1387
1749 1749
708 708
83 83
29 29
942 942
480 480
1984 1984
2107 2107
1409 1409
1409 1409
2077 22
2077 562
22 562
1409 1409
992 307
992 834
992 191
834 191
1500 926
144 1153
144 1722
1153 1722
1153 144
1153 1722
144 1722
82 82
2077 22
2077 2134
22 2134
1153 1722
1153 144
1153 1722
144 1722
144 1153
144 1722
1153 1722
1722 144
1722 1153
144 1153
425 1153
425 1722
1153 1722
1153 1722
1153 144
1722 144
1036 996
1247 1247
144 1722
144 1153
1722 1153
904 291
1409 1409
1942 1153
1942 144
1153 144
425 1153
1323 1323
1722 1488
1722 1153
1722 144
1488 1153
1488 144
1153 144
82 82
1378 1612
1378 1991
1612 1991
1153 1942
277 277
1153 1942
1153 144
1942 144
1409 1409
430 1928
430 1923
430 1608
1928 1923
1928 1608
1923 1608
1153 1942
1153 1942
1942 1153
395 1265
144 1722
144 1153
1722 1153
144 1722
144 1153
1722 1153
1146 1224
1146 1422
1224 1422
880 2270
880 1737
2270 1737
2216 1844
2216 2019
2216 2266
1844 2019
1844 2266
2019 2266
2266 1844
2266 2019
2266 2216
1844 2019
1844 2216
2019 2216
1722 1488
1722 144
1488 144
2274 2274
2019 768
2019 2216
2019 2266
768 2216
768 2266
2216 2266
1488 1722
1713 1719
172 712
1089 724
307 307
1247 1932
1247 1663
1247 721
1932 1663
1932 721
1663 721
1799 1799
1229 1229
549 549
307 307
1103 1844
1305 1305
1870 768
1870 267
768 267
2274 2274
2274 2274
1560 1560
67 67
172 172
562 562
1870 768
2216 1844
2216 2266
1844 2266
1028 1028
1197 1722
799 799
2197 2197
2223 2223
673 673
1722 89
291 291
1871 1871
1818 1496
1818 241
1496 241
89 1722
1722 89
1560 1560
528 267
528 1129
267 1129
1719 1719
1719 1719
1150 1150
1722 1722
89 1722
67 67
1605 990
1238 1722
172 335
172 1477
335 1477
1028 1028
1153 1942
1153 1987
1942 1987
1649 1649
1649 1649
410 410
1934 1259
1934 2238
1934 559
1259 2238
1259 559
2238 559
67 67
1942 1942
1153 1153
67 514
67 67
67 67
850 2065
850 355
2065 355
1672 1672
2057 6
2057 1313
6 1313
1770 1113
1770 2212
1770 365
1770 569
1113 2212
1113 365
1113 569
2212 365
2212 569
365 569
987 2134
987 900
2134 900
391 2029
2192 921
2192 1155
921 1155
1988 2127
67 67
650 1242
1146 1224
1584 86
1584 453
86 453
750 2073
750 2178
750 306
2073 2178
2073 306
2178 306
1229 1229
1988 2063
1988 1144
2063 1144
1366 1123
1366 50
1366 1144
1123 50
1123 1144
50 1144
1472 191
1472 104
191 104
2084 2084
399 1988
1116 1525
1116 483
1525 483
939 1899
2063 1988
2063 1997
1988 1997
1741 1741
657 657
1942 1942
715 67
703 703
2032 408
715 67
946 1114
277 592
1154 907
1114 1943
1435 67
1037 1037
1484 1435
1484 916
1435 916
880 67
880 2281
67 2281
404 621
1347 2024
667 1004
880 880
67 784
67 474
67 249
67 618
784 474
784 249
784 618
474 249
474 618
249 618
1329 1334
1329 1402
1334 1402
1614 455
1988 1988
1018 1018
1867 1153
1741 1741
1741 1741
67 67
67 67
448 448
810 1809
2032 408
1362 18
1362 307
18 307
1670 1988
1670 1966
1988 1966
1955 1955
44 1929
817 5
817 67
5 67
60 1495
60 997
1495 997
817 5
817 67
5 67
397 397
1226 1226
1924 64
1924 1140
64 1140
1355 235
127 1050
836 927
836 1040
927 1040
1924 1924
1846 962
235 235
1845 1845
1882 572
1882 1825
572 1825
1637 1137
1661 1701
1661 844
1661 225
1701 844
1701 225
844 225
1355 330
1375 1055
1375 1453
1375 246
1375 163
1055 1453
1055 246
1055 163
1453 246
1453 163
246 163
2053 249
307 307
1354 1240
1354 307
1354 1507
1240 307
1240 1507
307 1507
1713 1713
307 307
622 622
173 173
1804 913
1804 713
913 713
1108 2251
173 173
307 307
307 307
1473 1473
302 808
307 307
1605 1605
1742 1742
943 943
2158 2158
1166 929
1166 76
929 76
307 307
2146 2146
525 2251
525 2285
525 2146
2251 2285
2251 2146
2285 2146
1823 999
1901 1901
1624 1988
843 843
307 307
307 307
1091 1091
1703 1738
1080 1080
1799 1799
307 307
307 307
307 307
307 307
692 692
2189 2189
1605 1605
1742 21
2019 2216
1114 1114
307 307
1799 1799
307 307
307 307
307 307
307 307
307 307
1586 1586
307 307
2286 2286
710 710
307 307
722 1992
722 2245
1992 2245
1992 516
1992 1819
516 1819
18 520
1876 413
610 1551
1920 1920
18 18
1937 620
1937 374
1937 354
1937 1263
620 374
620 354
620 1263
374 354
374 1263
354 1263
383 1786
1026 1069
1026 1912
1069 1912
1723 1187
1723 1771
1187 1771
1805 1805
1533 1533
105 855
220 220
911 1327
2149 906
2149 106
2149 822
2149 1546
2149 195
2149 2241
906 106
906 822
906 1546
906 195
906 2241
106 822
106 1546
106 195
106 2241
822 1546
822 195
822 2241
1546 195
1546 2241
195 2241
1351 1761
1351 1172
1351 1740
1351 1905
1351 733
1761 1172
1761 1740
1761 1905
1761 733
1172 1740
1172 1905
1172 733
1740 1905
1740 733
1905 733
246 266
246 2132
246 1107
266 2132
266 1107
2132 1107
1960 2025
1960 1362
1960 2236
2025 1362
2025 2236
1362 2236
1260 2126
1260 152
1260 698
2126 152
2126 698
152 698
183 183
242 912
1765 825
305 1576
305 1309
305 2081
305 1435
1576 1309
1576 2081
1576 1435
1309 2081
1309 1435
2081 1435
119 1073
119 612
119 428
1073 612
1073 428
612 428
608 1998
411 68
640 1283
727 1252
727 966
1252 966
443 465
443 641
443 1886
443 1290
443 2023
465 641
465 1886
465 1290
465 2023
641 1886
641 1290
641 2023
1886 1290
1886 2023
1290 2023
1376 2090
1410 1410
1204 237
1204 951
237 951
1824 1274
245 229
1699 211
1699 311
1699 223
211 311
211 223
311 223
1156 1039
1156 227
1039 227
474 723
393 393
1675 43
1644 2050
1644 1559
1644 1266
1644 1812
1644 1236
2050 1559
2050 1266
2050 1812
2050 1236
1559 1266
1559 1812
1559 1236
1266 1812
1266 1236
1812 1236
115 1891
1306 1306
1736 1709
1736 2124
1736 1907
1709 2124
1709 1907
2124 1907
139 916
139 320
916 320
337 337
158 310
158 1518
310 1518
852 1364
52 1533
52 52
1533 52
1196 1196
23 1745
23 249
1745 249
409 1627
47 1892
47 2259
1892 2259
865 1561
1260 2126
1260 698
1260 152
2126 698
2126 152
698 152
985 985
2086 2086
975 1279
975 317
1279 317
2009 871
2204 1509
2204 2137
1509 2137
1640 1640
1020 1664
1020 219
1020 1420
1664 219
1664 1420
219 1420
1778 2081
1778 1435
2081 1435
1735 1970
2141 2141
579 1919
579 2101
1919 2101
1233 1587
1233 1090
1587 1090
762 400
762 878
400 878
481 604
34 1865
34 1689
1865 1689
631 2217
269 1029
269 2018
1029 2018
342 342
2022 2109
133 321
133 1912
133 123
321 1912
321 123
1912 123
1684 2100
1684 693
1684 1442
2100 693
2100 1442
693 1442
88 854
88 1090
854 1090
31 416
31 986
416 986
52 1533
52 52
1533 52
1052 910
1133 1279
1133 2131
1279 2131
1257 1257
292 912
1929 663
1929 303
663 303
571 916
571 2110
916 2110
1147 1269
1147 973
1269 973
498 254
498 1996
254 1996
122 114
122 1746
114 1746
581 20
581 1292
20 1292
1668 2124
1668 2287
2124 2287
2113 1330
2113 1215
2113 303
1330 1215
1330 303
1215 303
889 2015
889 705
2015 705
1680 1121
1642 2121
1642 1616
1642 959
2121 1616
2121 959
1616 959
991 991
468 65
468 1047
65 1047
2279 754
2279 390
2279 2196
754 390
754 2196
390 2196
2205 181
2205 63
181 63
887 887
2034 2005
2034 711
2034 2104
2005 711
2005 2104
711 2104
985 11
816 429
816 1931
429 1931
99 2161
407 268
2020 70
122 114
122 1746
114 1746
1564 2011
1564 2135
2011 2135
749 749
881 989
2166 2166
672 1611
2226 1788
2059 1460
2059 1592
1460 1592
2020 2020
188 823
188 303
823 303
1993 1743
1972 2226
1972 619
2226 619
1303 17
1303 1115
17 1115
1944 1778
1944 1316
1778 1316
1747 1717
1747 781
1747 344
1747 646
1747 781
1717 781
1717 344
1717 646
1717 781
781 344
781 646
781 781
344 646
344 781
646 781
2183 1700
2183 132
2183 507
2183 2157
2183 1832
1700 132
1700 507
1700 2157
1700 1832
132 507
132 2157
132 1832
507 2157
507 1832
2157 1832
1861 10
1861 1848
1861 1336
10 1848
10 1336
1848 1336
2112 2112
2091 1302
2091 2059
2091 503
2091 1725
1302 2059
1302 503
1302 1725
2059 503
2059 1725
503 1725
801 835
801 875
835 875
659 2
1152 388
101 1291
101 1222
101 503
1291 1222
1291 503
1222 503
206 262
206 132
206 286
206 1990
206 1017
262 132
262 286
262 1990
262 1017
132 286
132 1990
132 1017
286 1990
286 1017
1990 1017
1190 2219
1190 1104
2219 1104
1068 1940
1068 1877
1940 1877
1778 1778
455 1721
455 1524
455 1677
455 1294
455 1590
455 442
1721 1524
1721 1677
1721 1294
1721 1590
1721 442
1524 1677
1524 1294
1524 1590
1524 442
1677 1294
1677 1590
1677 442
1294 1590
1294 442
1590 442
285 1574
285 625
285 593
285 2129
285 1227
1574 625
1574 593
1574 2129
1574 1227
625 593
625 2129
625 1227
593 2129
593 1227
2129 1227
717 1514
717 2186
717 1516
1514 2186
1514 1516
2186 1516
383 1786
383 54
383 1628
383 789
1786 54
1786 1628
1786 789
54 1628
54 789
1628 789
2059 752
2059 994
2059 2190
752 994
752 2190
994 2190
1687 1157
1593 284
1593 345
284 345
2172 1170
2172 781
2172 2122
2172 781
1170 781
1170 2122
1170 781
781 2122
781 781
2122 781
1326 2061
1906 1906
2046 1183
2046 583
2046 1054
2046 2007
1183 583
1183 1054
1183 2007
583 1054
583 2007
1054 2007
1062 1062
950 950
406 406
1250 1696
13 897
13 132
13 639
13 1990
13 1430
897 132
897 639
897 1990
897 1430
132 639
132 1990
132 1430
639 1990
639 1430
1990 1430
905 2200
905 1606
2200 1606
890 1012
217 649
217 1908
217 582
217 1296
217 1908
649 1908
649 582
649 1296
649 1908
1908 582
1908 1296
1908 1908
582 1296
582 1908
1296 1908
944 2254
944 1908
944 1798
944 1908
2254 1908
2254 1798
2254 1908
1908 1798
1908 1908
1798 1908
1152 388
2066 2149
2066 195
2066 106
2066 906
2066 1546
2149 195
2149 106
2149 906
2149 1546
195 106
195 906
195 1546
106 906
106 1546
906 1546
1170 184
1170 1270
1170 1227
184 1270
184 1227
1270 1227
632 632
522 331
18 18
842 1227
1177 1790
1177 383
1177 503
1177 487
1177 945
1790 383
1790 503
1790 487
1790 945
383 503
383 487
383 945
503 487
503 945
487 945
1343 1925
1343 73
1343 781
1925 73
1925 781
73 781
1075 2160
1075 412
1075 1908
2160 412
2160 1908
412 1908
18 18
1492 1112
1492 1239
1492 258
1112 1239
1112 258
1239 258
1067 1808
1067 763
1808 763
935 2056
935 433
935 345
2056 433
2056 345
433 345
153 1904
670 1502
670 140
670 925
1502 140
1502 925
140 925
1017 286
295 1493
295 132
295 174
295 1990
295 770
1493 132
1493 174
1493 1990
1493 770
132 174
132 1990
132 770
174 1990
174 770
1990 770
1318 1285
1318 1434
1285 1434
2249 1744
1219 1191
979 2006
2186 1629
2186 1831
1629 1831
1938 567
1938 696
567 696
1849 1200
709 783
888 888
1478 263
1478 255
1478 813
263 255
263 813
255 813
1414 1281
2098 860
2098 718
860 718
1773 1460
1469 203
1469 1769
1469 1826
203 1769
203 1826
1769 1826
2082 2249
2082 2130
2249 2130
1184 829
1184 776
829 776
147 147
1148 624
16 1046
16 1330
16 297
16 757
1046 1330
1046 297
1046 757
1330 297
1330 757
297 757
1025 624
2198 1618
2198 859
1618 859
369 369
842 842
1597 251
1597 1636
1597 587
251 1636
251 587
1636 587
1458 2218
1458 1277
1458 379
2218 1277
2218 379
1277 379
1691 977
1691 1685
977 1685
1264 1540
1235 1420
1235 1013
1235 1828
1420 1013
1420 1828
1013 1828
2261 1471
2261 1609
1471 1609
1041 1202
1041 582
1202 582
1731 384
1731 91
384 91
1211 1211
162 162
1714 856
1714 621
1714 1726
856 621
856 1726
621 1726
1787 2140
1787 1341
2140 1341
2001 1383
18 520
869 382
869 1712
869 438
382 1712
382 438
1712 438
798 432
798 1273
432 1273
1331 1317
1331 1475
1317 1475
1105 1105
18 520
1480 116
1391 2038
407 268
842 842
1969 738
1969 2150
1969 1231
738 2150
738 1231
2150 1231
847 884
1192 1218
1192 114
1218 114
97 1979
97 333
1979 333
2276 638
1056 1718
1056 215
1718 215
56 1099
56 1077
1099 1077
1527 1806
888 550
2248 2094
368 2242
368 1296
2242 1296
1837 1837
340 466
340 1566
340 1231
466 1566
466 1231
1566 1231
1208 1592
1208 1368
1592 1368
1086 1001
685 530
27 1440
27 1580
1440 1580
274 239
1192 1218
1192 114
1218 114
2027 1796
531 1100
531 575
531 233
1100 575
1100 233
575 233
1405 1010
228 969
228 1415
228 259
969 1415
969 259
1415 259
1786 383
680 2280
2000 1437
2047 2047
1016 1016
189 1949
189 213
1949 213
1977 1977
