1,1,0
1,2,0
1,3,0
1,4,0
1,1,0
1,5,0
1,6,0
1,7,0
1,8,0
1,9,0
1,10,0
1,11,0
1,12,0
1,13,0
1,14,0
1,15,0
1,16,0
1,17,0
1,18,0
1,19,0
1,20,0
1,21,0
1,22,0
1,23,0
1,24,0
1,25,0
1,26,0
1,27,0
1,28,0
1,29,0
1,30,0
1,31,0
1,24,0
1,26,0
1,29,0
1,32,0
1,33,0
1,34,0
1,35,0
1,36,0
1,18,0
1,37,0
1,38,0
1,30,0
1,39,0
1,40,0
1,41,0
1,42,0
1,43,0
1,44,0
1,45,0
1,46,0
1,47,0
1,48,0
1,49,0
1,50,0
1,28,0
1,51,0
1,52,0
1,53,0
1,27,0
1,54,0
1,55,0
1,56,0
1,53,0
1,57,0
1,58,0
1,59,0
1,60,0
1,61,0
1,62,0
1,63,0
1,64,0
1,65,0
1,66,0
1,67,0
1,68,0
1,69,0
1,70,0
1,71,0
1,72,0
1,73,0
1,74,0
1,75,0
1,76,0
1,77,0
1,78,0
1,79,0
1,80,0
1,81,0
1,82,0
1,83,0
1,84,0
1,85,0
1,86,0
1,87,0
1,88,0
1,89,0
1,90,0
1,91,0
1,92,0
1,52,0
1,93,0
1,94,0
1,95,0
1,96,0
1,96,0
1,97,0
1,98,0
1,98,0
1,99,0
1,100,0
1,100,0
1,101,0
1,101,0
1,102,0
1,102,0
1,103,0
1,104,0
1,105,0
1,106,0
1,107,0
1,108,0
1,109,0
1,110,0
1,111,0
1,112,0
1,113,0
1,113,0
1,114,0
1,114,0
1,115,0
1,115,0
1,39,0
1,116,0
1,116,0
1,117,0
1,118,0
1,119,0
1,120,0
1,120,0
1,121,0
1,121,0
1,122,0
1,122,0
1,123,0
1,123,0
1,123,0
1,124,0
1,124,0
1,125,0
1,126,0
1,127,0
1,128,0
1,129,0
1,130,0
1,131,0
1,132,0
1,133,0
1,134,0
1,7,0
1,135,0
1,136,0
1,1,0
1,137,0
1,138,0
1,139,0
1,140,0
1,141,0
1,142,0
1,143,0
1,144,0
1,145,0
1,146,0
1,147,0
1,148,0
1,149,0
1,150,0
1,151,0
1,152,0
1,153,0
1,154,0
1,155,0
1,156,0
1,157,0
1,158,0
1,159,0
1,160,0
1,161,0
1,162,0
1,163,0
1,164,0
1,165,0
1,166,0
4,4,0
9,167,0
9,168,0
9,2,0
9,162,0
9,1,0
9,5,0
9,6,0
9,7,0
9,8,0
9,9,0
9,10,0
9,11,0
9,12,0
9,13,0
9,14,0
9,15,0
9,16,0
9,9,0
9,9,0
9,169,0
9,170,0
9,171,0
9,172,0
9,173,0
9,174,0
9,9,0
9,175,0
9,176,0
9,177,0
9,168,0
9,178,0
9,179,0
9,180,0
9,181,0
9,179,0
9,182,0
9,183,0
9,184,0
9,185,0
9,186,0
9,187,0
9,187,0
9,188,0
9,188,0
9,189,0
9,189,0
9,190,0
9,190,0
9,191,0
9,191,0
9,186,0
9,186,0
9,186,0
9,186,0
9,186,0
9,186,0
9,186,0
9,186,0
9,186,0
9,186,0
9,186,0
9,186,0
9,186,0
9,186,0
9,186,0
9,186,0
9,186,0
9,186,0
9,186,0
9,186,0
9,186,0
9,186,0
9,186,0
9,186,0
9,186,0
9,192,0
9,193,0
9,194,0
9,195,0
9,196,0
9,197,0
9,198,0
9,199,0
9,200,0
9,201,0
9,202,0
9,203,0
9,204,0
9,205,0
9,193,0
9,9,0
9,206,0
9,207,0
9,208,0
9,209,0
9,210,0
9,211,0
9,212,0
9,213,0
9,214,0
9,215,0
9,216,0
9,217,0
9,218,0
9,219,0
9,220,0
9,221,0
9,222,0
9,223,0
9,224,0
9,225,0
9,226,0
9,227,0
9,228,0
9,229,0
9,230,0
9,231,0
9,232,0
9,193,0
9,233,0
9,234,0
9,235,0
9,236,0
9,126,0
9,127,0
9,128,0
9,129,0
9,130,0
9,131,0
9,132,0
9,133,0
9,134,0
9,7,0
9,135,0
9,136,0
9,1,0
9,137,0
9,138,0
9,139,0
9,140,0
9,141,0
9,142,0
9,143,0
9,144,0
9,145,0
9,146,0
9,147,0
9,148,0
9,149,0
9,150,0
9,151,0
9,152,0
9,153,0
9,154,0
9,155,0
9,156,0
10,2,0
10,237,0
10,1,0
10,5,0
10,6,0
10,7,0
10,8,0
10,9,0
10,10,0
10,11,0
10,12,0
10,13,0
10,14,0
10,15,0
10,16,0
10,10,0
10,11,0
10,238,0
10,239,0
10,240,0
10,241,0
10,242,0
10,243,0
10,244,0
10,245,0
10,246,0
10,247,0
10,248,0
10,249,0
10,250,0
10,251,0
10,252,0
10,253,0
10,251,0
10,254,0
10,255,0
10,256,0
10,254,0
10,257,0
10,258,0
10,259,0
10,257,0
10,260,0
10,261,0
10,262,0
10,260,0
10,263,0
10,264,0
10,265,0
10,266,0
10,267,0
10,268,0
10,269,0
10,270,0
10,240,0
10,271,0
10,272,0
10,273,0
10,274,0
10,271,0
10,275,0
10,276,0
10,277,0
10,278,0
10,275,0
10,279,0
10,280,0
10,281,0
10,282,0
10,279,0
10,283,0
10,284,0
10,285,0
10,286,0
10,283,0
10,287,0
10,288,0
10,289,0
10,290,0
10,287,0
10,291,0
10,292,0
10,293,0
10,294,0
10,291,0
10,295,0
10,296,0
10,297,0
10,298,0
10,295,0
10,299,0
10,300,0
10,301,0
10,302,0
10,299,0
10,303,0
10,304,0
10,305,0
10,306,0
10,303,0
10,307,0
10,308,0
10,309,0
10,310,0
10,307,0
10,311,0
10,312,0
10,313,0
10,314,0
10,311,0
10,315,0
10,316,0
10,317,0
10,318,0
10,315,0
10,251,0
10,252,0
10,253,0
10,319,0
10,254,0
10,256,0
10,320,0
10,255,0
10,257,0
10,321,0
10,259,0
10,322,0
10,323,0
10,324,0
10,325,0
10,326,0
10,268,0
10,327,0
10,328,0
10,329,0
10,269,0
10,330,0
10,331,0
10,332,0
10,270,0
10,333,0
10,334,0
10,335,0
10,336,0
10,337,0
10,338,0
10,339,0
10,340,0
10,341,0
10,342,0
10,343,0
10,344,0
10,345,0
10,346,0
10,347,0
10,126,0
10,127,0
10,128,0
10,129,0
10,130,0
10,131,0
10,132,0
10,133,0
10,134,0
10,7,0
10,135,0
10,136,0
10,1,0
10,137,0
10,138,0
10,139,0
10,140,0
10,141,0
10,142,0
10,143,0
10,144,0
10,145,0
10,146,0
10,147,0
10,148,0
10,149,0
10,150,0
10,151,0
10,152,0
10,153,0
10,154,0
10,155,0
10,156,0
14,2,0
14,1,0
14,5,0
14,6,0
14,7,0
14,8,0
14,9,0
14,10,0
14,11,0
14,12,0
14,13,0
14,14,0
14,15,0
14,16,0
14,17,0
14,18,0
14,19,0
14,20,0
14,21,0
14,22,0
14,23,0
14,24,0
14,25,0
14,26,0
14,27,0
14,28,0
14,29,0
14,30,0
14,31,0
14,24,0
14,26,0
14,29,0
14,32,0
14,33,0
14,34,0
14,35,0
14,36,0
14,18,0
14,37,0
14,38,0
14,30,0
14,39,0
14,40,0
14,41,0
14,42,0
14,43,0
14,44,0
14,45,0
14,46,0
14,47,0
14,48,0
14,49,0
14,50,0
14,28,0
14,51,0
14,52,0
14,53,0
14,27,0
14,54,0
14,55,0
14,56,0
14,53,0
14,57,0
14,58,0
14,59,0
14,60,0
14,61,0
14,62,0
14,63,0
14,64,0
14,65,0
14,66,0
14,67,0
14,68,0
14,69,0
14,70,0
14,71,0
14,72,0
14,73,0
14,74,0
14,75,0
14,76,0
14,77,0
14,78,0
14,79,0
14,80,0
14,81,0
14,82,0
14,83,0
14,84,0
14,85,0
14,86,0
14,87,0
14,88,0
14,89,0
14,90,0
14,91,0
14,92,0
14,52,0
14,93,0
14,94,0
14,95,0
14,9,0
14,172,0
14,170,0
14,348,0
14,349,0
14,350,0
14,351,0
14,352,0
14,353,0
14,354,0
14,355,0
14,356,0
14,357,0
14,358,0
14,359,0
14,360,0
14,361,0
14,362,0
14,363,0
14,364,0
14,365,0
14,366,0
14,126,0
14,127,0
14,128,0
14,129,0
14,130,0
14,131,0
14,132,0
14,133,0
14,134,0
14,7,0
14,135,0
14,136,0
14,1,0
14,137,0
14,138,0
14,139,0
14,140,0
14,141,0
14,142,0
14,143,0
14,144,0
14,145,0
14,146,0
14,147,0
14,148,0
14,149,0
14,150,0
14,151,0
14,152,0
14,153,0
14,154,0
14,155,0
14,156,0
14,367,0
16,2,0
16,368,0
16,1,0
16,5,0
16,6,0
16,7,0
16,8,0
16,9,0
16,10,0
16,11,0
16,12,0
16,13,0
16,14,0
16,15,0
16,16,0
16,10,0
16,11,0
16,238,0
16,239,0
16,240,0
16,241,0
16,242,0
16,243,0
16,244,0
16,245,0
16,369,0
16,370,0
16,370,0
16,371,0
16,126,0
16,127,0
16,128,0
16,129,0
16,130,0
16,131,0
16,132,0
16,133,0
16,134,0
16,7,0
16,135,0
16,136,0
16,1,0
16,137,0
16,138,0
16,139,0
16,140,0
16,141,0
16,142,0
16,143,0
16,144,0
16,145,0
16,146,0
16,147,0
16,148,0
16,149,0
16,150,0
16,151,0
16,152,0
16,153,0
16,154,0
16,155,0
16,156,0
17,2,0
17,3,0
17,237,0
17,1,0
17,5,0
17,6,0
17,7,0
17,8,0
17,9,0
17,10,0
17,11,0
17,12,0
17,13,0
17,14,0
17,15,0
17,16,0
17,17,0
17,372,0
17,373,0
17,374,0
17,375,0
17,376,0
17,377,0
17,378,0
17,19,0
17,19,0
17,98,0
17,99,0
17,379,0
17,18,0
17,380,0
17,381,0
17,19,0
17,382,0
17,383,0
17,20,0
17,31,0
17,384,0
17,385,0
17,386,0
17,387,0
17,388,0
17,389,0
17,390,0
17,391,0
17,392,0
17,393,0
17,394,0
17,395,0
17,396,0
17,397,0
17,398,0
17,399,0
17,400,0
17,401,0
17,402,0
17,403,0
17,404,0
17,405,0
17,406,0
17,407,0
17,408,0
17,409,0
17,410,0
17,411,0
17,412,0
17,413,0
17,414,0
17,415,0
17,416,0
17,417,0
17,386,0
17,418,0
17,419,0
17,420,0
17,421,0
17,378,0
17,422,0
17,423,0
17,424,0
17,376,0
17,425,0
17,426,0
17,427,0
17,428,0
17,429,0
17,430,0
17,20,0
17,31,0
17,431,0
17,432,0
17,433,0
17,434,0
17,435,0
17,21,0
17,436,0
17,437,0
17,438,0
17,439,0
17,377,0
17,440,0
17,441,0
17,442,0
17,443,0
17,444,0
17,445,0
17,446,0
17,447,0
17,448,0
17,449,0
17,450,0
17,451,0
17,452,0
17,452,0
17,386,0
17,453,0
17,375,0
17,454,0
17,454,0
17,455,0
17,456,0
17,456,0
17,457,0
17,458,0
17,458,0
17,459,0
17,460,0
17,460,0
17,107,0
17,461,0
17,461,0
17,462,0
17,463,0
17,463,0
17,464,0
17,465,0
17,465,0
17,466,0
17,467,0
17,467,0
17,466,0
17,468,0
17,468,0
17,469,0
17,470,0
17,470,0
17,471,0
17,375,0
17,453,0
17,472,0
17,473,0
17,473,0
17,474,0
17,474,0
17,475,0
17,475,0
17,476,0
17,476,0
17,477,0
17,477,0
17,478,0
17,478,0
17,479,0
17,479,0
17,480,0
17,480,0
17,481,0
17,481,0
17,482,0
17,482,0
17,483,0
17,483,0
17,484,0
17,484,0
17,485,0
17,485,0
17,486,0
17,486,0
17,487,0
17,487,0
17,488,0
17,488,0
17,489,0
17,489,0
17,490,0
17,490,0
17,491,0
17,491,0
17,492,0
17,492,0
17,472,0
17,493,0
17,494,0
17,495,0
17,494,0
17,495,0
17,496,0
17,448,0
17,497,0
17,498,0
17,499,0
17,500,0
17,501,0
17,448,0
17,424,0
17,502,0
17,503,0
17,504,0
17,106,0
17,107,0
17,505,0
17,462,0
17,506,0
17,507,0
17,508,0
17,509,0
17,510,0
17,511,0
17,512,0
17,513,0
17,514,0
17,515,0
17,516,0
17,517,0
17,518,0
17,519,0
17,464,0
17,520,0
17,521,0
17,522,0
17,523,0
17,524,0
17,525,0
17,526,0
17,527,0
17,528,0
17,529,0
17,530,0
17,531,0
17,532,0
17,533,0
17,534,0
17,535,0
17,536,0
17,537,0
17,538,0
17,539,0
17,540,0
17,541,0
17,542,0
17,543,0
17,544,0
17,545,0
17,546,0
17,547,0
17,466,0
17,548,0
17,549,0
17,550,0
17,551,0
17,552,0
17,553,0
17,554,0
17,555,0
17,556,0
17,557,0
17,558,0
17,559,0
17,560,0
17,561,0
17,562,0
17,467,0
17,563,0
17,564,0
17,565,0
17,566,0
17,567,0
17,568,0
17,569,0
17,570,0
17,438,0
17,571,0
17,560,0
17,560,0
17,572,0
17,573,0
17,574,0
17,458,0
17,504,0
17,575,0
17,576,0
17,577,0
17,578,0
17,579,0
17,424,0
17,579,0
17,580,0
17,581,0
17,424,0
17,582,0
17,376,0
17,583,0
17,584,0
17,585,0
17,586,0
17,587,0
17,19,0
17,19,0
17,19,0
17,380,0
17,381,0
17,463,0
17,463,0
17,463,0
17,479,0
17,588,0
17,589,0
17,590,0
17,440,0
17,590,0
17,591,0
17,592,0
17,440,0
17,378,0
17,378,0
17,593,0
17,594,0
17,595,0
17,596,0
17,468,0
17,597,0
17,468,0
17,598,0
17,599,0
17,600,0
17,601,0
17,602,0
17,601,0
17,603,0
17,604,0
17,605,0
17,606,0
17,607,0
17,606,0
17,608,0
17,609,0
17,610,0
17,611,0
17,612,0
17,611,0
17,592,0
17,613,0
17,614,0
17,615,0
17,616,0
17,617,0
17,618,0
17,619,0
17,620,0
17,621,0
17,622,0
17,623,0
17,624,0
17,625,0
17,378,0
17,126,0
17,127,0
17,128,0
17,129,0
17,130,0
17,131,0
17,132,0
17,133,0
17,134,0
17,7,0
17,135,0
17,136,0
17,1,0
17,137,0
17,138,0
17,139,0
17,140,0
17,141,0
17,142,0
17,143,0
17,144,0
17,145,0
17,146,0
17,147,0
17,148,0
17,149,0
17,150,0
17,151,0
17,152,0
17,153,0
17,154,0
17,155,0
17,156,0
18,2,0
18,3,0
18,237,0
18,1,0
18,5,0
18,6,0
18,7,0
18,8,0
18,9,0
18,10,0
18,11,0
18,12,0
18,13,0
18,14,0
18,15,0
18,16,0
18,30,0
18,626,0
18,18,0
18,37,0
18,627,0
18,38,0
18,36,0
18,234,0
18,628,0
18,629,0
18,630,0
18,98,0
18,99,0
18,379,0
18,631,0
18,632,0
18,633,0
18,634,0
18,635,0
18,636,0
18,637,0
18,638,0
18,639,0
18,640,0
18,641,0
18,642,0
18,643,0
18,644,0
18,645,0
18,646,0
18,647,0
18,648,0
18,649,0
18,650,0
18,651,0
18,652,0
18,653,0
18,654,0
18,655,0
18,656,0
18,657,0
18,658,0
18,659,0
18,660,0
18,661,0
18,662,0
18,663,0
18,664,0
18,665,0
18,666,0
18,667,0
18,668,0
18,669,0
18,670,0
18,671,0
18,671,0
18,672,0
18,673,0
18,674,0
18,675,0
18,676,0
18,677,0
18,642,0
18,642,0
18,642,0
18,678,0
18,679,0
18,678,0
18,680,0
18,681,0
18,682,0
18,453,0
18,472,0
18,683,0
18,683,0
18,474,0
18,474,0
18,475,0
18,475,0
18,476,0
18,476,0
18,477,0
18,477,0
18,478,0
18,478,0
18,479,0
18,479,0
18,480,0
18,480,0
18,481,0
18,481,0
18,482,0
18,482,0
18,483,0
18,483,0
18,484,0
18,484,0
18,485,0
18,485,0
18,486,0
18,486,0
18,487,0
18,487,0
18,488,0
18,488,0
18,489,0
18,489,0
18,490,0
18,490,0
18,491,0
18,491,0
18,492,0
18,492,0
18,472,0
18,633,0
18,634,0
18,684,0
18,685,0
18,686,0
18,687,0
18,688,0
18,689,0
18,690,0
18,691,0
18,634,0
18,692,0
18,693,0
18,694,0
18,695,0
18,696,0
18,697,0
18,698,0
18,699,0
18,700,0
18,701,0
18,702,0
18,703,0
18,704,0
18,705,0
18,706,0
18,707,0
18,708,0
18,709,0
18,710,0
18,711,0
18,712,0
18,713,0
18,714,0
18,715,0
18,126,0
18,127,0
18,128,0
18,129,0
18,130,0
18,131,0
18,132,0
18,133,0
18,134,0
18,7,0
18,135,0
18,136,0
18,1,0
18,137,0
18,138,0
18,139,0
18,140,0
18,141,0
18,142,0
18,143,0
18,144,0
18,145,0
18,146,0
18,147,0
18,148,0
18,149,0
18,150,0
18,151,0
18,152,0
18,153,0
18,154,0
18,155,0
18,156,0
19,2,0
19,3,0
19,1,0
19,5,0
19,6,0
19,7,0
19,8,0
19,9,0
19,10,0
19,11,0
19,12,0
19,13,0
19,14,0
19,15,0
19,16,0
19,17,0
19,372,0
19,373,0
19,374,0
19,375,0
19,376,0
19,377,0
19,378,0
19,19,0
19,716,0
19,717,0
19,718,0
19,719,0
19,720,0
19,721,0
19,722,0
19,723,0
19,724,0
19,725,0
19,726,0
19,727,0
19,728,0
19,729,0
19,730,0
19,731,0
19,732,0
19,733,0
19,734,0
19,735,0
19,736,0
19,737,0
19,738,0
19,739,0
19,740,0
19,741,0
19,380,0
19,381,0
19,385,0
19,389,0
19,397,0
19,403,0
19,405,0
19,742,0
19,43,0
19,21,0
19,46,0
19,743,0
19,744,0
19,745,0
19,746,0
19,746,0
19,747,0
19,748,0
19,749,0
19,750,0
19,381,0
19,453,0
19,751,0
19,752,0
19,752,0
19,753,0
19,754,0
19,754,0
19,755,0
19,755,0
19,756,0
19,756,0
19,757,0
19,757,0
19,751,0
19,758,0
19,759,0
19,759,0
19,760,0
19,761,0
19,762,0
19,763,0
19,763,0
19,764,0
19,765,0
19,766,0
19,765,0
19,767,0
19,768,0
19,769,0
19,770,0
19,771,0
19,771,0
19,771,0
19,771,0
19,772,0
19,757,0
19,719,0
19,716,0
19,723,0
19,773,0
19,774,0
19,775,0
19,776,0
19,721,0
19,777,0
19,778,0
19,779,0
19,780,0
19,781,0
19,782,0
19,724,0
19,783,0
19,784,0
19,785,0
19,786,0
19,787,0
19,788,0
19,789,0
19,790,0
19,791,0
19,792,0
19,793,0
19,789,0
19,794,0
19,729,0
19,795,0
19,796,0
19,797,0
19,798,0
19,799,0
19,800,0
19,731,0
19,801,0
19,802,0
19,803,0
19,804,0
19,805,0
19,806,0
19,732,0
19,807,0
19,808,0
19,733,0
19,809,0
19,810,0
19,754,0
19,736,0
19,811,0
19,812,0
19,813,0
19,814,0
19,815,0
19,816,0
19,737,0
19,817,0
19,818,0
19,819,0
19,820,0
19,821,0
19,381,0
19,381,0
19,770,0
19,770,0
19,381,0
19,770,0
19,126,0
19,127,0
19,128,0
19,129,0
19,130,0
19,131,0
19,132,0
19,133,0
19,134,0
19,7,0
19,135,0
19,136,0
19,1,0
19,137,0
19,138,0
19,139,0
19,140,0
19,141,0
19,142,0
19,143,0
19,144,0
19,145,0
19,146,0
19,147,0
19,148,0
19,149,0
19,150,0
19,151,0
19,152,0
19,153,0
19,154,0
19,155,0
19,156,0
20,2,0
20,3,0
20,237,0
20,1,0
20,5,0
20,6,0
20,7,0
20,8,0
20,9,0
20,10,0
20,11,0
20,12,0
20,13,0
20,14,0
20,15,0
20,16,0
20,17,0
20,372,0
20,373,0
20,374,0
20,375,0
20,376,0
20,377,0
20,378,0
20,19,0
20,822,0
20,31,0
20,823,0
20,824,0
20,825,0
20,826,0
20,827,0
20,828,0
20,829,0
20,830,0
20,831,0
20,832,0
20,833,0
20,834,0
20,835,0
20,836,0
20,837,0
20,838,0
20,839,0
20,840,0
20,841,0
20,842,0
20,843,0
20,844,0
20,845,0
20,846,0
20,847,0
20,448,0
20,848,0
20,423,0
20,424,0
20,422,0
20,849,0
20,850,0
20,99,0
20,851,0
20,852,0
20,853,0
20,854,0
20,855,0
20,856,0
20,856,0
20,822,0
20,857,0
20,857,0
20,858,0
20,858,0
20,859,0
20,859,0
20,860,0
20,860,0
20,861,0
20,861,0
20,862,0
20,453,0
20,863,0
20,864,0
20,864,0
20,462,0
20,865,0
20,865,0
20,866,0
20,867,0
20,867,0
20,457,0
20,868,0
20,868,0
20,869,0
20,869,0
20,466,0
20,863,0
20,870,0
20,871,0
20,870,0
20,872,0
20,31,0
20,823,0
20,822,0
20,31,0
20,873,0
20,874,0
20,823,0
20,824,0
20,825,0
20,31,0
20,823,0
20,875,0
20,876,0
20,877,0
20,878,0
20,879,0
20,880,0
20,881,0
20,882,0
20,883,0
20,884,0
20,885,0
20,886,0
20,887,0
20,888,0
20,889,0
20,890,0
20,891,0
20,892,0
20,893,0
20,894,0
20,895,0
20,891,0
20,896,0
20,897,0
20,898,0
20,899,0
20,900,0
20,901,0
20,902,0
20,903,0
20,904,0
20,905,0
20,906,0
20,907,0
20,908,0
20,126,0
20,127,0
20,128,0
20,129,0
20,130,0
20,131,0
20,132,0
20,133,0
20,134,0
20,7,0
20,135,0
20,136,0
20,1,0
20,137,0
20,138,0
20,139,0
20,140,0
20,141,0
20,142,0
20,143,0
20,144,0
20,145,0
20,146,0
20,147,0
20,148,0
20,149,0
20,150,0
20,151,0
20,152,0
20,153,0
20,154,0
20,155,0
20,156,0
21,2,0
21,3,0
21,237,0
21,1,0
21,5,0
21,6,0
21,7,0
21,8,0
21,9,0
21,10,0
21,11,0
21,12,0
21,13,0
21,14,0
21,15,0
21,16,0
21,21,0
21,909,0
21,910,0
21,911,0
21,912,0
21,913,0
21,914,0
21,915,0
21,493,0
21,493,0
21,916,0
21,917,0
21,918,0
21,919,0
21,920,0
21,921,0
21,922,0
21,923,0
21,924,0
21,925,0
21,926,0
21,927,0
21,928,0
21,929,0
21,930,0
21,931,0
21,932,0
21,933,0
21,934,0
21,935,0
21,936,0
21,937,0
21,938,0
21,939,0
21,940,0
21,941,0
21,942,0
21,943,0
21,944,0
21,945,0
21,910,0
21,946,0
21,947,0
21,948,0
21,949,0
21,950,0
21,951,0
21,952,0
21,953,0
21,954,0
21,950,0
21,955,0
21,955,0
21,956,0
21,957,0
21,958,0
21,959,0
21,946,0
21,960,0
21,961,0
21,962,0
21,961,0
21,963,0
21,964,0
21,964,0
21,98,0
21,98,0
21,920,0
21,965,0
21,966,0
21,967,0
21,968,0
21,969,0
21,970,0
21,920,0
21,453,0
21,971,0
21,972,0
21,972,0
21,955,0
21,955,0
21,973,0
21,973,0
21,964,0
21,964,0
21,974,0
21,974,0
21,975,0
21,975,0
21,976,0
21,976,0
21,977,0
21,977,0
21,978,0
21,978,0
21,979,0
21,979,0
21,971,0
21,453,0
21,980,0
21,981,0
21,981,0
21,982,0
21,982,0
21,983,0
21,983,0
21,984,0
21,984,0
21,985,0
21,985,0
21,980,0
21,986,0
21,493,0
21,975,0
21,987,0
21,916,0
21,988,0
21,989,0
21,990,0
21,991,0
21,992,0
21,993,0
21,994,0
21,995,0
21,996,0
21,997,0
21,998,0
21,999,0
21,1000,0
21,1001,0
21,1002,0
21,1003,0
21,1002,0
21,1003,0
21,1004,0
21,1005,0
21,1006,0
21,1007,0
21,1008,0
21,1009,0
21,1010,0
21,1011,0
21,1012,0
21,1013,0
21,1014,0
21,1015,0
21,1016,0
21,1017,0
21,1018,0
21,1019,0
21,1020,0
21,1020,0
21,1020,0
21,952,0
21,952,0
21,913,0
21,1021,0
21,1021,0
21,946,0
21,946,0
21,1022,0
21,1022,0
21,947,0
21,947,0
21,1023,0
21,1023,0
21,1024,0
21,1024,0
21,912,0
21,1025,0
21,1025,0
21,1026,0
21,1026,0
21,1027,0
21,1027,0
21,1028,0
21,1028,0
21,1029,0
21,1029,0
21,1030,0
21,1030,0
21,126,0
21,127,0
21,128,0
21,129,0
21,130,0
21,131,0
21,132,0
21,133,0
21,134,0
21,7,0
21,135,0
21,136,0
21,1,0
21,137,0
21,138,0
21,139,0
21,140,0
21,141,0
21,142,0
21,143,0
21,144,0
21,145,0
21,146,0
21,147,0
21,148,0
21,149,0
21,150,0
21,151,0
21,152,0
21,153,0
21,154,0
21,155,0
21,156,0
22,2,0
22,3,0
22,237,0
22,1,0
22,5,0
22,6,0
22,7,0
22,8,0
22,9,0
22,10,0
22,11,0
22,12,0
22,13,0
22,14,0
22,15,0
22,16,0
22,22,0
22,1031,0
22,1032,0
22,1033,0
22,1034,0
22,1035,0
22,1036,0
22,23,0
22,24,0
22,1037,0
22,1033,0
22,1038,0
22,23,0
22,1036,0
22,24,0
22,1039,0
22,1040,0
22,1041,0
22,1042,0
22,1043,0
22,1044,0
22,1045,0
22,1035,0
22,1046,0
22,1047,0
22,1048,0
22,1049,0
22,1050,0
22,1051,0
22,1052,0
22,1053,0
22,1054,0
22,1055,0
22,1056,0
22,1057,0
22,1058,0
22,1036,0
22,1032,0
22,1059,0
22,1060,0
22,1061,0
22,1062,0
22,1032,0
22,1063,0
22,1064,0
22,1065,0
22,1066,0
22,439,0
22,1067,0
22,1068,0
22,1069,0
22,1070,0
22,1071,0
22,1072,0
22,1036,0
22,1073,0
22,1074,0
22,1075,0
22,1076,0
22,23,0
22,1077,0
22,1078,0
22,1079,0
22,1067,0
22,1080,0
22,1056,0
22,1081,0
22,1082,0
22,1083,0
22,1084,0
22,1085,0
22,446,0
22,1086,0
22,1087,0
22,1086,0
22,1088,0
22,1088,0
22,1088,0
22,1089,0
22,1090,0
22,1091,0
22,1091,0
22,1092,0
22,1093,0
22,1094,0
22,1095,0
22,1096,0
22,1097,0
22,1096,0
22,1098,0
22,1099,0
22,1097,0
22,1100,0
22,1101,0
22,1102,0
22,1103,0
22,453,0
22,1034,0
22,1104,0
22,1104,0
22,1105,0
22,1105,0
22,1106,0
22,1106,0
22,1089,0
22,1089,0
22,1107,0
22,1107,0
22,1108,0
22,1108,0
22,1109,0
22,1109,0
22,1110,0
22,1110,0
22,1111,0
22,1111,0
22,1112,0
22,1112,0
22,1034,0
22,1113,0
22,1113,0
22,1114,0
22,1114,0
22,1115,0
22,1115,0
22,1116,0
22,1117,0
22,1118,0
22,1119,0
22,1120,0
22,1121,0
22,1122,0
22,1123,0
22,1123,0
22,1123,0
22,493,0
22,1033,0
22,1034,0
22,1035,0
22,1124,0
22,1125,0
22,1125,0
22,1045,0
22,1045,0
22,1126,0
22,1126,0
22,1127,0
22,1128,0
22,1128,0
22,1129,0
22,1130,0
22,1131,0
22,1132,0
22,1132,0
22,1133,0
22,1134,0
22,1135,0
22,1136,0
22,1136,0
22,1137,0
22,1138,0
22,1139,0
22,1140,0
22,1141,0
22,1142,0
22,1143,0
22,1144,0
22,1144,0
22,1035,0
22,1035,0
22,1042,0
22,1043,0
22,1044,0
22,1065,0
22,1065,0
22,1145,0
22,1146,0
22,1065,0
22,1063,0
22,1063,0
22,1147,0
22,1148,0
22,1063,0
22,1033,0
22,1033,0
22,1149,0
22,1150,0
22,1064,0
22,1036,0
22,1036,0
22,1151,0
22,1152,0
22,1153,0
22,23,0
22,23,0
22,1154,0
22,1155,0
22,1156,0
22,1108,0
22,1110,0
22,1157,0
22,1158,0
22,1159,0
22,1089,0
22,1160,0
22,1161,0
22,1162,0
22,1163,0
22,1104,0
22,1106,0
22,1105,0
22,1107,0
22,1164,0
22,1111,0
22,1109,0
22,1165,0
22,1166,0
22,1167,0
22,1168,0
22,1169,0
22,1170,0
22,1171,0
22,1172,0
22,1173,0
22,1174,0
22,1175,0
22,1176,0
22,1177,0
22,1178,0
22,1179,0
22,1180,0
22,1181,0
22,1182,0
22,1183,0
22,1184,0
22,1185,0
22,1186,0
22,1187,0
22,1188,0
22,1189,0
22,1190,0
22,1191,0
22,1192,0
22,1193,0
22,1194,0
22,1195,0
22,1196,0
22,1197,0
22,1198,0
22,1199,0
22,1200,0
22,1201,0
22,1202,0
22,1203,0
22,1204,0
22,1205,0
22,1206,0
22,1207,0
22,1208,0
22,1209,0
22,1210,0
22,1209,0
22,1211,0
22,1212,0
22,1064,0
22,1213,0
22,1214,0
22,1213,0
22,1215,0
22,1216,0
22,1214,0
22,1217,0
22,1218,0
22,1217,0
22,1219,0
22,1220,0
22,1218,0
22,1221,0
22,1221,0
22,1221,0
22,1222,0
22,1221,0
22,1223,0
22,1224,0
22,1225,0
22,1226,0
22,1227,0
22,1228,0
22,1229,0
22,126,0
22,127,0
22,128,0
22,129,0
22,130,0
22,131,0
22,132,0
22,133,0
22,134,0
22,7,0
22,135,0
22,136,0
22,1,0
22,137,0
22,138,0
22,139,0
22,140,0
22,141,0
22,142,0
22,143,0
22,144,0
22,145,0
22,146,0
22,147,0
22,148,0
22,149,0
22,150,0
22,151,0
22,152,0
22,153,0
22,154,0
22,155,0
22,156,0
23,2,0
23,3,0
23,237,0
23,1,0
23,5,0
23,6,0
23,7,0
23,8,0
23,9,0
23,10,0
23,11,0
23,12,0
23,13,0
23,14,0
23,15,0
23,16,0
23,22,0
23,1031,0
23,1032,0
23,1033,0
23,1034,0
23,1035,0
23,1036,0
23,23,0
23,24,0
23,1230,0
23,1231,0
23,1231,0
23,1231,0
23,1076,0
23,1232,0
23,1035,0
23,1063,0
23,1233,0
23,1234,0
23,1235,0
23,1236,0
23,1237,0
23,1238,0
23,1239,0
23,1240,0
23,1241,0
23,1242,0
23,1243,0
23,1244,0
23,1245,0
23,1246,0
23,1247,0
23,1248,0
23,1249,0
23,1250,0
23,1251,0
23,1252,0
23,1253,0
23,1254,0
23,1255,0
23,1075,0
23,1256,0
23,1257,0
23,1258,0
23,1259,0
23,1260,0
23,1086,0
23,1261,0
23,1262,0
23,1263,0
23,1262,0
23,1088,0
23,1088,0
23,1088,0
23,1264,0
23,1088,0
23,1265,0
23,1265,0
23,1265,0
23,1266,0
23,1267,0
23,1268,0
23,1269,0
23,1270,0
23,1271,0
23,1272,0
23,1273,0
23,1273,0
23,1274,0
23,453,0
23,1073,0
23,1104,0
23,1104,0
23,1105,0
23,1105,0
23,1089,0
23,1089,0
23,1108,0
23,1108,0
23,1111,0
23,1111,0
23,1165,0
23,1165,0
23,1275,0
23,1275,0
23,1276,0
23,1276,0
23,1158,0
23,1158,0
23,1277,0
23,1277,0
23,1073,0
23,453,0
23,1278,0
23,1104,0
23,1104,0
23,1105,0
23,1105,0
23,1089,0
23,1089,0
23,1108,0
23,1108,0
23,1111,0
23,1111,0
23,1278,0
23,1279,0
23,1279,0
23,1280,0
23,1281,0
23,1281,0
23,1282,0
23,1073,0
23,1283,0
23,1283,0
23,1283,0
23,1283,0
23,1283,0
23,1108,0
23,1108,0
23,1284,0
23,1158,0
23,1285,0
23,1286,0
23,1286,0
23,1287,0
23,1288,0
23,1276,0
23,1136,0
23,1136,0
23,1289,0
23,1290,0
23,1291,0
23,1292,0
23,1293,0
23,1294,0
23,1295,0
23,1296,0
23,1297,0
23,1298,0
23,1299,0
23,1300,0
23,1301,0
23,1302,0
23,1303,0
23,1304,0
23,1305,0
23,1306,0
23,1307,0
23,1308,0
23,1309,0
23,1310,0
23,1311,0
23,1312,0
23,1313,0
23,1314,0
23,1315,0
23,1316,0
23,1317,0
23,1318,0
23,1319,0
23,1320,0
23,1321,0
23,1322,0
23,1323,0
23,1324,0
23,1325,0
23,1326,0
23,1108,0
23,1158,0
23,1284,0
23,1285,0
23,1327,0
23,1165,0
23,1328,0
23,1329,0
23,1330,0
23,1331,0
23,1104,0
23,1105,0
23,1276,0
23,1332,0
23,1333,0
23,1334,0
23,1335,0
23,1336,0
23,1337,0
23,1338,0
23,1089,0
23,1290,0
23,1339,0
23,1291,0
23,1340,0
23,1111,0
23,1341,0
23,1342,0
23,1093,0
23,1343,0
23,1344,0
23,1345,0
23,1346,0
23,1347,0
23,1348,0
23,1349,0
23,1350,0
23,1351,0
23,1352,0
23,1353,0
23,1354,0
23,1355,0
23,1356,0
23,1357,0
23,1358,0
23,1359,0
23,1360,0
23,1361,0
23,1362,0
23,1363,0
23,1364,0
23,1365,0
23,1366,0
23,1367,0
23,1368,0
23,1369,0
23,1370,0
23,1371,0
23,1372,0
23,1373,0
23,1374,0
23,126,0
23,127,0
23,128,0
23,129,0
23,130,0
23,131,0
23,132,0
23,133,0
23,134,0
23,7,0
23,135,0
23,136,0
23,1,0
23,137,0
23,138,0
23,139,0
23,140,0
23,141,0
23,142,0
23,143,0
23,144,0
23,145,0
23,146,0
23,147,0
23,148,0
23,149,0
23,150,0
23,151,0
23,152,0
23,153,0
23,154,0
23,155,0
23,156,0
24,2,0
24,3,0
24,1,0
24,5,0
24,6,0
24,7,0
24,8,0
24,9,0
24,10,0
24,11,0
24,12,0
24,13,0
24,14,0
24,15,0
24,16,0
24,24,0
24,1375,0
24,1376,0
24,1377,0
24,1378,0
24,1379,0
24,1380,0
24,1381,0
24,1382,0
24,1382,0
24,1383,0
24,1384,0
24,1377,0
24,1385,0
24,1386,0
24,1387,0
24,1388,0
24,1389,0
24,1390,0
24,1391,0
24,1392,0
24,1393,0
24,1394,0
24,1395,0
24,1396,0
24,1039,0
24,1383,0
24,1397,0
24,1398,0
24,1399,0
24,1400,0
24,1401,0
24,1402,0
24,1403,0
24,1404,0
24,1405,0
24,1406,0
24,1407,0
24,1408,0
24,1409,0
24,1410,0
24,1411,0
24,1412,0
24,1413,0
24,1414,0
24,1415,0
24,1416,0
24,1417,0
24,1418,0
24,1419,0
24,1420,0
24,1393,0
24,1421,0
24,1422,0
24,1423,0
24,1424,0
24,1425,0
24,1426,0
24,1427,0
24,1428,0
24,1429,0
24,1430,0
24,1431,0
24,1432,0
24,1433,0
24,1434,0
24,1435,0
24,1436,0
24,1437,0
24,1438,0
24,1439,0
24,1440,0
24,1441,0
24,1442,0
24,1443,0
24,1444,0
24,1445,0
24,1446,0
24,1447,0
24,1448,0
24,1449,0
24,1449,0
24,1449,0
24,1450,0
24,1451,0
24,1450,0
24,1452,0
24,1452,0
24,1453,0
24,1454,0
24,1455,0
24,1390,0
24,1377,0
24,1456,0
24,1457,0
24,1119,0
24,1117,0
24,1458,0
24,1457,0
24,1119,0
24,1117,0
24,1458,0
24,1457,0
24,1119,0
24,1117,0
24,1458,0
24,1459,0
24,1118,0
24,1457,0
24,1119,0
24,1117,0
24,1458,0
24,1459,0
24,1118,0
24,1460,0
24,1461,0
24,1462,0
24,1463,0
24,1461,0
24,1462,0
24,1463,0
24,1461,0
24,1462,0
24,1463,0
24,1464,0
24,1465,0
24,1466,0
24,1467,0
24,1468,0
24,1469,0
24,1470,0
24,1471,0
24,1472,0
24,1473,0
24,1474,0
24,1475,0
24,1476,0
24,1477,0
24,1478,0
24,1479,0
24,1480,0
24,1461,0
24,1462,0
24,1463,0
24,1464,0
24,1465,0
24,1466,0
24,1467,0
24,1468,0
24,1469,0
24,1470,0
24,1471,0
24,1472,0
24,1473,0
24,1474,0
24,1475,0
24,1476,0
24,1477,0
24,1478,0
24,1479,0
24,1480,0
24,1481,0
24,1482,0
24,1483,0
24,1484,0
24,1485,0
24,1482,0
24,1483,0
24,1484,0
24,1485,0
24,1482,0
24,1483,0
24,1484,0
24,1485,0
24,1486,0
24,1487,0
24,1488,0
24,1489,0
24,1490,0
24,1491,0
24,1492,0
24,1493,0
24,1494,0
24,1495,0
24,1496,0
24,1497,0
24,1498,0
24,1499,0
24,1500,0
24,1501,0
24,1482,0
24,1483,0
24,1484,0
24,1485,0
24,1486,0
24,1487,0
24,1488,0
24,1489,0
24,1490,0
24,1491,0
24,1492,0
24,1493,0
24,1494,0
24,1495,0
24,1496,0
24,1497,0
24,1498,0
24,1499,0
24,1500,0
24,1501,0
24,1502,0
24,1383,0
24,1383,0
24,1392,0
24,1392,0
24,1388,0
24,1388,0
24,1503,0
24,1504,0
24,1505,0
24,1503,0
24,1504,0
24,1505,0
24,1503,0
24,1504,0
24,1505,0
24,1506,0
24,1507,0
24,1508,0
24,1509,0
24,1510,0
24,1511,0
24,1512,0
24,1513,0
24,1514,0
24,1515,0
24,1516,0
24,1517,0
24,1518,0
24,1519,0
24,1520,0
24,1521,0
24,1522,0
24,1503,0
24,1504,0
24,1505,0
24,1506,0
24,1507,0
24,1508,0
24,1509,0
24,1510,0
24,1511,0
24,1512,0
24,1513,0
24,1514,0
24,1515,0
24,1516,0
24,1517,0
24,1518,0
24,1519,0
24,1520,0
24,1521,0
24,1522,0
24,1523,0
24,1119,0
24,1524,0
24,1458,0
24,1119,0
24,1524,0
24,1458,0
24,1119,0
24,1524,0
24,1458,0
24,1459,0
24,1117,0
24,1525,0
24,1119,0
24,1524,0
24,1458,0
24,1459,0
24,1117,0
24,1525,0
24,1526,0
24,1397,0
24,1397,0
24,1527,0
24,1528,0
24,1529,0
24,1530,0
24,1531,0
24,1532,0
24,1533,0
24,1409,0
24,1409,0
24,1534,0
24,1535,0
24,1536,0
24,1537,0
24,1538,0
24,1539,0
24,1540,0
24,1404,0
24,1404,0
24,1541,0
24,1542,0
24,1543,0
24,1544,0
24,1545,0
24,1546,0
24,1547,0
24,1548,0
24,1549,0
24,1550,0
24,1413,0
24,1413,0
24,1551,0
24,1552,0
24,1553,0
24,1554,0
24,1555,0
24,1556,0
24,1557,0
24,1402,0
24,1402,0
24,1558,0
24,1559,0
24,1560,0
24,1561,0
24,1562,0
24,1563,0
24,1564,0
24,1406,0
24,1406,0
24,1565,0
24,1566,0
24,1567,0
24,1568,0
24,1569,0
24,1570,0
24,1571,0
24,1572,0
24,1405,0
24,1405,0
24,1573,0
24,1574,0
24,1575,0
24,1576,0
24,1577,0
24,1578,0
24,1579,0
24,1415,0
24,1415,0
24,1580,0
24,1581,0
24,1582,0
24,1583,0
24,1584,0
24,1585,0
24,1586,0
24,1419,0
24,1419,0
24,1587,0
24,1588,0
24,1589,0
24,1590,0
24,1591,0
24,1592,0
24,1593,0
24,1594,0
24,1595,0
24,1593,0
24,1594,0
24,1595,0
24,1593,0
24,1594,0
24,1595,0
24,1596,0
24,1597,0
24,1598,0
24,1599,0
24,1600,0
24,1601,0
24,1602,0
24,1603,0
24,1604,0
24,1605,0
24,1606,0
24,1607,0
24,1608,0
24,1609,0
24,1610,0
24,1611,0
24,1593,0
24,1594,0
24,1595,0
24,1596,0
24,1597,0
24,1598,0
24,1599,0
24,1600,0
24,1601,0
24,1602,0
24,1603,0
24,1604,0
24,1605,0
24,1606,0
24,1607,0
24,1608,0
24,1609,0
24,1610,0
24,1611,0
24,1612,0
24,1613,0
24,1614,0
24,1615,0
24,1613,0
24,1614,0
24,1615,0
24,1613,0
24,1614,0
24,1615,0
24,1616,0
24,1617,0
24,1618,0
24,1619,0
24,1620,0
24,1621,0
24,1622,0
24,1623,0
24,1624,0
24,1625,0
24,1626,0
24,1627,0
24,1628,0
24,1629,0
24,1630,0
24,1631,0
24,1632,0
24,1613,0
24,1614,0
24,1615,0
24,1616,0
24,1617,0
24,1618,0
24,1619,0
24,1620,0
24,1621,0
24,1622,0
24,1623,0
24,1624,0
24,1625,0
24,1626,0
24,1627,0
24,1628,0
24,1629,0
24,1630,0
24,1631,0
24,1632,0
24,1633,0
24,1118,0
24,1119,0
24,1120,0
24,1634,0
24,1635,0
24,1636,0
24,1118,0
24,1119,0
24,1120,0
24,1634,0
24,1635,0
24,1636,0
24,1637,0
24,1638,0
24,1639,0
24,1640,0
24,1641,0
24,1642,0
24,1637,0
24,1638,0
24,1639,0
24,1640,0
24,1641,0
24,1642,0
24,1118,0
24,1119,0
24,1120,0
24,1634,0
24,1635,0
24,1636,0
24,1637,0
24,1638,0
24,1639,0
24,1640,0
24,1641,0
24,1642,0
24,1643,0
24,1644,0
24,1645,0
24,1646,0
24,1647,0
24,1648,0
24,1649,0
24,1650,0
24,1118,0
24,1119,0
24,1120,0
24,1634,0
24,1635,0
24,1636,0
24,1637,0
24,1638,0
24,1639,0
24,1640,0
24,1641,0
24,1642,0
24,1643,0
24,1644,0
24,1645,0
24,1646,0
24,1647,0
24,1648,0
24,1649,0
24,1650,0
24,1651,0
24,1652,0
24,1653,0
24,1654,0
24,1655,0
24,1656,0
24,1652,0
24,1653,0
24,1654,0
24,1655,0
24,1656,0
24,1657,0
24,1658,0
24,1659,0
24,1660,0
24,1661,0
24,1657,0
24,1658,0
24,1659,0
24,1660,0
24,1661,0
24,1652,0
24,1653,0
24,1654,0
24,1655,0
24,1656,0
24,1657,0
24,1658,0
24,1659,0
24,1660,0
24,1661,0
24,1662,0
24,1663,0
24,1664,0
24,1665,0
24,1666,0
24,1667,0
24,1668,0
24,1669,0
24,1670,0
24,1671,0
24,1652,0
24,1653,0
24,1654,0
24,1655,0
24,1656,0
24,1657,0
24,1658,0
24,1659,0
24,1660,0
24,1661,0
24,1662,0
24,1663,0
24,1664,0
24,1665,0
24,1666,0
24,1667,0
24,1668,0
24,1669,0
24,1670,0
24,1671,0
24,1672,0
24,1673,0
24,1673,0
24,1674,0
24,1673,0
24,1675,0
24,1676,0
24,1044,0
24,1044,0
24,1677,0
24,1678,0
24,1679,0
24,1680,0
24,1681,0
24,1682,0
24,1683,0
24,1684,0
24,1685,0
24,1593,0
24,1686,0
24,1117,0
24,1118,0
24,1119,0
24,1120,0
24,1121,0
24,1687,0
24,1524,0
24,1634,0
24,1688,0
24,1635,0
24,1454,0
24,1689,0
24,1690,0
24,1691,0
24,1692,0
24,1693,0
24,1694,0
24,1695,0
24,1696,0
24,1697,0
24,1698,0
24,1455,0
24,1482,0
24,1483,0
24,1484,0
24,1485,0
24,1486,0
24,1487,0
24,1488,0
24,1489,0
24,1490,0
24,1491,0
24,1502,0
24,1457,0
24,1699,0
24,1700,0
24,1701,0
24,1702,0
24,1703,0
24,1704,0
24,1705,0
24,1706,0
24,1707,0
24,1708,0
24,1709,0
24,1710,0
24,1711,0
24,1712,0
24,1713,0
24,1714,0
24,1715,0
24,1716,0
24,1717,0
24,1718,0
24,126,0
24,127,0
24,128,0
24,129,0
24,130,0
24,131,0
24,132,0
24,133,0
24,134,0
24,7,0
24,135,0
24,136,0
24,1,0
24,137,0
24,138,0
24,139,0
24,140,0
24,141,0
24,142,0
24,143,0
24,144,0
24,145,0
24,146,0
24,147,0
24,148,0
24,149,0
24,150,0
24,151,0
24,152,0
24,153,0
24,154,0
24,155,0
24,156,0
25,2,0
25,3,0
25,237,0
25,1,0
25,5,0
25,6,0
25,7,0
25,8,0
25,9,0
25,10,0
25,11,0
25,12,0
25,13,0
25,14,0
25,15,0
25,16,0
25,25,0
25,26,0
25,1719,0
25,1720,0
25,1721,0
25,1722,0
25,1723,0
25,1724,0
25,1725,0
25,1719,0
25,1726,0
25,1727,0
25,1728,0
25,1729,0
25,1730,0
25,1731,0
25,1732,0
25,1733,0
25,1734,0
25,1735,0
25,1736,0
25,1737,0
25,1738,0
25,1739,0
25,1740,0
25,1741,0
25,1742,0
25,1743,0
25,1744,0
25,1745,0
25,1746,0
25,1747,0
25,1748,0
25,1749,0
25,1750,0
25,1751,0
25,1752,0
25,1753,0
25,1724,0
25,1754,0
25,1755,0
25,1062,0
25,1756,0
25,26,0
25,1757,0
25,1758,0
25,1759,0
25,1760,0
25,1761,0
25,1762,0
25,1763,0
25,1764,0
25,1765,0
25,1766,0
25,1766,0
25,1767,0
25,1768,0
25,453,0
25,1723,0
25,1769,0
25,1769,0
25,1770,0
25,1771,0
25,1771,0
25,1772,0
25,1773,0
25,1773,0
25,1774,0
25,1766,0
25,1766,0
25,1775,0
25,1776,0
25,1776,0
25,1777,0
25,1778,0
25,1778,0
25,1779,0
25,1780,0
25,1780,0
25,1781,0
25,1782,0
25,1782,0
25,1783,0
25,1784,0
25,1784,0
25,1785,0
25,1786,0
25,1786,0
25,1787,0
25,1723,0
25,453,0
25,1788,0
25,1789,0
25,1789,0
25,1790,0
25,1790,0
25,1791,0
25,1791,0
25,1792,0
25,1792,0
25,1793,0
25,1793,0
25,1788,0
25,453,0
25,1794,0
25,1795,0
25,1796,0
25,1796,0
25,1797,0
25,1798,0
25,1798,0
25,1799,0
25,1800,0
25,1800,0
25,1801,0
25,1802,0
25,1802,0
25,1803,0
25,1804,0
25,1804,0
25,1805,0
25,1795,0
25,1806,0
25,1806,0
25,1807,0
25,1808,0
25,1808,0
25,1809,0
25,1810,0
25,1810,0
25,1719,0
25,1723,0
25,1725,0
25,1811,0
25,1812,0
25,1813,0
25,1814,0
25,1815,0
25,1816,0
25,1817,0
25,1818,0
25,1819,0
25,1820,0
25,1821,0
25,1822,0
25,1823,0
25,1824,0
25,1825,0
25,1826,0
25,1827,0
25,1828,0
25,1829,0
25,1830,0
25,1831,0
25,1832,0
25,1833,0
25,1834,0
25,1835,0
25,1836,0
25,1837,0
25,1838,0
25,1839,0
25,1816,0
25,1770,0
25,1840,0
25,1841,0
25,1842,0
25,1843,0
25,1844,0
25,1845,0
25,1785,0
25,1846,0
25,1847,0
25,1848,0
25,1849,0
25,1850,0
25,1851,0
25,1852,0
25,1783,0
25,1853,0
25,1854,0
25,1855,0
25,1856,0
25,1857,0
25,1858,0
25,1859,0
25,1860,0
25,1861,0
25,1862,0
25,1863,0
25,1864,0
25,1865,0
25,1866,0
25,1867,0
25,1868,0
25,1869,0
25,1870,0
25,1871,0
25,1872,0
25,1873,0
25,1781,0
25,1874,0
25,1875,0
25,1876,0
25,1877,0
25,1878,0
25,1879,0
25,1880,0
25,1881,0
25,1882,0
25,1719,0
25,1883,0
25,1884,0
25,1885,0
25,1725,0
25,1886,0
25,1887,0
25,1888,0
25,1889,0
25,1890,0
25,1891,0
25,1892,0
25,1893,0
25,1893,0
25,1724,0
25,1894,0
25,1727,0
25,1727,0
25,1895,0
25,1896,0
25,1897,0
25,1898,0
25,1899,0
25,1900,0
25,1901,0
25,1826,0
25,1902,0
25,111,0
25,1903,0
25,1904,0
25,1905,0
25,1906,0
25,1907,0
25,1908,0
25,1909,0
25,1910,0
25,1911,0
25,1912,0
25,1913,0
25,1875,0
25,1914,0
25,1915,0
25,1769,0
25,1771,0
25,1782,0
25,1916,0
25,1917,0
25,1918,0
25,1919,0
25,1773,0
25,1776,0
25,1786,0
25,1920,0
25,1921,0
25,1922,0
25,1923,0
25,1924,0
25,1925,0
25,1926,0
25,1927,0
25,1928,0
25,1929,0
25,1930,0
25,1931,0
25,1932,0
25,1933,0
25,1934,0
25,1935,0
25,1936,0
25,1937,0
25,1938,0
25,1939,0
25,1328,0
25,1940,0
25,1941,0
25,1942,0
25,1943,0
25,1766,0
25,1944,0
25,1945,0
25,1946,0
25,1947,0
25,1948,0
25,1949,0
25,218,0
25,1950,0
25,1951,0
25,1952,0
25,1953,0
25,1954,0
25,1955,0
25,1956,0
25,1957,0
25,1958,0
25,1959,0
25,1960,0
25,1961,0
25,218,0
25,1962,0
25,126,0
25,127,0
25,128,0
25,129,0
25,130,0
25,131,0
25,132,0
25,133,0
25,134,0
25,7,0
25,135,0
25,136,0
25,1,0
25,137,0
25,138,0
25,139,0
25,140,0
25,141,0
25,142,0
25,143,0
25,144,0
25,145,0
25,146,0
25,147,0
25,148,0
25,149,0
25,150,0
25,151,0
25,152,0
25,153,0
25,154,0
25,155,0
25,156,0
26,2,0
26,3,0
26,237,0
26,1,0
26,5,0
26,6,0
26,7,0
26,8,0
26,9,0
26,10,0
26,11,0
26,12,0
26,13,0
26,14,0
26,15,0
26,16,0
26,26,0
26,1963,0
26,1964,0
26,1965,0
26,1884,0
26,1966,0
26,1967,0
26,1968,0
26,25,0
26,1969,0
26,1970,0
26,1970,0
26,1970,0
26,1971,0
26,1795,0
26,1966,0
26,1884,0
26,1893,0
26,1972,0
26,1889,0
26,1973,0
26,1974,0
26,1975,0
26,1976,0
26,1977,0
26,1978,0
26,1979,0
26,1980,0
26,1981,0
26,1982,0
26,1983,0
26,1984,0
26,1985,0
26,1986,0
26,1987,0
26,1988,0
26,1989,0
26,1990,0
26,1991,0
26,1992,0
26,1993,0
26,1994,0
26,1995,0
26,1996,0
26,1997,0
26,1998,0
26,1724,0
26,25,0
26,1999,0
26,1062,0
26,1757,0
26,29,0
26,30,0
26,2000,0
26,24,0
26,1756,0
26,1756,0
26,1756,0
26,2001,0
26,2002,0
26,2003,0
26,51,0
26,851,0
26,852,0
26,853,0
26,854,0
26,2004,0
26,2005,0
26,2006,0
26,51,0
26,2007,0
26,2008,0
26,2009,0
26,2009,0
26,2010,0
26,2009,0
26,2011,0
26,2011,0
26,2011,0
26,453,0
26,1794,0
26,1971,0
26,2012,0
26,2012,0
26,2013,0
26,2014,0
26,2014,0
26,2015,0
26,2016,0
26,2016,0
26,2017,0
26,2018,0
26,2018,0
26,2019,0
26,2020,0
26,2020,0
26,2021,0
26,2022,0
26,2022,0
26,2023,0
26,2024,0
26,2024,0
26,2025,0
26,2026,0
26,2026,0
26,2027,0
26,2028,0
26,2028,0
26,2029,0
26,2030,0
26,2030,0
26,2031,0
26,1971,0
26,453,0
26,1794,0
26,1795,0
26,1796,0
26,1796,0
26,1797,0
26,1798,0
26,1798,0
26,1799,0
26,1800,0
26,1800,0
26,1801,0
26,1802,0
26,1802,0
26,1803,0
26,1804,0
26,1804,0
26,1805,0
26,2032,0
26,2032,0
26,2033,0
26,2034,0
26,2034,0
26,2035,0
26,2036,0
26,2036,0
26,2037,0
26,2038,0
26,2038,0
26,2039,0
26,2040,0
26,2040,0
26,2041,0
26,1795,0
26,453,0
26,1794,0
26,2042,0
26,2043,0
26,2043,0
26,2044,0
26,2045,0
26,2045,0
26,2046,0
26,1970,0
26,1970,0
26,2047,0
26,2048,0
26,2048,0
26,2049,0
26,2022,0
26,2022,0
26,2023,0
26,2050,0
26,2050,0
26,2051,0
26,2052,0
26,2052,0
26,2053,0
26,2054,0
26,2054,0
26,2055,0
26,2056,0
26,2056,0
26,2057,0
26,2058,0
26,2058,0
26,2059,0
26,2042,0
26,453,0
26,1794,0
26,2060,0
26,2012,0
26,2012,0
26,2013,0
26,2061,0
26,2061,0
26,2062,0
26,2063,0
26,2063,0
26,2064,0
26,2065,0
26,2065,0
26,2066,0
26,2067,0
26,2067,0
26,2068,0
26,2069,0
26,2069,0
26,2070,0
26,2071,0
26,2071,0
26,2072,0
26,2073,0
26,2073,0
26,2074,0
26,2075,0
26,2075,0
26,2076,0
26,2077,0
26,2077,0
26,2078,0
26,2060,0
26,2079,0
26,1971,0
26,1884,0
26,1966,0
26,111,0
26,2080,0
26,1903,0
26,2081,0
26,1904,0
26,2082,0
26,2083,0
26,2084,0
26,2085,0
26,2086,0
26,2087,0
26,2088,0
26,2089,0
26,2090,0
26,2091,0
26,2092,0
26,2093,0
26,2094,0
26,2095,0
26,2096,0
26,2097,0
26,2098,0
26,2099,0
26,2100,0
26,2101,0
26,2102,0
26,2103,0
26,2104,0
26,2105,0
26,2106,0
26,2107,0
26,2108,0
26,2109,0
26,2110,0
26,2111,0
26,2112,0
26,2113,0
26,2114,0
26,2115,0
26,2116,0
26,1893,0
26,2117,0
26,2118,0
26,2119,0
26,2120,0
26,2121,0
26,2122,0
26,2123,0
26,2124,0
26,2125,0
26,2126,0
26,2127,0
26,2128,0
26,2129,0
26,2130,0
26,2131,0
26,2132,0
26,2133,0
26,2134,0
26,2135,0
26,2136,0
26,2137,0
26,2138,0
26,2139,0
26,2140,0
26,2141,0
26,2142,0
26,2143,0
26,2144,0
26,1893,0
26,2145,0
26,2146,0
26,2147,0
26,2148,0
26,2149,0
26,2150,0
26,2151,0
26,2152,0
26,1904,0
26,2153,0
26,2154,0
26,2155,0
26,2156,0
26,2157,0
26,2158,0
26,2159,0
26,2160,0
26,2161,0
26,2162,0
26,2163,0
26,2164,0
26,2165,0
26,2166,0
26,2167,0
26,2168,0
26,2169,0
26,2170,0
26,2171,0
26,2172,0
26,2173,0
26,2174,0
26,2175,0
26,2176,0
26,2177,0
26,2178,0
26,2179,0
26,2085,0
26,2180,0
26,2181,0
26,2182,0
26,2183,0
26,2184,0
26,2185,0
26,2186,0
26,2187,0
26,2188,0
26,2189,0
26,2190,0
26,2191,0
26,2192,0
26,2193,0
26,2194,0
26,2195,0
26,2196,0
26,2197,0
26,2198,0
26,2199,0
26,2200,0
26,2201,0
26,2202,0
26,2203,0
26,2204,0
26,2205,0
26,2206,0
26,2207,0
26,2208,0
26,2209,0
26,2210,0
26,2211,0
26,2212,0
26,1890,0
26,1890,0
26,1889,0
26,1891,0
26,1891,0
26,1892,0
26,1892,0
26,1893,0
26,1893,0
26,1725,0
26,1725,0
26,2213,0
26,2213,0
26,2214,0
26,2214,0
26,2215,0
26,2215,0
26,1889,0
26,1889,0
26,1756,0
26,1756,0
26,2216,0
26,2216,0
26,2217,0
26,2217,0
26,2218,0
26,2219,0
26,2220,0
26,2221,0
26,2222,0
26,2223,0
26,2224,0
26,2225,0
26,2226,0
26,2227,0
26,2228,0
26,2229,0
26,2230,0
26,2231,0
26,2232,0
26,2233,0
26,2234,0
26,2235,0
26,2236,0
26,2237,0
26,2238,0
26,2239,0
26,2240,0
26,2241,0
26,2242,0
26,2243,0
26,2244,0
26,2245,0
26,2246,0
26,2247,0
26,2248,0
26,2249,0
26,2250,0
26,2251,0
26,2252,0
26,2253,0
26,2254,0
26,2255,0
26,2256,0
26,2257,0
26,2258,0
26,2259,0
26,2260,0
26,2261,0
26,2262,0
26,2263,0
26,2264,0
26,2265,0
26,2266,0
26,2267,0
26,2268,0
26,2269,0
26,2270,0
26,2271,0
26,2272,0
26,2273,0
26,2274,0
26,2275,0
26,2276,0
26,2277,0
26,2278,0
26,2279,0
26,2280,0
26,2281,0
26,2282,0
26,2283,0
26,2284,0
26,2284,0
26,2285,0
26,2285,0
26,2286,0
26,2286,0
26,2287,0
26,2287,0
26,1889,0
26,2288,0
26,2288,0
26,2289,0
26,2289,0
26,2290,0
26,2291,0
26,2292,0
26,2293,0
26,2294,0
26,2295,0
26,2296,0
26,2297,0
26,2298,0
26,2299,0
26,2300,0
26,2301,0
26,2095,0
26,2302,0
26,2303,0
26,2304,0
26,2305,0
26,2306,0
26,2307,0
26,2308,0
26,2309,0
26,2310,0
26,2101,0
26,2311,0
26,2103,0
26,2312,0
26,2313,0
26,2314,0
26,2315,0
26,2316,0
26,2317,0
26,2318,0
26,2319,0
26,2320,0
26,2321,0
26,2322,0
26,2323,0
26,126,0
26,127,0
26,128,0
26,129,0
26,130,0
26,131,0
26,132,0
26,133,0
26,134,0
26,7,0
26,135,0
26,136,0
26,1,0
26,137,0
26,138,0
26,139,0
26,140,0
26,141,0
26,142,0
26,143,0
26,144,0
26,145,0
26,146,0
26,147,0
26,148,0
26,149,0
26,150,0
26,151,0
26,152,0
26,153,0
26,154,0
26,155,0
26,156,0
27,2,0
27,3,0
27,1,0
27,5,0
27,6,0
27,7,0
27,8,0
27,9,0
27,10,0
27,11,0
27,12,0
27,13,0
27,14,0
27,15,0
27,16,0
27,27,0
27,2324,0
27,2325,0
27,2326,0
27,2327,0
27,2328,0
27,2329,0
27,2330,0
27,2331,0
27,2332,0
27,2333,0
27,2334,0
27,2335,0
27,2336,0
27,2337,0
27,2338,0
27,2339,0
27,2332,0
27,2340,0
27,2341,0
27,2342,0
27,2343,0
27,2339,0
27,2344,0
27,2345,0
27,2346,0
27,2340,0
27,2347,0
27,2348,0
27,2349,0
27,2350,0
27,2351,0
27,2352,0
27,2353,0
27,2354,0
27,2355,0
27,2356,0
27,2357,0
27,2347,0
27,2358,0
27,2359,0
27,2360,0
27,2361,0
27,2362,0
27,2363,0
27,2344,0
27,2358,0
27,2364,0
27,2365,0
27,2366,0
27,2367,0
27,2368,0
27,2369,0
27,2342,0
27,2364,0
27,2370,0
27,2371,0
27,2372,0
27,2373,0
27,2374,0
27,2375,0
27,2376,0
27,2377,0
27,2370,0
27,2378,0
27,2376,0
27,2379,0
27,2380,0
27,2381,0
27,1,0
27,2378,0
27,2382,0
27,2383,0
27,2384,0
27,2385,0
27,2386,0
27,2387,0
27,2388,0
27,2339,0
27,2382,0
27,2389,0
27,2390,0
27,2391,0
27,2392,0
27,2393,0
27,2389,0
27,2394,0
27,2395,0
27,2396,0
27,2397,0
27,2398,0
27,2399,0
27,2340,0
27,2394,0
27,2400,0
27,2401,0
27,2402,0
27,2403,0
27,2404,0
27,2405,0
27,2406,0
27,2407,0
27,2408,0
27,2409,0
27,2410,0
27,2411,0
27,2412,0
27,2413,0
27,2414,0
27,2415,0
27,2416,0
27,2417,0
27,2418,0
27,2419,0
27,2420,0
27,2421,0
27,2422,0
27,2423,0
27,2424,0
27,2425,0
27,2426,0
27,2427,0
27,2428,0
27,2429,0
27,2430,0
27,2431,0
27,2432,0
27,2433,0
27,2434,0
27,2435,0
27,2436,0
27,2437,0
27,2438,0
27,2439,0
27,2440,0
27,2441,0
27,2442,0
27,2443,0
27,2444,0
27,2445,0
27,2446,0
27,2447,0
27,2448,0
27,2449,0
27,2450,0
27,2451,0
27,2452,0
27,2453,0
27,2454,0
27,2455,0
27,2456,0
27,2457,0
27,2458,0
27,2459,0
27,2460,0
27,2461,0
27,2462,0
27,2463,0
27,2464,0
27,2465,0
27,2466,0
27,2467,0
27,2468,0
27,2469,0
27,2470,0
27,2471,0
27,2472,0
27,2473,0
27,2474,0
27,2475,0
27,2476,0
27,2477,0
27,2478,0
27,2479,0
27,2480,0
27,2481,0
27,2482,0
27,2483,0
27,2484,0
27,2485,0
27,2486,0
27,2487,0
27,2488,0
27,2489,0
27,2490,0
27,2491,0
27,2492,0
27,2493,0
27,2494,0
27,2495,0
27,2496,0
27,2497,0
27,2498,0
27,2499,0
27,2500,0
27,2501,0
27,2502,0
27,2503,0
27,2504,0
27,2505,0
27,2506,0
27,2507,0
27,2508,0
27,2509,0
27,2510,0
27,2511,0
27,2512,0
27,2513,0
27,2514,0
27,2515,0
27,2516,0
27,2517,0
27,2518,0
27,2519,0
27,2520,0
27,2521,0
27,2522,0
27,2523,0
27,2524,0
27,2525,0
27,2526,0
27,2527,0
27,2528,0
27,2529,0
27,2530,0
27,2531,0
27,2532,0
27,2533,0
27,2534,0
27,2535,0
27,2536,0
27,2537,0
27,2538,0
27,2539,0
27,2540,0
27,2541,0
27,2542,0
27,2543,0
27,2544,0
27,2545,0
27,2546,0
27,2547,0
27,2548,0
27,2549,0
27,2550,0
27,2551,0
27,2552,0
27,2553,0
27,2554,0
27,2555,0
27,2556,0
27,2557,0
27,2558,0
27,2325,0
27,2326,0
27,2328,0
27,2327,0
27,2559,0
27,2560,0
27,2561,0
27,2562,0
27,2563,0
27,2564,0
27,2564,0
27,2564,0
27,2325,0
27,2325,0
27,2565,0
27,2566,0
27,2567,0
27,2568,0
27,2569,0
27,2327,0
27,2327,0
27,2570,0
27,2571,0
27,2572,0
27,2573,0
27,2329,0
27,2329,0
27,2574,0
27,2575,0
27,2576,0
27,2577,0
27,2326,0
27,2326,0
27,2578,0
27,2579,0
27,2580,0
27,2581,0
27,2328,0
27,2328,0
27,2582,0
27,2583,0
27,2584,0
27,2585,0
27,2586,0
27,2586,0
27,2569,0
27,2587,0
27,2588,0
27,2331,0
27,2331,0
27,2589,0
27,2590,0
27,2591,0
27,2592,0
27,2593,0
27,2593,0
27,2594,0
27,2595,0
27,2596,0
27,2597,0
27,2597,0
27,2598,0
27,2599,0
27,2600,0
27,2601,0
27,2601,0
27,2602,0
27,2603,0
27,2604,0
27,2605,0
27,2601,0
27,2606,0
27,2606,0
27,2606,0
27,2607,0
27,2607,0
27,2608,0
27,2609,0
27,2610,0
27,2611,0
27,126,0
27,127,0
27,128,0
27,129,0
27,130,0
27,131,0
27,132,0
27,133,0
27,134,0
27,7,0
27,135,0
27,136,0
27,1,0
27,137,0
27,138,0
27,139,0
27,140,0
27,141,0
27,142,0
27,143,0
27,144,0
27,145,0
27,146,0
27,147,0
27,148,0
27,149,0
27,150,0
27,151,0
27,152,0
27,153,0
27,154,0
27,155,0
27,156,0
28,2,0
28,3,0
28,237,0
28,1,0
28,5,0
28,6,0
28,7,0
28,8,0
28,9,0
28,10,0
28,11,0
28,12,0
28,13,0
28,14,0
28,15,0
28,16,0
28,28,0
28,2612,0
28,2613,0
28,2614,0
28,2615,0
28,2616,0
28,2617,0
28,2618,0
28,29,0
28,44,0
28,2619,0
28,2620,0
28,2621,0
28,2622,0
28,29,0
28,2623,0
28,2624,0
28,2625,0
28,2619,0
28,2626,0
28,2627,0
28,2628,0
28,2612,0
28,2613,0
28,2615,0
28,2614,0
28,2629,0
28,2616,0
28,2617,0
28,44,0
28,2630,0
28,29,0
28,2618,0
28,68,0
28,2631,0
28,2632,0
28,2633,0
28,2634,0
28,2635,0
28,2636,0
28,2637,0
28,2638,0
28,2639,0
28,2640,0
28,2623,0
28,2641,0
28,2642,0
28,2643,0
28,2625,0
28,2644,0
28,2644,0
28,2644,0
28,2645,0
28,2646,0
28,2647,0
28,2648,0
28,2649,0
28,2650,0
28,2651,0
28,2652,0
28,2653,0
28,2654,0
28,2655,0
28,2645,0
28,2656,0
28,2628,0
28,2619,0
28,2657,0
28,2657,0
28,2658,0
28,2658,0
28,2659,0
28,2659,0
28,453,0
28,2660,0
28,2661,0
28,2661,0
28,2662,0
28,2663,0
28,2663,0
28,2664,0
28,2664,0
28,2665,0
28,2665,0
28,2666,0
28,2666,0
28,2667,0
28,2667,0
28,2668,0
28,2668,0
28,2669,0
28,2669,0
28,2670,0
28,2670,0
28,2671,0
28,2672,0
28,2672,0
28,2660,0
28,2673,0
28,2673,0
28,961,0
28,2660,0
28,2631,0
28,2627,0
28,2626,0
28,2619,0
28,2674,0
28,2675,0
28,2676,0
28,2677,0
28,2678,0
28,2679,0
28,2680,0
28,2681,0
28,2682,0
28,2683,0
28,2684,0
28,2685,0
28,2686,0
28,2687,0
28,2688,0
28,2689,0
28,2690,0
28,2691,0
28,2692,0
28,2693,0
28,2694,0
28,2695,0
28,2696,0
28,2696,0
28,2697,0
28,2697,0
28,2698,0
28,2699,0
28,2700,0
28,2701,0
28,2675,0
28,2702,0
28,2703,0
28,2704,0
28,2705,0
28,2706,0
28,2707,0
28,2708,0
28,2709,0
28,2675,0
28,2675,0
28,2710,0
28,2711,0
28,2712,0
28,2713,0
28,2714,0
28,2715,0
28,2716,0
28,2717,0
28,2718,0
28,2719,0
28,2720,0
28,2721,0
28,2722,0
28,2723,0
28,2724,0
28,2725,0
28,2726,0
28,2727,0
28,2728,0
28,2729,0
28,2676,0
28,2730,0
28,2678,0
28,2731,0
28,2677,0
28,2732,0
28,2679,0
28,2733,0
28,2734,0
28,2735,0
28,2736,0
28,2737,0
28,2738,0
28,2739,0
28,2740,0
28,2741,0
28,2742,0
28,2743,0
28,2744,0
28,2745,0
28,2746,0
28,2747,0
28,2748,0
28,2749,0
28,2750,0
28,2751,0
28,2752,0
28,2753,0
28,2754,0
28,2755,0
28,2756,0
28,2757,0
28,2758,0
28,2759,0
28,2760,0
28,2761,0
28,2762,0
28,2763,0
28,2764,0
28,2765,0
28,2766,0
28,2767,0
28,2768,0
28,2620,0
28,2769,0
28,2770,0
28,2771,0
28,2772,0
28,2773,0
28,2774,0
28,2775,0
28,2776,0
28,2777,0
28,2778,0
28,2779,0
28,2780,0
28,2781,0
28,126,0
28,127,0
28,128,0
28,129,0
28,130,0
28,131,0
28,132,0
28,133,0
28,134,0
28,7,0
28,135,0
28,136,0
28,1,0
28,137,0
28,138,0
28,139,0
28,140,0
28,141,0
28,142,0
28,143,0
28,144,0
28,145,0
28,146,0
28,147,0
28,148,0
28,149,0
28,150,0
28,151,0
28,152,0
28,153,0
28,154,0
28,155,0
28,156,0
29,2,0
29,3,0
29,237,0
29,1,0
29,5,0
29,6,0
29,7,0
29,8,0
29,9,0
29,10,0
29,11,0
29,12,0
29,13,0
29,14,0
29,15,0
29,16,0
29,28,0
29,2612,0
29,2613,0
29,2614,0
29,2615,0
29,2616,0
29,2617,0
29,2618,0
29,29,0
29,44,0
29,2619,0
29,2782,0
29,2783,0
29,2784,0
29,2785,0
29,2786,0
29,2787,0
29,2788,0
29,2789,0
29,2790,0
29,2791,0
29,2792,0
29,2793,0
29,2794,0
29,2795,0
29,2796,0
29,2797,0
29,2798,0
29,2799,0
29,2800,0
29,2801,0
29,2802,0
29,2803,0
29,2804,0
29,2805,0
29,2804,0
29,2806,0
29,2807,0
29,2782,0
29,2808,0
29,2809,0
29,2810,0
29,2811,0
29,2811,0
29,2812,0
29,2813,0
29,2814,0
29,2815,0
29,2816,0
29,2817,0
29,2818,0
29,2819,0
29,2814,0
29,2820,0
29,2821,0
29,2822,0
29,2823,0
29,453,0
29,2824,0
29,2825,0
29,2825,0
29,2826,0
29,2826,0
29,2827,0
29,2827,0
29,2828,0
29,2828,0
29,2829,0
29,2829,0
29,2830,0
29,2830,0
29,2831,0
29,2831,0
29,2832,0
29,2832,0
29,2833,0
29,2833,0
29,2834,0
29,2834,0
29,2824,0
29,2673,0
29,2673,0
29,2835,0
29,2836,0
29,2837,0
29,2837,0
29,2838,0
29,2839,0
29,2821,0
29,2840,0
29,2841,0
29,2842,0
29,2820,0
29,2843,0
29,2844,0
29,2845,0
29,2846,0
29,2822,0
29,2847,0
29,2848,0
29,2849,0
29,2850,0
29,2851,0
29,2852,0
29,2853,0
29,2854,0
29,2855,0
29,2856,0
29,2856,0
29,2857,0
29,2857,0
29,2858,0
29,2858,0
29,2859,0
29,2860,0
29,2861,0
29,2862,0
29,2863,0
29,2864,0
29,2865,0
29,2866,0
29,2867,0
29,2868,0
29,2869,0
29,2870,0
29,2871,0
29,2872,0
29,2873,0
29,2874,0
29,2875,0
29,2876,0
29,2877,0
29,2878,0
29,2879,0
29,126,0
29,127,0
29,128,0
29,129,0
29,130,0
29,131,0
29,132,0
29,133,0
29,134,0
29,7,0
29,135,0
29,136,0
29,1,0
29,137,0
29,138,0
29,139,0
29,140,0
29,141,0
29,142,0
29,143,0
29,144,0
29,145,0
29,146,0
29,147,0
29,148,0
29,149,0
29,150,0
29,151,0
29,152,0
29,153,0
29,154,0
29,155,0
29,156,0
