1,2,0
1,3,0
1,4,0
1,5,0
1,6,0
1,7,0
1,8,0
1,9,0
1,10,0
1,11,0
1,12,0
1,13,0
1,14,0
1,15,0
1,16,0
1,17,0
1,18,0
1,19,0
1,20,0
1,21,0
1,22,0
1,23,0
1,24,0
1,25,0
1,26,0
1,27,0
1,28,0
1,29,0
1,30,0
1,31,0
2,18,0
2,32,0
2,13,0
2,16,0
2,10,0
2,24,0
2,33,0
2,34,0
2,22,0
2,35,0
2,3,0
2,9,0
2,20,0
2,36,0
2,7,0
2,6,0
2,8,0
2,37,0
2,11,0
2,4,0
2,38,0
2,19,0
3,39,0
3,21,0
3,40,0
3,13,0
3,7,0
3,8,0
3,34,0
3,28,0
3,23,0
3,41,0
3,42,0
3,43,0
3,9,0
3,11,0
3,4,0
3,18,0
3,19,0
3,44,0
3,16,0
3,45,0
3,46,0
3,6,0
3,20,0
3,27,0
3,22,0
3,47,0
3,48,0
3,49,0
3,50,0
3,12,0
3,51,0
3,52,0
3,53,0
3,54,0
3,55,0
3,56,0
4,57,0
4,58,0
4,59,0
4,60,0
4,46,0
4,61,0
4,62,0
4,63,0
4,64,0
4,65,0
4,66,0
4,67,0
4,11,0
4,68,0
4,69,0
4,70,0
4,71,0
4,22,0
4,72,0
5,6,0
5,73,0
5,74,0
5,13,0
5,75,0
5,76,0
5,77,0
5,78,0
5,79,0
6,7,0
6,28,0
6,13,0
6,34,0
6,80,0
6,81,0
6,16,0
6,18,0
6,82,0
6,27,0
6,83,0
6,8,0
6,84,0
6,85,0
6,86,0
6,87,0
6,22,0
7,88,0
7,89,0
7,22,0
7,19,0
7,90,0
7,16,0
7,91,0
7,92,0
7,93,0
7,94,0
7,28,0
7,13,0
7,95,0
7,96,0
7,97,0
7,98,0
7,99,0
7,100,0
7,10,0
7,76,0
7,15,0
7,9,0
8,101,0
8,22,0
8,102,0
8,28,0
9,22,0
9,103,0
9,13,0
9,104,0
9,41,0
9,24,0
9,21,0
9,105,0
9,16,0
9,106,0
9,107,0
9,10,0
9,30,0
10,108,0
10,109,0
10,34,0
10,110,0
10,111,0
10,112,0
10,16,0
10,113,0
10,24,0
10,70,0
10,114,0
10,115,0
10,116,0
10,30,0
10,117,0
10,118,0
10,119,0
10,120,0
10,121,0
10,122,0
10,123,0
10,124,0
10,125,0
10,126,0
10,127,0
10,128,0
10,129,0
10,130,0
11,131,0
11,73,0
11,45,0
11,132,0
11,133,0
11,134,0
11,135,0
11,22,0
11,136,0
11,20,0
11,19,0
11,18,0
11,137,0
11,138,0
11,27,0
11,25,0
12,139,0
12,140,0
12,141,0
12,142,0
12,84,0
12,143,0
12,144,0
12,145,0
12,146,0
12,147,0
12,148,0
12,149,0
12,150,0
12,151,0
12,152,0
12,153,0
13,154,0
13,155,0
13,156,0
13,24,0
13,157,0
13,28,0
13,22,0
13,158,0
13,16,0
13,18,0
13,159,0
13,14,0
13,69,0
13,45,0
13,106,0
13,76,0
13,153,0
13,160,0
14,15,0
14,161,0
14,162,0
14,163,0
14,164,0
14,123,0
14,33,0
14,24,0
14,165,0
14,166,0
14,34,0
14,167,0
14,124,0
14,168,0
14,110,0
14,169,0
14,170,0
14,171,0
14,172,0
14,173,0
14,174,0
14,80,0
14,136,0
14,112,0
14,175,0
14,176,0
14,107,0
14,177,0
14,178,0
14,179,0
14,16,0
14,180,0
14,181,0
14,182,0
15,76,0
15,183,0
15,184,0
15,185,0
15,186,0
15,187,0
15,124,0
15,33,0
15,188,0
15,189,0
15,190,0
15,168,0
15,34,0
15,191,0
15,93,0
15,23,0
16,192,0
16,108,0
16,24,0
16,193,0
16,123,0
16,194,0
16,195,0
16,34,0
16,196,0
16,197,0
16,198,0
16,199,0
16,30,0
16,127,0
16,200,0
16,77,0
16,105,0
16,201,0
16,202,0
16,203,0
16,204,0
16,205,0
16,206,0
16,207,0
16,208,0
16,209,0
16,210,0
16,33,0
16,211,0
16,212,0
16,213,0
16,214,0
16,215,0
16,216,0
16,56,0
16,217,0
16,218,0
16,219,0
16,220,0
16,129,0
16,221,0
16,222,0
17,115,0
17,24,0
17,34,0
17,223,0
17,224,0
17,225,0
18,25,0
18,39,0
18,26,0
18,226,0
18,23,0
18,38,0
18,227,0
18,21,0
18,27,0
18,19,0
18,22,0
18,228,0
19,229,0
19,230,0
19,38,0
19,231,0
19,20,0
19,27,0
19,70,0
19,137,0
19,232,0
19,186,0
19,120,0
19,82,0
19,233,0
19,234,0
19,235,0
19,236,0
19,237,0
19,238,0
19,239,0
19,240,0
19,41,0
19,86,0
20,233,0
20,228,0
20,81,0
20,50,0
20,241,0
20,41,0
20,242,0
20,106,0
20,243,0
20,43,0
20,244,0
20,22,0
21,245,0
21,246,0
21,40,0
21,25,0
21,46,0
21,41,0
21,54,0
21,247,0
21,248,0
21,47,0
21,249,0
21,250,0
21,251,0
21,223,0
21,252,0
21,253,0
21,23,0
21,50,0
21,254,0
21,105,0
21,255,0
21,210,0
21,214,0
21,206,0
21,55,0
21,157,0
21,256,0
21,107,0
21,91,0
21,239,0
21,257,0
21,258,0
21,259,0
21,59,0
21,260,0
21,39,0
21,103,0
21,104,0
21,261,0
22,27,0
22,38,0
22,32,0
23,262,0
23,263,0
23,240,0
23,264,0
23,38,0
23,265,0
23,266,0
23,227,0
23,54,0
23,182,0
23,134,0
23,135,0
23,25,0
23,43,0
23,246,0
23,45,0
23,267,0
23,268,0
23,39,0
23,143,0
23,269,0
23,270,0
23,271,0
23,272,0
23,46,0
23,44,0
23,42,0
23,273,0
23,80,0
23,196,0
23,255,0
23,274,0
23,275,0
23,276,0
23,50,0
23,277,0
23,278,0
23,279,0
23,97,0
23,280,0
23,203,0
23,230,0
23,281,0
23,282,0
23,283,0
23,284,0
24,108,0
24,285,0
24,109,0
24,286,0
24,182,0
24,34,0
24,176,0
24,287,0
24,288,0
24,263,0
24,289,0
24,115,0
24,290,0
24,167,0
24,70,0
24,291,0
24,119,0
24,292,0
24,124,0
24,58,0
24,30,0
24,168,0
24,33,0
24,116,0
24,293,0
24,294,0
24,174,0
24,295,0
24,110,0
24,120,0
24,121,0
24,296,0
24,297,0
24,112,0
25,26,0
25,227,0
25,39,0
25,287,0
25,265,0
25,298,0
25,299,0
25,300,0
25,301,0
25,62,0
25,302,0
25,126,0
25,60,0
25,303,0
25,238,0
27,95,0
27,238,0
27,304,0
27,235,0
27,70,0
27,186,0
27,232,0
27,230,0
27,38,0
27,305,0
27,86,0
27,275,0
27,306,0
27,307,0
28,34,0
28,233,0
28,182,0
28,308,0
28,309,0
28,280,0
29,310,0
29,311,0
29,312,0
29,313,0
29,314,0
29,147,0
29,315,0
29,316,0
30,317,0
30,318,0
30,319,0
30,320,0
30,321,0
30,322,0
30,323,0
30,324,0
30,49,0
30,325,0
30,326,0
30,178,0
30,34,0
30,196,0
30,327,0
30,328,0
30,218,0
30,200,0
30,211,0
30,194,0
30,201,0
31,329,0
31,45,0
31,330,0
31,259,0
31,251,0
31,104,0
31,331,0
31,202,0
31,157,0
31,332,0
31,333,0
31,334,0
31,54,0
31,335,0
31,336,0
31,245,0
31,337,0
31,338,0
31,339,0
31,340,0
31,241,0
32,341,0
33,34,0
33,120,0
33,169,0
34,308,0
34,108,0
34,342,0
34,343,0
34,182,0
34,55,0
34,70,0
38,344,0
38,345,0
38,51,0
38,270,0
38,237,0
38,231,0
38,233,0
38,346,0
38,347,0
38,275,0
38,348,0
38,241,0
38,254,0
38,349,0
38,350,0
38,351,0
38,352,0
38,330,0
38,353,0
39,354,0
39,46,0
39,227,0
39,52,0
39,105,0
39,250,0
39,313,0
39,42,0
39,245,0
39,240,0
39,246,0
39,43,0
39,355,0
39,356,0
39,357,0
39,314,0
39,332,0
39,358,0
39,107,0
39,41,0
39,45,0
39,265,0
39,50,0
40,359,0
40,54,0
40,55,0
40,336,0
40,268,0
40,354,0
40,293,0
40,360,0
40,46,0
40,361,0
40,56,0
40,362,0
40,363,0
40,364,0
40,49,0
40,47,0
40,42,0
40,365,0
40,355,0
40,105,0
40,157,0
40,58,0
40,203,0
40,366,0
40,367,0
41,354,0
41,353,0
41,87,0
41,368,0
41,245,0
41,262,0
41,260,0
41,358,0
41,134,0
41,270,0
41,54,0
41,369,0
41,250,0
41,370,0
41,371,0
41,210,0
41,194,0
41,50,0
41,372,0
41,135,0
41,246,0
41,332,0
41,103,0
41,51,0
41,373,0
41,62,0
41,48,0
41,46,0
41,374,0
41,106,0
41,94,0
41,375,0
41,238,0
41,376,0
41,377,0
41,334,0
41,247,0
41,378,0
41,379,0
41,355,0
41,47,0
41,191,0
41,235,0
42,303,0
42,380,0
42,381,0
42,105,0
42,382,0
42,372,0
42,271,0
42,383,0
42,384,0
42,385,0
42,386,0
42,387,0
42,356,0
42,388,0
42,389,0
42,50,0
42,390,0
42,391,0
42,314,0
42,392,0
42,104,0
42,245,0
42,333,0
42,393,0
42,332,0
42,44,0
42,394,0
42,378,0
42,395,0
42,396,0
42,397,0
42,337,0
42,355,0
42,398,0
42,354,0
42,45,0
42,134,0
42,335,0
42,157,0
42,399,0
42,400,0
42,338,0
42,401,0
42,84,0
42,402,0
42,403,0
42,404,0
43,269,0
43,46,0
43,405,0
43,282,0
43,230,0
43,240,0
44,341,0
44,406,0
44,407,0
44,408,0
44,332,0
44,409,0
44,410,0
44,386,0
44,411,0
44,412,0
44,135,0
44,52,0
44,383,0
44,413,0
44,414,0
45,415,0
45,399,0
45,73,0
45,333,0
45,416,0
45,355,0
45,417,0
45,418,0
45,251,0
45,419,0
45,227,0
45,420,0
45,421,0
45,50,0
45,422,0
45,54,0
45,191,0
45,423,0
45,362,0
45,424,0
45,349,0
45,425,0
45,133,0
45,259,0
46,59,0
46,399,0
46,72,0
46,62,0
46,58,0
46,426,0
46,354,0
46,64,0
46,57,0
46,373,0
46,71,0
46,414,0
46,69,0
46,81,0
46,66,0
46,427,0
46,282,0
46,428,0
46,429,0
46,68,0
46,351,0
46,241,0
46,430,0
46,246,0
46,431,0
46,52,0
46,432,0
46,48,0
47,433,0
47,337,0
47,104,0
48,296,0
48,332,0
48,434,0
48,367,0
49,54,0
49,76,0
49,185,0
49,269,0
49,344,0
49,241,0
49,92,0
49,303,0
49,328,0
49,206,0
49,435,0
49,55,0
49,293,0
49,436,0
49,105,0
49,116,0
49,390,0
49,437,0
49,128,0
49,361,0
49,79,0
49,201,0
49,274,0
49,317,0
49,321,0
49,327,0
49,438,0
49,439,0
49,213,0
49,202,0
49,440,0
49,325,0
49,322,0
49,441,0
49,56,0
49,442,0
49,363,0
50,259,0
50,368,0
50,52,0
50,228,0
50,81,0
50,241,0
50,354,0
50,443,0
50,444,0
50,191,0
50,245,0
50,324,0
50,367,0
50,338,0
50,271,0
50,314,0
50,404,0
50,333,0
51,445,0
51,446,0
51,105,0
51,56,0
51,447,0
51,354,0
51,353,0
51,54,0
51,448,0
51,449,0
51,368,0
51,278,0
51,366,0
51,450,0
51,338,0
51,257,0
51,451,0
51,340,0
51,269,0
52,452,0
52,453,0
52,228,0
52,241,0
52,81,0
52,351,0
52,269,0
52,182,0
52,128,0
52,454,0
52,333,0
52,133,0
52,365,0
52,340,0
52,254,0
52,455,0
52,456,0
52,146,0
52,457,0
52,362,0
52,367,0
52,458,0
52,157,0
52,335,0
52,248,0
52,135,0
52,316,0
52,459,0
52,402,0
52,287,0
52,460,0
52,413,0
52,461,0
53,72,0
54,187,0
54,124,0
54,87,0
54,183,0
54,354,0
54,189,0
54,268,0
54,454,0
54,346,0
54,76,0
54,329,0
54,331,0
54,185,0
54,462,0
54,378,0
54,463,0
54,333,0
54,464,0
54,316,0
54,465,0
54,191,0
54,466,0
54,467,0
55,468,0
55,360,0
55,105,0
55,259,0
55,317,0
55,469,0
55,324,0
55,201,0
55,56,0
55,128,0
56,470,0
56,335,0
56,251,0
56,392,0
56,332,0
56,471,0
56,360,0
56,364,0
56,327,0
56,472,0
56,289,0
56,207,0
56,202,0
56,196,0
56,473,0
56,212,0
56,213,0
56,390,0
56,293,0
56,201,0
56,128,0
56,194,0
56,437,0
56,105,0
56,133,0
56,474,0
56,210,0
56,77,0
56,214,0
57,62,0
57,58,0
57,475,0
57,65,0
57,476,0
57,477,0
57,478,0
57,479,0
57,480,0
57,59,0
57,282,0
57,69,0
57,426,0
57,72,0
57,481,0
57,64,0
57,66,0
57,373,0
57,482,0
57,483,0
57,484,0
57,485,0
57,420,0
57,486,0
57,231,0
57,487,0
58,72,0
58,59,0
58,64,0
58,66,0
58,69,0
58,488,0
58,62,0
58,426,0
58,282,0
58,373,0
58,192,0
58,286,0
58,351,0
58,393,0
58,489,0
58,67,0
58,490,0
58,491,0
58,255,0
58,439,0
58,492,0
58,493,0
58,206,0
58,494,0
58,124,0
58,107,0
58,495,0
58,112,0
59,64,0
59,66,0
59,71,0
59,69,0
59,282,0
59,62,0
59,426,0
59,72,0
59,430,0
59,496,0
59,497,0
59,498,0
59,256,0
59,499,0
60,485,0
61,470,0
61,64,0
61,244,0
61,500,0
61,68,0
61,132,0
61,501,0
61,485,0
61,502,0
62,503,0
62,63,0
62,64,0
62,504,0
62,373,0
62,341,0
62,505,0
62,371,0
62,140,0
62,185,0
62,145,0
62,267,0
62,150,0
62,203,0
62,72,0
62,71,0
62,66,0
62,476,0
62,67,0
63,427,0
63,506,0
63,507,0
63,508,0
63,150,0
63,71,0
63,509,0
63,476,0
64,485,0
64,65,0
64,68,0
64,90,0
64,506,0
64,282,0
64,510,0
64,69,0
64,72,0
64,483,0
65,483,0
65,68,0
65,485,0
65,282,0
65,510,0
65,430,0
65,90,0
65,477,0
65,475,0
65,511,0
65,512,0
65,513,0
65,476,0
65,481,0
65,514,0
66,316,0
66,515,0
66,368,0
66,69,0
66,71,0
66,282,0
66,426,0
66,72,0
67,430,0
67,516,0
67,485,0
67,286,0
67,282,0
67,238,0
67,490,0
67,491,0
67,517,0
67,518,0
67,519,0
68,470,0
68,500,0
68,485,0
68,510,0
68,430,0
68,90,0
68,282,0
68,520,0
68,511,0
68,69,0
68,373,0
69,444,0
69,506,0
69,521,0
69,522,0
69,523,0
69,524,0
69,525,0
69,426,0
69,72,0
69,526,0
69,527,0
69,432,0
69,509,0
69,90,0
69,528,0
69,362,0
69,466,0
69,349,0
69,219,0
69,529,0
69,500,0
70,530,0
70,233,0
70,108,0
70,239,0
70,444,0
70,330,0
70,82,0
70,531,0
70,117,0
70,280,0
70,169,0
70,355,0
70,182,0
70,492,0
70,532,0
70,495,0
70,170,0
71,508,0
71,233,0
71,427,0
71,429,0
71,134,0
71,533,0
71,511,0
72,534,0
72,426,0
72,535,0
72,536,0
72,537,0
72,369,0
72,507,0
72,285,0
72,538,0
72,500,0
72,539,0
72,511,0
72,540,0
72,282,0
72,339,0
72,455,0
72,353,0
72,396,0
72,541,0
72,373,0
72,542,0
72,268,0
72,351,0
72,140,0
72,423,0
72,510,0
72,356,0
73,420,0
73,376,0
73,543,0
73,133,0
73,544,0
73,467,0
73,270,0
73,447,0
73,528,0
73,260,0
73,545,0
73,546,0
73,89,0
73,378,0
73,413,0
73,422,0
73,547,0
73,548,0
74,233,0
74,134,0
74,254,0
74,549,0
74,466,0
74,504,0
74,550,0
74,287,0
74,551,0
74,552,0
74,194,0
74,206,0
74,196,0
74,128,0
74,505,0
74,553,0
74,186,0
74,101,0
74,554,0
74,555,0
75,556,0
75,557,0
75,354,0
75,558,0
75,152,0
75,559,0
75,468,0
75,560,0
75,267,0
75,148,0
75,561,0
76,183,0
76,187,0
76,185,0
76,553,0
76,84,0
76,562,0
76,189,0
76,396,0
76,267,0
76,147,0
76,117,0
76,105,0
76,316,0
76,269,0
76,563,0
76,564,0
76,565,0
76,566,0
76,190,0
76,567,0
76,568,0
76,467,0
76,150,0
76,466,0
76,462,0
76,233,0
76,186,0
76,569,0
76,124,0
76,341,0
76,570,0
76,80,0
76,119,0
76,571,0
76,572,0
76,573,0
76,352,0
77,420,0
77,147,0
77,574,0
77,323,0
77,196,0
78,333,0
78,183,0
78,113,0
78,181,0
78,176,0
78,162,0
78,197,0
78,161,0
78,575,0
78,120,0
78,121,0
79,576,0
79,128,0
79,133,0
79,136,0
79,322,0
79,201,0
79,336,0
79,105,0
79,400,0
79,577,0
80,184,0
80,578,0
80,269,0
80,579,0
80,580,0
80,581,0
80,582,0
80,116,0
80,85,0
80,401,0
80,400,0
80,577,0
80,105,0
80,176,0
80,583,0
80,127,0
80,274,0
80,584,0
80,194,0
80,361,0
80,120,0
80,161,0
81,228,0
81,134,0
81,585,0
81,452,0
81,241,0
81,586,0
81,155,0
81,587,0
81,333,0
81,454,0
81,460,0
81,554,0
81,588,0
81,308,0
81,260,0
81,94,0
81,243,0
81,405,0
81,204,0
82,234,0
82,306,0
82,233,0
82,180,0
82,269,0
82,237,0
82,94,0
82,405,0
82,182,0
82,381,0
82,275,0
82,176,0
82,113,0
82,301,0
82,520,0
82,589,0
82,460,0
82,277,0
82,201,0
82,588,0
83,590,0
83,388,0
83,239,0
83,143,0
83,243,0
84,354,0
84,141,0
84,143,0
84,332,0
84,146,0
84,591,0
84,150,0
84,140,0
84,573,0
84,153,0
84,152,0
85,398,0
85,592,0
85,593,0
85,212,0
85,128,0
85,219,0
85,594,0
85,198,0
85,595,0
85,215,0
85,193,0
85,291,0
85,328,0
85,222,0
85,205,0
85,401,0
85,130,0
85,327,0
85,518,0
85,596,0
86,429,0
86,597,0
86,598,0
86,378,0
86,233,0
86,95,0
86,454,0
86,94,0
87,183,0
87,134,0
87,567,0
88,92,0
88,599,0
88,204,0
88,219,0
88,600,0
88,518,0
88,601,0
88,193,0
88,594,0
88,198,0
88,259,0
89,454,0
89,464,0
89,93,0
89,602,0
89,603,0
89,604,0
90,427,0
90,485,0
90,282,0
90,510,0
90,430,0
90,605,0
90,606,0
90,607,0
90,507,0
90,608,0
90,396,0
90,426,0
90,604,0
90,609,0
90,610,0
90,285,0
90,603,0
91,611,0
91,256,0
91,233,0
91,612,0
91,269,0
91,613,0
91,369,0
91,614,0
91,615,0
91,444,0
92,616,0
92,617,0
92,618,0
92,201,0
92,284,0
92,619,0
92,157,0
92,620,0
92,574,0
92,259,0
93,621,0
93,454,0
93,602,0
93,189,0
93,603,0
93,622,0
93,623,0
93,624,0
93,625,0
93,465,0
93,626,0
93,627,0
93,191,0
93,628,0
93,118,0
93,629,0
94,630,0
94,99,0
94,266,0
94,631,0
94,376,0
94,632,0
94,231,0
94,351,0
94,457,0
94,137,0
94,606,0
94,633,0
94,233,0
94,568,0
94,237,0
94,131,0
94,598,0
94,597,0
94,241,0
95,454,0
95,632,0
96,376,0
96,612,0
96,100,0
96,634,0
96,610,0
96,457,0
98,635,0
98,598,0
98,636,0
98,627,0
99,135,0
99,602,0
99,189,0
100,598,0
101,265,0
101,196,0
101,271,0
101,637,0
101,582,0
101,404,0
101,132,0
101,468,0
101,638,0
101,128,0
101,554,0
102,339,0
102,370,0
103,639,0
103,246,0
103,614,0
104,154,0
104,333,0
104,135,0
104,501,0
104,404,0
104,128,0
104,201,0
104,218,0
104,640,0
104,327,0
104,105,0
105,333,0
105,545,0
105,335,0
105,183,0
105,331,0
105,420,0
105,578,0
105,414,0
105,236,0
105,468,0
105,378,0
105,227,0
105,274,0
105,439,0
105,400,0
105,390,0
105,210,0
105,446,0
105,641,0
105,200,0
105,214,0
105,204,0
105,196,0
105,206,0
105,128,0
105,642,0
105,643,0
105,644,0
105,596,0
105,645,0
105,646,0
105,198,0
105,647,0
105,284,0
105,129,0
105,203,0
105,259,0
105,116,0
105,648,0
105,213,0
105,291,0
105,205,0
105,218,0
105,649,0
105,650,0
105,651,0
105,503,0
105,251,0
105,321,0
105,202,0
105,361,0
105,201,0
105,472,0
105,217,0
105,437,0
105,216,0
105,307,0
106,538,0
106,588,0
106,425,0
106,652,0
106,653,0
106,452,0
106,654,0
106,655,0
106,656,0
106,268,0
106,415,0
106,657,0
106,458,0
106,658,0
106,134,0
106,137,0
106,358,0
106,659,0
106,339,0
106,660,0
106,661,0
106,662,0
106,663,0
106,664,0
106,391,0
106,467,0
106,665,0
107,666,0
107,667,0
107,252,0
107,182,0
107,128,0
107,200,0
107,206,0
107,263,0
107,196,0
107,668,0
107,217,0
108,120,0
108,296,0
110,117,0
110,532,0
110,569,0
110,119,0
110,669,0
110,182,0
110,124,0
112,333,0
112,271,0
112,179,0
112,670,0
112,165,0
112,280,0
112,671,0
112,163,0
112,120,0
112,168,0
112,355,0
112,114,0
112,170,0
112,181,0
112,167,0
113,134,0
113,672,0
113,176,0
113,181,0
113,124,0
113,162,0
113,168,0
113,532,0
113,120,0
113,163,0
114,669,0
114,569,0
114,117,0
114,179,0
115,454,0
115,673,0
115,224,0
115,668,0
115,225,0
115,287,0
115,255,0
115,674,0
115,367,0
115,675,0
116,470,0
116,676,0
116,677,0
116,344,0
116,678,0
116,269,0
116,468,0
116,593,0
116,127,0
116,128,0
116,274,0
116,648,0
116,446,0
116,305,0
116,390,0
116,205,0
116,679,0
116,439,0
116,194,0
116,215,0
116,213,0
116,435,0
116,642,0
116,206,0
116,210,0
116,214,0
116,307,0
116,201,0
116,289,0
116,680,0
116,681,0
116,204,0
116,198,0
117,135,0
117,185,0
117,124,0
117,569,0
117,119,0
117,167,0
117,682,0
117,133,0
117,161,0
117,532,0
117,120,0
118,683,0
118,517,0
118,441,0
118,629,0
118,205,0
118,684,0
118,469,0
119,124,0
119,169,0
119,669,0
119,569,0
120,233,0
120,332,0
120,685,0
120,569,0
120,532,0
120,166,0
120,178,0
120,168,0
120,165,0
120,182,0
120,669,0
120,174,0
120,176,0
120,169,0
120,170,0
120,161,0
120,172,0
120,163,0
120,179,0
120,181,0
120,563,0
120,297,0
121,178,0
121,163,0
121,169,0
121,563,0
121,166,0
121,174,0
121,165,0
121,172,0
121,168,0
122,429,0
122,545,0
122,686,0
122,331,0
122,329,0
122,543,0
122,252,0
122,687,0
122,688,0
122,290,0
122,355,0
122,689,0
122,287,0
124,183,0
124,176,0
124,555,0
124,690,0
124,569,0
124,691,0
125,692,0
125,137,0
125,429,0
125,329,0
125,367,0
125,287,0
125,182,0
125,255,0
125,693,0
125,694,0
126,684,0
127,647,0
127,274,0
127,594,0
127,695,0
127,696,0
127,208,0
127,446,0
127,219,0
127,649,0
127,648,0
127,199,0
128,303,0
128,137,0
128,429,0
128,231,0
128,243,0
128,206,0
128,321,0
128,194,0
128,325,0
128,293,0
128,324,0
128,680,0
128,217,0
128,439,0
128,182,0
128,435,0
128,274,0
128,196,0
128,305,0
128,207,0
128,289,0
128,201,0
128,697,0
129,641,0
129,200,0
129,643,0
129,317,0
130,468,0
130,672,0
130,698,0
130,194,0
130,327,0
130,401,0
130,205,0
130,699,0
130,437,0
131,135,0
131,611,0
131,134,0
131,297,0
131,700,0
131,701,0
131,585,0
131,330,0
131,155,0
131,536,0
131,702,0
131,460,0
131,703,0
131,234,0
131,614,0
131,481,0
131,137,0
131,704,0
131,677,0
132,244,0
132,313,0
132,470,0
132,547,0
132,501,0
132,638,0
132,617,0
132,331,0
132,259,0
133,475,0
133,565,0
133,134,0
133,282,0
133,234,0
133,213,0
133,446,0
134,585,0
134,135,0
134,155,0
134,227,0
134,338,0
134,481,0
134,705,0
134,706,0
134,691,0
134,586,0
134,351,0
134,663,0
134,368,0
134,377,0
134,240,0
134,448,0
134,140,0
134,418,0
134,314,0
134,707,0
134,372,0
134,607,0
134,708,0
134,445,0
134,487,0
134,709,0
134,254,0
135,196,0
135,394,0
135,524,0
135,606,0
135,710,0
135,387,0
135,711,0
135,311,0
135,340,0
135,598,0
135,586,0
135,568,0
135,431,0
135,712,0
135,504,0
135,397,0
135,545,0
135,467,0
135,713,0
135,714,0
135,457,0
135,148,0
135,367,0
135,480,0
135,693,0
135,184,0
135,155,0
135,715,0
135,227,0
135,332,0
136,612,0
136,565,0
136,302,0
136,716,0
136,576,0
136,717,0
136,718,0
136,313,0
136,533,0
136,213,0
136,682,0
137,711,0
137,662,0
137,452,0
137,238,0
137,243,0
137,269,0
137,182,0
137,585,0
137,138,0
137,554,0
137,239,0
137,376,0
137,454,0
137,588,0
137,413,0
137,321,0
137,214,0
137,362,0
137,230,0
137,443,0
137,520,0
137,420,0
137,233,0
137,459,0
137,332,0
138,230,0
138,240,0
139,147,0
139,146,0
140,147,0
140,148,0
140,142,0
140,150,0
140,146,0
140,299,0
140,267,0
140,354,0
140,504,0
140,143,0
140,300,0
140,349,0
140,719,0
140,152,0
140,332,0
140,329,0
140,649,0
140,396,0
140,720,0
140,573,0
140,721,0
140,505,0
140,145,0
140,149,0
140,722,0
140,314,0
140,312,0
140,313,0
140,333,0
141,354,0
141,723,0
141,719,0
141,142,0
141,146,0
141,152,0
142,143,0
142,354,0
142,152,0
142,723,0
142,649,0
142,591,0
142,404,0
142,147,0
142,148,0
142,150,0
142,146,0
142,724,0
142,443,0
142,313,0
142,504,0
142,355,0
142,332,0
142,578,0
143,723,0
143,147,0
143,239,0
143,146,0
143,725,0
143,726,0
143,633,0
143,504,0
143,332,0
143,413,0
143,727,0
143,396,0
143,591,0
143,381,0
143,728,0
143,729,0
143,730,0
143,590,0
143,411,0
143,299,0
143,410,0
143,276,0
143,731,0
144,559,0
144,732,0
144,387,0
144,733,0
144,734,0
144,364,0
144,556,0
145,371,0
145,416,0
145,331,0
145,735,0
145,146,0
145,736,0
145,267,0
145,241,0
145,573,0
145,185,0
145,237,0
145,354,0
145,150,0
145,372,0
145,152,0
146,371,0
146,573,0
146,147,0
146,354,0
146,150,0
146,332,0
146,185,0
146,737,0
146,148,0
146,505,0
146,149,0
146,362,0
146,316,0
146,239,0
146,428,0
146,229,0
146,152,0
147,152,0
147,314,0
147,183,0
147,150,0
147,738,0
147,239,0
147,573,0
147,507,0
147,739,0
147,354,0
147,720,0
147,396,0
148,206,0
148,573,0
148,364,0
148,719,0
148,378,0
148,152,0
149,267,0
149,721,0
149,737,0
149,371,0
149,573,0
149,185,0
149,505,0
149,150,0
149,152,0
149,692,0
150,152,0
150,354,0
150,573,0
150,241,0
150,540,0
150,183,0
150,243,0
150,404,0
150,578,0
151,241,0
152,739,0
152,267,0
152,371,0
152,735,0
152,559,0
152,300,0
152,557,0
152,243,0
152,737,0
152,573,0
152,740,0
152,741,0
152,185,0
152,723,0
152,742,0
153,396,0
153,743,0
153,744,0
153,412,0
153,745,0
153,746,0
153,747,0
153,356,0
153,590,0
153,748,0
153,591,0
154,218,0
155,377,0
155,237,0
155,677,0
155,362,0
155,445,0
155,346,0
155,415,0
155,586,0
155,344,0
155,418,0
155,585,0
155,375,0
155,378,0
156,269,0
156,687,0
156,702,0
156,662,0
156,268,0
157,335,0
157,741,0
157,246,0
157,332,0
157,333,0
157,749,0
158,750,0
158,751,0
158,661,0
158,752,0
158,391,0
158,753,0
158,395,0
158,754,0
158,183,0
158,755,0
158,649,0
159,756,0
159,434,0
160,757,0
160,758,0
160,759,0
161,190,0
161,183,0
161,185,0
161,584,0
162,584,0
162,176,0
162,196,0
162,327,0
162,197,0
162,401,0
162,699,0
162,297,0
162,198,0
163,633,0
163,351,0
163,760,0
163,489,0
163,322,0
164,271,0
164,173,0
164,167,0
164,168,0
164,322,0
164,165,0
165,239,0
165,172,0
165,174,0
165,167,0
165,563,0
165,166,0
165,168,0
165,297,0
166,182,0
166,492,0
166,168,0
166,361,0
166,178,0
167,237,0
167,532,0
168,237,0
168,563,0
168,322,0
168,691,0
168,532,0
170,490,0
171,501,0
171,584,0
172,297,0
172,563,0
176,390,0
176,584,0
176,181,0
176,220,0
176,197,0
176,196,0
176,761,0
176,182,0
176,198,0
176,327,0
177,584,0
177,182,0
178,244,0
179,280,0
179,669,0
181,344,0
181,549,0
181,314,0
181,197,0
182,231,0
182,234,0
182,241,0
182,237,0
182,277,0
182,762,0
182,532,0
182,296,0
182,563,0
182,287,0
182,763,0
182,292,0
183,567,0
183,187,0
183,764,0
183,700,0
183,625,0
183,384,0
183,359,0
183,189,0
183,393,0
183,381,0
183,715,0
183,341,0
183,724,0
183,726,0
183,367,0
183,191,0
183,551,0
183,765,0
183,566,0
183,602,0
183,604,0
183,766,0
183,190,0
183,185,0
184,185,0
184,269,0
184,572,0
184,189,0
184,191,0
184,579,0
184,206,0
185,371,0
185,559,0
185,300,0
185,742,0
185,416,0
185,573,0
185,329,0
185,354,0
185,364,0
185,389,0
185,736,0
185,767,0
185,569,0
185,331,0
185,578,0
185,267,0
185,190,0
186,580,0
186,603,0
186,549,0
186,711,0
186,768,0
186,429,0
186,639,0
186,638,0
186,414,0
187,466,0
187,567,0
187,766,0
187,396,0
187,589,0
188,769,0
188,660,0
188,455,0
188,588,0
188,770,0
188,654,0
188,467,0
188,771,0
188,562,0
188,772,0
188,663,0
188,578,0
189,454,0
189,191,0
189,773,0
189,464,0
189,623,0
189,602,0
189,622,0
189,578,0
189,774,0
190,567,0
190,566,0
190,573,0
191,454,0
191,464,0
191,316,0
191,622,0
192,698,0
192,775,0
192,776,0
192,248,0
192,503,0
192,446,0
192,206,0
192,288,0
192,224,0
192,323,0
193,363,0
193,328,0
193,361,0
193,592,0
193,222,0
193,215,0
193,594,0
193,401,0
193,196,0
193,775,0
193,518,0
193,600,0
193,601,0
193,599,0
193,212,0
193,446,0
193,219,0
193,204,0
194,705,0
194,196,0
194,210,0
194,293,0
194,263,0
194,649,0
194,325,0
194,439,0
194,361,0
194,390,0
194,317,0
194,204,0
194,400,0
194,777,0
195,694,0
195,778,0
195,255,0
195,675,0
195,489,0
195,671,0
196,269,0
196,333,0
196,237,0
196,678,0
196,599,0
196,220,0
196,779,0
196,274,0
196,201,0
196,390,0
196,197,0
196,204,0
196,780,0
196,263,0
196,317,0
196,473,0
196,289,0
196,472,0
196,212,0
196,327,0
196,207,0
196,691,0
196,777,0
196,439,0
196,214,0
196,781,0
196,446,0
196,361,0
196,210,0
196,364,0
196,695,0
196,218,0
197,204,0
197,327,0
197,782,0
197,220,0
197,390,0
197,289,0
197,780,0
197,212,0
198,775,0
198,512,0
198,222,0
198,205,0
198,215,0
198,629,0
198,327,0
198,207,0
198,401,0
198,584,0
198,647,0
198,441,0
198,212,0
198,594,0
198,204,0
198,695,0
198,206,0
198,783,0
198,780,0
198,698,0
198,219,0
198,642,0
199,784,0
199,785,0
199,289,0
199,687,0
199,725,0
199,286,0
199,363,0
199,786,0
199,215,0
199,221,0
199,780,0
199,216,0
199,649,0
199,218,0
200,219,0
200,641,0
200,645,0
200,596,0
200,646,0
200,642,0
200,787,0
200,643,0
200,271,0
200,647,0
200,545,0
200,470,0
200,333,0
200,692,0
200,788,0
200,617,0
200,284,0
200,259,0
200,205,0
201,258,0
201,335,0
201,233,0
201,650,0
201,202,0
201,206,0
201,361,0
201,438,0
201,291,0
201,274,0
201,293,0
201,218,0
201,325,0
201,474,0
201,336,0
202,258,0
202,335,0
202,251,0
202,399,0
202,348,0
202,586,0
202,214,0
202,321,0
202,474,0
203,291,0
203,503,0
203,371,0
203,416,0
203,573,0
203,332,0
203,263,0
203,789,0
203,206,0
203,323,0
204,233,0
204,272,0
204,335,0
204,378,0
204,390,0
204,217,0
204,790,0
204,293,0
204,205,0
204,361,0
204,251,0
204,211,0
204,210,0
204,438,0
204,209,0
204,274,0
204,207,0
204,594,0
204,791,0
204,216,0
204,263,0
204,213,0
204,291,0
204,218,0
204,446,0
204,503,0
204,214,0
204,328,0
204,472,0
205,401,0
205,446,0
205,217,0
205,212,0
205,219,0
205,208,0
205,594,0
205,648,0
205,792,0
205,222,0
205,211,0
205,336,0
205,783,0
205,390,0
205,216,0
205,207,0
205,289,0
205,291,0
205,210,0
205,698,0
205,274,0
205,215,0
206,695,0
206,214,0
206,263,0
206,210,0
206,322,0
206,215,0
206,222,0
206,446,0
206,439,0
206,327,0
206,400,0
206,213,0
206,361,0
207,213,0
207,390,0
207,473,0
207,212,0
207,364,0
207,629,0
207,216,0
207,698,0
207,327,0
208,468,0
208,792,0
208,219,0
208,212,0
208,446,0
208,274,0
208,648,0
208,343,0
208,596,0
209,404,0
209,215,0
209,596,0
209,218,0
210,404,0
210,672,0
210,676,0
210,425,0
210,233,0
210,274,0
210,439,0
210,446,0
210,322,0
210,361,0
210,400,0
210,214,0
210,698,0
210,642,0
211,578,0
211,212,0
211,219,0
211,401,0
211,289,0
211,698,0
211,792,0
211,680,0
211,781,0
211,215,0
212,793,0
212,222,0
212,401,0
212,560,0
212,219,0
212,215,0
212,213,0
212,698,0
212,441,0
212,794,0
212,328,0
212,792,0
212,216,0
212,472,0
212,795,0
212,327,0
213,366,0
213,677,0
213,286,0
213,793,0
213,472,0
213,437,0
213,284,0
213,364,0
213,796,0
213,797,0
213,307,0
213,474,0
214,688,0
214,692,0
214,243,0
214,429,0
214,293,0
214,361,0
214,438,0
214,263,0
214,503,0
214,650,0
214,274,0
215,592,0
215,289,0
215,219,0
215,216,0
215,363,0
215,221,0
215,780,0
215,642,0
215,786,0
215,222,0
215,401,0
215,698,0
215,218,0
215,518,0
215,594,0
216,780,0
216,599,0
216,219,0
216,289,0
216,390,0
216,439,0
216,221,0
216,642,0
216,786,0
216,218,0
216,696,0
216,798,0
217,545,0
217,775,0
217,243,0
217,501,0
217,221,0
217,293,0
217,794,0
218,799,0
218,578,0
218,363,0
218,780,0
218,599,0
218,274,0
218,629,0
218,335,0
218,532,0
218,439,0
218,640,0
219,401,0
219,725,0
219,698,0
219,695,0
219,472,0
219,592,0
219,650,0
219,792,0
219,800,0
219,222,0
219,595,0
219,696,0
219,692,0
219,801,0
219,289,0
219,790,0
220,390,0
220,802,0
221,555,0
221,599,0
221,786,0
221,363,0
221,780,0
221,289,0
221,647,0
222,592,0
222,742,0
222,803,0
222,804,0
222,594,0
223,549,0
223,678,0
223,495,0
223,805,0
224,495,0
224,806,0
224,355,0
224,674,0
224,675,0
225,806,0
226,528,0
227,807,0
227,532,0
227,324,0
227,410,0
227,578,0
227,518,0
227,378,0
227,368,0
228,808,0
228,399,0
228,241,0
228,404,0
228,340,0
228,271,0
228,314,0
229,454,0
230,298,0
230,443,0
230,775,0
230,809,0
230,239,0
230,613,0
230,240,0
230,233,0
231,240,0
231,243,0
231,254,0
231,810,0
231,346,0
231,334,0
233,238,0
233,444,0
233,282,0
233,692,0
233,243,0
233,254,0
233,811,0
233,306,0
233,812,0
233,239,0
233,813,0
233,305,0
233,814,0
233,534,0
233,815,0
233,633,0
233,660,0
233,590,0
233,439,0
233,816,0
233,378,0
233,585,0
233,711,0
233,240,0
233,607,0
233,235,0
233,255,0
234,817,0
234,376,0
235,541,0
235,662,0
235,305,0
235,568,0
235,415,0
235,452,0
235,458,0
235,456,0
235,818,0
235,257,0
237,819,0
237,340,0
237,316,0
237,705,0
237,305,0
237,585,0
237,631,0
237,633,0
237,820,0
237,702,0
237,269,0
237,707,0
237,624,0
237,444,0
237,821,0
237,464,0
237,822,0
237,532,0
237,503,0
237,355,0
238,709,0
238,564,0
238,453,0
238,823,0
238,428,0
238,824,0
238,513,0
238,460,0
238,487,0
238,447,0
239,590,0
239,504,0
239,243,0
239,434,0
239,306,0
239,812,0
239,825,0
239,813,0
239,330,0
239,591,0
240,443,0
240,826,0
240,776,0
240,444,0
240,440,0
240,405,0
240,248,0
240,306,0
241,340,0
241,484,0
241,466,0
241,243,0
241,367,0
241,456,0
241,415,0
241,316,0
241,827,0
241,452,0
241,475,0
241,269,0
241,588,0
241,585,0
241,392,0
242,828,0
242,418,0
242,578,0
243,396,0
243,431,0
243,829,0
243,830,0
243,303,0
243,826,0
243,332,0
243,591,0
243,831,0
243,633,0
243,373,0
243,588,0
243,452,0
243,504,0
244,378,0
244,832,0
244,470,0
244,501,0
245,354,0
245,335,0
245,246,0
245,250,0
245,248,0
246,362,0
246,399,0
246,585,0
246,250,0
248,331,0
248,775,0
248,379,0
248,392,0
248,443,0
248,833,0
248,809,0
248,834,0
248,512,0
248,555,0
249,306,0
250,367,0
250,687,0
250,252,0
250,429,0
250,702,0
250,284,0
251,333,0
251,420,0
251,258,0
251,331,0
251,437,0
251,335,0
251,835,0
252,321,0
252,711,0
252,306,0
252,433,0
254,677,0
254,810,0
254,585,0
254,334,0
254,338,0
254,346,0
254,259,0
254,269,0
255,333,0
255,836,0
255,367,0
255,837,0
255,838,0
255,489,0
255,839,0
255,694,0
255,277,0
255,355,0
255,287,0
256,269,0
256,614,0
256,572,0
256,612,0
256,716,0
256,499,0
256,659,0
256,769,0
256,840,0
256,841,0
256,842,0
257,458,0
257,354,0
257,316,0
257,660,0
257,843,0
257,568,0
257,844,0
257,369,0
257,423,0
258,348,0
259,672,0
259,666,0
259,333,0
259,420,0
259,472,0
259,293,0
259,305,0
260,418,0
260,718,0
260,845,0
260,846,0
260,755,0
260,458,0
262,377,0
262,368,0
263,439,0
263,288,0
263,503,0
263,446,0
264,847,0
264,848,0
264,447,0
264,849,0
264,564,0
265,307,0
265,272,0
265,850,0
265,284,0
266,598,0
266,376,0
267,851,0
267,557,0
267,710,0
267,852,0
267,573,0
267,556,0
267,300,0
267,503,0
267,719,0
267,341,0
268,425,0
268,316,0
268,368,0
268,659,0
268,657,0
268,369,0
268,767,0
268,452,0
268,365,0
268,354,0
268,358,0
268,663,0
268,395,0
268,362,0
268,853,0
268,415,0
268,568,0
268,340,0
269,711,0
269,702,0
269,854,0
269,855,0
269,614,0
269,701,0
269,588,0
270,585,0
270,815,0
270,351,0
270,856,0
270,620,0
270,857,0
270,829,0
270,399,0
270,378,0
270,816,0
270,632,0
270,858,0
271,859,0
271,860,0
271,861,0
271,392,0
271,333,0
271,750,0
271,404,0
271,434,0
271,356,0
271,355,0
271,372,0
271,314,0
271,398,0
271,836,0
273,501,0
273,862,0
273,689,0
273,355,0
274,470,0
274,594,0
274,446,0
274,695,0
274,437,0
274,390,0
274,593,0
274,327,0
274,863,0
274,439,0
274,382,0
275,415,0
275,864,0
275,451,0
275,378,0
275,279,0
275,458,0
275,353,0
276,756,0
276,859,0
276,388,0
276,865,0
276,413,0
276,591,0
276,393,0
276,458,0
276,299,0
276,866,0
276,333,0
276,414,0
277,694,0
277,323,0
277,867,0
278,847,0
278,824,0
278,868,0
278,554,0
278,564,0
278,869,0
278,870,0
278,871,0
278,848,0
279,872,0
279,568,0
279,415,0
279,654,0
279,598,0
279,417,0
279,372,0
279,451,0
280,372,0
280,392,0
280,532,0
280,671,0
280,694,0
281,339,0
282,485,0
282,510,0
282,430,0
282,426,0
282,427,0
282,444,0
283,495,0
283,355,0
284,729,0
284,591,0
284,686,0
284,725,0
284,434,0
284,542,0
284,393,0
284,543,0
284,429,0
284,329,0
284,420,0
285,540,0
285,485,0
285,506,0
285,500,0
285,508,0
286,289,0
287,873,0
287,565,0
287,346,0
287,874,0
287,295,0
287,875,0
287,367,0
287,876,0
287,877,0
287,878,0
287,879,0
287,489,0
287,839,0
289,584,0
289,401,0
289,780,0
289,781,0
289,786,0
289,327,0
290,671,0
290,355,0
290,693,0
290,880,0
290,837,0
290,694,0
290,838,0
290,495,0
290,668,0
291,446,0
291,592,0
291,336,0
291,322,0
291,725,0
291,547,0
293,414,0
293,783,0
295,495,0
295,875,0
296,308,0
296,881,0
297,882,0
297,699,0
297,441,0
297,584,0
297,877,0
298,429,0
298,590,0
298,443,0
298,883,0
298,884,0
299,756,0
299,726,0
299,431,0
299,542,0
299,398,0
299,730,0
299,332,0
299,393,0
299,396,0
299,590,0
299,552,0
299,885,0
299,886,0
299,410,0
299,788,0
299,434,0
299,571,0
299,887,0
299,888,0
299,389,0
299,884,0
299,729,0
299,725,0
299,316,0
299,429,0
299,386,0
299,409,0
299,333,0
299,504,0
300,573,0
300,392,0
300,545,0
300,371,0
300,688,0
300,414,0
301,482,0
301,849,0
301,847,0
301,331,0
302,811,0
303,380,0
303,341,0
303,468,0
303,382,0
303,889,0
303,384,0
303,385,0
303,387,0
303,890,0
303,891,0
303,322,0
303,892,0
303,893,0
303,393,0
303,894,0
303,895,0
303,383,0
303,381,0
303,386,0
303,896,0
303,439,0
304,897,0
304,329,0
305,308,0
305,676,0
305,330,0
305,729,0
305,393,0
305,520,0
305,307,0
305,438,0
306,311,0
306,687,0
306,898,0
306,899,0
306,900,0
306,749,0
307,901,0
307,438,0
307,435,0
308,761,0
308,339,0
308,658,0
308,378,0
308,456,0
308,844,0
308,817,0
308,358,0
308,534,0
308,458,0
308,425,0
308,541,0
308,881,0
308,551,0
308,452,0
309,413,0
309,479,0
310,902,0
310,311,0
310,903,0
310,312,0
311,312,0
311,329,0
311,314,0
311,899,0
312,904,0
312,905,0
312,906,0
312,555,0
312,907,0
312,860,0
312,908,0
312,329,0
313,795,0
313,315,0
313,404,0
313,397,0
313,712,0
313,909,0
313,910,0
313,457,0
313,911,0
313,350,0
313,711,0
313,378,0
313,765,0
313,718,0
314,458,0
314,902,0
314,912,0
314,527,0
314,523,0
314,466,0
314,558,0
314,438,0
315,795,0
315,457,0
315,611,0
315,348,0
315,396,0
315,712,0
315,468,0
316,368,0
316,339,0
316,354,0
316,913,0
316,349,0
316,827,0
316,415,0
316,495,0
316,532,0
316,914,0
316,515,0
316,378,0
316,562,0
316,409,0
316,358,0
316,707,0
316,662,0
317,599,0
317,780,0
317,322,0
317,321,0
319,915,0
320,697,0
320,323,0
320,326,0
320,517,0
320,321,0
321,916,0
321,692,0
321,429,0
321,363,0
321,697,0
321,324,0
321,322,0
321,442,0
321,323,0
321,325,0
321,435,0
322,568,0
322,442,0
322,917,0
322,400,0
322,446,0
322,438,0
322,915,0
322,390,0
322,325,0
322,439,0
322,336,0
323,697,0
323,640,0
323,326,0
324,372,0
324,666,0
324,325,0
325,328,0
325,363,0
326,918,0
326,629,0
326,681,0
327,592,0
327,578,0
327,584,0
327,390,0
327,629,0
327,401,0
327,595,0
327,780,0
328,363,0
329,333,0
329,581,0
329,673,0
329,420,0
329,415,0
329,433,0
329,331,0
329,543,0
329,335,0
329,355,0
329,542,0
329,384,0
329,332,0
330,375,0
330,881,0
330,378,0
330,585,0
330,919,0
330,711,0
331,333,0
331,420,0
331,339,0
331,564,0
331,336,0
331,433,0
331,423,0
331,543,0
331,775,0
331,384,0
331,827,0
332,412,0
332,431,0
332,393,0
332,591,0
332,407,0
332,504,0
332,383,0
332,730,0
332,386,0
332,396,0
332,724,0
332,389,0
332,920,0
332,434,0
332,543,0
332,905,0
332,381,0
332,895,0
332,893,0
333,336,0
333,532,0
333,543,0
333,545,0
333,420,0
333,372,0
333,658,0
333,574,0
333,861,0
333,921,0
333,434,0
333,390,0
333,558,0
333,870,0
333,641,0
333,335,0
333,922,0
333,337,0
333,364,0
333,470,0
333,564,0
333,381,0
333,513,0
333,384,0
333,466,0
333,743,0
333,457,0
333,410,0
333,489,0
334,923,0
334,354,0
334,368,0
334,810,0
334,612,0
334,924,0
334,608,0
334,457,0
334,376,0
334,925,0
334,634,0
335,543,0
335,420,0
335,650,0
335,532,0
335,926,0
336,908,0
336,620,0
336,469,0
337,927,0
337,383,0
337,433,0
337,409,0
337,356,0
337,468,0
337,778,0
337,503,0
338,354,0
338,603,0
338,638,0
338,587,0
338,661,0
338,429,0
339,928,0
339,554,0
339,340,0
339,354,0
339,761,0
339,929,0
339,930,0
339,344,0
339,565,0
339,931,0
339,545,0
339,932,0
339,368,0
339,484,0
339,576,0
339,933,0
340,934,0
340,354,0
340,658,0
340,935,0
340,362,0
340,365,0
340,846,0
340,761,0
341,384,0
341,936,0
341,889,0
341,896,0
341,891,0
341,892,0
341,736,0
341,385,0
341,393,0
341,937,0
341,416,0
341,357,0
341,573,0
341,908,0
341,380,0
341,890,0
341,571,0
341,938,0
341,364,0
341,578,0
341,382,0
341,884,0
341,413,0
341,512,0
341,389,0
341,371,0
342,881,0
343,446,0
343,400,0
343,698,0
344,677,0
344,489,0
344,568,0
344,660,0
344,541,0
344,939,0
344,564,0
344,466,0
344,415,0
344,549,0
345,350,0
346,418,0
346,399,0
346,551,0
346,368,0
346,375,0
347,590,0
347,940,0
347,941,0
347,942,0
347,356,0
347,943,0
347,743,0
347,944,0
347,746,0
347,945,0
347,946,0
347,748,0
348,445,0
348,611,0
348,585,0
349,947,0
349,523,0
349,362,0
350,948,0
350,711,0
350,949,0
350,366,0
351,632,0
351,727,0
351,705,0
351,368,0
351,687,0
351,829,0
351,554,0
351,870,0
351,844,0
352,660,0
352,588,0
352,950,0
352,467,0
352,562,0
352,455,0
352,769,0
352,656,0
352,951,0
352,654,0
352,952,0
352,953,0
353,538,0
353,568,0
353,501,0
353,954,0
353,578,0
353,392,0
353,841,0
354,356,0
354,415,0
354,368,0
354,930,0
354,399,0
354,573,0
354,859,0
354,767,0
354,371,0
354,505,0
354,365,0
354,720,0
354,358,0
354,955,0
355,357,0
355,356,0
355,956,0
355,666,0
355,957,0
355,958,0
355,501,0
355,392,0
355,468,0
355,402,0
355,489,0
355,495,0
355,694,0
355,693,0
355,367,0
355,416,0
355,532,0
355,691,0
355,959,0
355,838,0
355,668,0
355,671,0
355,874,0
356,591,0
356,543,0
356,407,0
356,725,0
356,389,0
356,590,0
356,945,0
356,724,0
356,744,0
356,399,0
356,586,0
356,946,0
356,960,0
356,747,0
356,961,0
356,745,0
356,468,0
356,392,0
356,410,0
356,905,0
356,470,0
356,750,0
356,552,0
356,414,0
357,889,0
357,383,0
357,416,0
357,891,0
357,896,0
358,452,0
358,369,0
358,921,0
358,378,0
358,750,0
358,515,0
358,769,0
358,707,0
358,962,0
358,425,0
358,548,0
359,521,0
359,711,0
359,765,0
360,472,0
360,361,0
361,796,0
361,400,0
361,436,0
362,466,0
362,963,0
362,523,0
362,432,0
362,544,0
363,786,0
363,441,0
364,472,0
365,767,0
365,954,0
365,369,0
365,962,0
367,688,0
367,687,0
367,672,0
367,767,0
367,468,0
367,470,0
367,675,0
367,964,0
367,495,0
367,965,0
367,532,0
367,838,0
367,489,0
367,966,0
367,693,0
367,879,0
368,369,0
368,962,0
368,392,0
368,864,0
368,660,0
368,372,0
368,953,0
368,415,0
368,929,0
369,954,0
369,452,0
369,579,0
370,395,0
370,872,0
370,609,0
370,417,0
371,416,0
371,503,0
371,736,0
372,538,0
372,378,0
372,467,0
372,730,0
373,704,0
373,429,0
375,391,0
376,454,0
376,612,0
376,417,0
376,608,0
376,967,0
376,634,0
376,968,0
376,610,0
376,734,0
376,969,0
376,397,0
376,970,0
376,421,0
376,630,0
376,403,0
376,971,0
376,606,0
376,457,0
376,872,0
376,429,0
376,378,0
377,972,0
377,585,0
377,445,0
377,429,0
377,882,0
377,973,0
378,753,0
378,454,0
378,661,0
378,391,0
378,585,0
378,648,0
378,413,0
378,588,0
378,974,0
378,390,0
378,975,0
378,713,0
378,389,0
378,467,0
378,750,0
378,662,0
379,833,0
379,809,0
379,659,0
380,385,0
380,784,0
380,381,0
380,382,0
380,976,0
380,387,0
381,393,0
381,504,0
381,384,0
381,387,0
381,383,0
381,382,0
381,385,0
381,890,0
381,591,0
381,730,0
381,386,0
381,784,0
381,413,0
381,552,0
381,892,0
382,387,0
382,784,0
382,936,0
382,384,0
382,385,0
382,383,0
382,386,0
382,977,0
382,890,0
382,578,0
382,593,0
383,384,0
383,386,0
383,387,0
383,504,0
383,884,0
384,892,0
384,385,0
384,386,0
384,393,0
384,938,0
384,387,0
384,784,0
384,409,0
384,896,0
384,543,0
384,407,0
384,796,0
384,578,0
384,891,0
385,890,0
385,726,0
385,386,0
385,784,0
385,393,0
385,387,0
385,896,0
386,730,0
386,504,0
386,387,0
387,938,0
387,591,0
388,404,0
388,859,0
388,890,0
388,958,0
388,833,0
388,591,0
388,396,0
389,726,0
389,434,0
389,410,0
389,809,0
389,884,0
389,413,0
389,633,0
389,788,0
389,431,0
389,729,0
389,396,0
389,724,0
389,978,0
389,885,0
389,542,0
389,886,0
389,756,0
389,552,0
389,571,0
389,887,0
389,888,0
390,725,0
390,802,0
390,446,0
390,786,0
390,584,0
390,781,0
391,752,0
391,657,0
391,458,0
391,418,0
391,979,0
391,835,0
391,840,0
392,980,0
392,538,0
392,902,0
392,953,0
392,846,0
393,504,0
393,892,0
393,730,0
393,895,0
393,893,0
393,981,0
393,920,0
393,894,0
393,976,0
393,982,0
393,983,0
393,439,0
393,443,0
395,661,0
395,753,0
395,752,0
395,767,0
395,984,0
395,846,0
396,745,0
396,944,0
396,412,0
396,743,0
396,434,0
396,756,0
396,504,0
396,552,0
396,410,0
396,985,0
396,986,0
396,958,0
396,890,0
396,571,0
396,724,0
396,466,0
396,943,0
396,747,0
396,542,0
396,748,0
396,892,0
397,457,0
397,421,0
397,468,0
398,976,0
398,756,0
398,942,0
398,958,0
399,840,0
399,960,0
399,572,0
399,701,0
400,574,0
400,581,0
401,987,0
401,699,0
401,584,0
401,436,0
401,698,0
401,802,0
401,441,0
401,798,0
402,988,0
402,657,0
402,434,0
402,905,0
402,989,0
403,578,0
403,697,0
403,545,0
403,968,0
403,468,0
404,573,0
404,434,0
404,677,0
404,990,0
405,429,0
406,731,0
406,407,0
406,408,0
407,408,0
407,411,0
407,991,0
407,410,0
407,775,0
407,552,0
407,730,0
407,992,0
408,904,0
408,731,0
408,409,0
408,908,0
408,646,0
408,775,0
408,725,0
409,892,0
409,431,0
409,591,0
409,705,0
409,726,0
409,410,0
409,411,0
409,434,0
409,729,0
409,859,0
410,726,0
410,892,0
410,993,0
410,434,0
410,413,0
410,788,0
410,543,0
410,411,0
410,542,0
410,937,0
410,431,0
411,540,0
411,552,0
411,773,0
412,590,0
412,943,0
412,743,0
412,745,0
412,552,0
412,413,0
412,726,0
412,724,0
413,983,0
413,884,0
413,590,0
413,724,0
413,552,0
414,749,0
414,434,0
415,914,0
415,827,0
415,652,0
415,662,0
415,549,0
415,452,0
415,507,0
415,538,0
415,535,0
415,705,0
415,568,0
416,851,0
416,573,0
417,872,0
417,750,0
417,457,0
417,612,0
418,994,0
418,484,0
418,605,0
418,995,0
418,523,0
418,755,0
419,848,0
419,486,0
419,808,0
419,564,0
419,513,0
419,460,0
420,543,0
420,574,0
420,775,0
421,609,0
422,824,0
422,957,0
422,996,0
422,554,0
422,564,0
422,447,0
423,997,0
423,660,0
425,659,0
425,840,0
425,929,0
425,430,0
425,817,0
427,508,0
427,507,0
427,998,0
427,509,0
427,908,0
427,476,0
427,864,0
427,999,0
427,500,0
427,868,0
427,1000,0
427,517,0
429,454,0
429,898,0
429,884,0
429,1001,0
429,554,0
429,460,0
429,919,0
429,543,0
429,817,0
429,775,0
429,520,0
429,546,0
429,632,0
429,1002,0
430,497,0
430,500,0
430,499,0
430,485,0
430,510,0
431,756,0
431,904,0
431,892,0
431,1003,0
432,932,0
432,963,0
432,907,0
432,1004,0
432,1005,0
432,860,0
432,610,0
432,822,0
433,687,0
433,543,0
433,927,0
433,802,0
434,886,0
434,571,0
434,887,0
434,788,0
434,726,0
434,542,0
434,993,0
434,885,0
434,552,0
434,756,0
434,888,0
434,884,0
434,729,0
434,748,0
434,636,0
434,540,0
434,724,0
434,468,0
434,687,0
434,504,0
435,691,0
437,439,0
438,729,0
438,501,0
438,725,0
438,552,0
439,1006,0
439,650,0
440,444,0
440,640,0
441,882,0
441,699,0
441,698,0
441,517,0
441,806,0
441,584,0
443,809,0
443,775,0
443,834,0
443,749,0
443,444,0
443,504,0
443,539,0
445,586,0
445,451,0
445,588,0
445,461,0
445,448,0
445,568,0
446,468,0
446,695,0
446,915,0
446,594,0
446,641,0
447,824,0
447,484,0
447,564,0
447,996,0
447,482,0
447,1007,0
447,477,0
447,475,0
447,816,0
449,456,0
450,459,0
450,731,0
451,507,0
451,772,0
451,500,0
451,950,0
451,1008,0
451,662,0
451,538,0
451,836,0
452,688,0
452,657,0
452,654,0
452,1009,0
452,455,0
452,1010,0
452,515,0
452,1011,0
452,914,0
452,652,0
452,656,0
452,663,0
452,588,0
452,662,0
452,456,0
453,484,0
453,564,0
453,687,0
454,623,0
454,821,0
454,1012,0
454,624,0
454,625,0
454,603,0
454,1013,0
454,622,0
454,621,0
454,1014,0
454,604,0
454,704,0
454,464,0
454,598,0
454,708,0
454,578,0
455,588,0
455,654,0
455,515,0
455,660,0
456,1009,0
456,817,0
456,761,0
457,923,0
457,468,0
458,1015,0
458,1001,0
458,1016,0
458,603,0
458,707,0
458,548,0
458,632,0
458,840,0
459,1017,0
459,700,0
459,1018,0
459,980,0
459,1019,0
459,701,0
459,840,0
459,842,0
460,757,0
460,533,0
460,564,0
460,554,0
460,1020,0
460,995,0
460,471,0
460,513,0
460,484,0
460,1021,0
460,486,0
460,848,0
460,1022,0
460,922,0
460,1023,0
460,477,0
460,1024,0
460,1025,0
460,487,0
460,1026,0
460,1027,0
460,1002,0
461,632,0
462,990,0
462,1009,0
462,1028,0
462,818,0
464,821,0
464,624,0
464,774,0
464,626,0
464,603,0
464,1029,0
464,625,0
464,1013,0
465,602,0
465,545,0
466,765,0
466,711,0
466,549,0
466,523,0
466,638,0
466,1030,0
466,1031,0
467,660,0
467,588,0
467,770,0
467,769,0
467,654,0
467,952,0
467,819,0
467,468,0
467,549,0
467,470,0
467,1010,0
468,1032,0
468,932,0
468,649,0
468,1033,0
468,912,0
468,489,0
468,836,0
468,558,0
468,965,0
468,573,0
468,552,0
470,500,0
470,810,0
470,501,0
470,521,0
470,836,0
471,513,0
471,757,0
471,808,0
471,848,0
471,1034,0
471,545,0
472,696,0
475,709,0
475,1020,0
475,1035,0
475,1007,0
475,849,0
475,554,0
475,483,0
476,870,0
476,480,0
476,485,0
476,508,0
476,757,0
477,996,0
477,483,0
477,933,0
477,1020,0
477,995,0
477,1036,0
477,486,0
478,564,0
479,480,0
479,1037,0
479,957,0
479,554,0
479,481,0
479,849,0
479,564,0
480,1037,0
480,957,0
480,483,0
480,811,0
480,996,0
480,875,0
480,675,0
481,709,0
481,1038,0
481,487,0
481,663,0
481,706,0
481,691,0
481,564,0
481,847,0
481,1039,0
481,554,0
482,868,0
482,849,0
482,995,0
483,1040,0
483,487,0
483,491,0
483,522,0
483,1041,0
483,497,0
483,607,0
483,709,0
483,484,0
483,1042,0
483,1008,0
483,564,0
483,499,0
483,1035,0
483,1043,0
483,1022,0
483,486,0
483,995,0
483,869,0
484,486,0
484,709,0
484,564,0
484,995,0
484,549,0
484,870,0
484,871,0
484,1024,0
485,510,0
485,605,0
485,508,0
486,565,0
486,757,0
486,922,0
486,1020,0
486,995,0
486,513,0
486,848,0
486,1023,0
486,1036,0
487,564,0
487,757,0
487,1026,0
487,1044,0
487,1045,0
489,495,0
489,874,0
489,694,0
489,675,0
489,689,0
489,878,0
489,1046,0
490,491,0
491,497,0
491,607,0
491,522,0
491,1041,0
491,632,0
491,517,0
495,806,0
495,874,0
495,689,0
495,1047,0
495,875,0
495,668,0
495,878,0
495,694,0
496,979,0
497,607,0
497,1041,0
498,1048,0
498,764,0
498,700,0
498,979,0
498,499,0
499,1001,0
499,1049,0
499,701,0
500,607,0
500,539,0
500,506,0
500,537,0
500,507,0
500,562,0
500,730,0
500,508,0
501,660,0
501,643,0
501,638,0
501,821,0
501,549,0
501,818,0
503,505,0
503,573,0
503,651,0
504,1050,0
504,730,0
504,893,0
504,892,0
504,981,0
504,920,0
504,724,0
504,726,0
504,895,0
504,833,0
504,549,0
504,552,0
505,736,0
505,573,0
505,741,0
506,525,0
506,509,0
507,509,0
507,890,0
507,607,0
507,562,0
507,540,0
507,517,0
507,999,0
507,942,0
508,511,0
508,755,0
508,607,0
508,718,0
508,509,0
509,521,0
509,1050,0
509,712,0
512,698,0
512,908,0
512,904,0
512,1051,0
512,889,0
512,775,0
512,809,0
512,834,0
512,896,0
512,833,0
512,992,0
513,848,0
513,808,0
513,757,0
513,1034,0
513,564,0
514,1052,0
515,771,0
518,592,0
518,594,0
518,600,0
518,601,0
518,599,0
518,532,0
518,836,0
521,765,0
521,711,0
521,578,0
521,1016,0
521,529,0
522,607,0
523,822,0
523,1053,0
523,765,0
523,528,0
523,570,0
523,546,0
524,578,0
527,902,0
527,529,0
527,558,0
527,912,0
527,1054,0
528,765,0
528,822,0
528,549,0
529,558,0
529,903,0
530,950,0
531,881,0
532,705,0
532,687,0
532,1055,0
532,831,0
532,680,0
532,654,0
533,757,0
533,612,0
535,1056,0
538,950,0
538,1057,0
541,549,0
541,1009,0
542,756,0
542,725,0
542,726,0
542,552,0
542,729,0
542,888,0
542,833,0
542,886,0
543,558,0
543,617,0
543,581,0
543,721,0
543,687,0
543,1034,0
543,709,0
545,581,0
545,709,0
545,721,0
545,641,0
546,1053,0
546,1058,0
546,569,0
549,831,0
549,568,0
549,564,0
549,660,0
549,1059,0
549,551,0
549,765,0
549,816,0
551,765,0
552,726,0
552,885,0
552,886,0
552,756,0
552,788,0
552,571,0
552,887,0
552,888,0
552,729,0
552,725,0
552,730,0
552,590,0
552,884,0
553,568,0
553,1060,0
553,663,0
553,1061,0
553,853,0
554,869,0
554,928,0
554,849,0
554,1062,0
554,1007,0
554,565,0
554,709,0
554,824,0
554,868,0
554,564,0
555,860,0
555,833,0
555,687,0
555,1063,0
555,1009,0
555,775,0
555,592,0
555,834,0
556,573,0
557,573,0
557,721,0
557,720,0
558,912,0
558,903,0
558,1054,0
558,902,0
559,741,0
560,1064,0
561,912,0
561,902,0
561,1054,0
561,1065,0
561,860,0
561,1066,0
562,588,0
562,654,0
562,660,0
562,568,0
562,769,0
562,677,0
562,578,0
564,996,0
564,869,0
564,995,0
564,762,0
564,868,0
564,824,0
564,849,0
564,578,0
564,848,0
564,709,0
564,957,0
564,808,0
564,660,0
564,1026,0
565,816,0
565,824,0
565,1038,0
566,567,0
566,882,0
568,656,0
568,598,0
568,1061,0
568,660,0
568,954,0
569,669,0
571,595,0
571,888,0
571,885,0
571,886,0
571,788,0
571,756,0
571,887,0
571,726,0
572,612,0
572,960,0
572,980,0
572,659,0
573,710,0
573,851,0
578,1067,0
578,1068,0
578,611,0
578,1069,0
578,671,0
578,656,0
578,1070,0
578,603,0
578,604,0
578,659,0
578,1071,0
578,811,0
578,866,0
578,891,0
578,715,0
579,844,0
581,686,0
582,757,0
584,806,0
584,780,0
584,699,0
585,663,0
585,677,0
585,706,0
585,691,0
585,983,0
585,700,0
586,883,0
586,638,0
587,1031,0
587,1072,0
588,952,0
588,654,0
588,953,0
588,770,0
588,769,0
588,656,0
588,660,0
588,951,0
588,655,0
588,819,0
588,772,0
588,1073,0
588,954,0
588,687,0
589,662,0
590,940,0
590,743,0
590,747,0
590,945,0
590,744,0
590,961,0
590,946,0
590,748,0
590,724,0
590,591,0
590,756,0
590,730,0
591,724,0
591,945,0
591,726,0
591,744,0
591,725,0
591,743,0
591,746,0
592,1074,0
592,595,0
592,650,0
592,594,0
592,895,0
592,725,0
593,1075,0
593,745,0
593,1076,0
593,695,0
594,600,0
594,648,0
594,599,0
594,601,0
594,695,0
595,725,0
596,742,0
596,786,0
597,598,0
598,708,0
598,1032,0
598,715,0
598,925,0
598,621,0
598,1077,0
598,654,0
598,1062,0
598,623,0
598,741,0
598,953,0
598,603,0
599,786,0
599,601,0
599,780,0
600,742,0
600,725,0
600,965,0
601,1046,0
602,623,0
602,622,0
603,621,0
603,855,0
603,741,0
603,630,0
604,621,0
606,872,0
607,1041,0
608,924,0
608,634,0
608,985,0
609,872,0
610,822,0
610,1078,0
610,967,0
610,612,0
610,1079,0
611,1001,0
611,614,0
612,968,0
612,1080,0
612,1081,0
612,985,0
612,923,0
612,1082,0
612,1083,0
612,1084,0
613,1019,0
614,854,0
614,700,0
617,1085,0
621,737,0
622,623,0
622,1013,0
624,821,0
625,677,0
627,636,0
629,683,0
629,640,0
630,872,0
633,730,0
633,859,0
634,985,0
634,924,0
634,872,0
634,969,0
634,1078,0
636,737,0
636,1014,0
638,677,0
641,643,0
641,642,0
641,646,0
641,645,0
642,643,0
643,645,0
647,787,0
647,783,0
647,786,0
648,792,0
648,695,0
649,660,0
649,773,0
649,783,0
650,775,0
650,696,0
650,698,0
651,1086,0
653,853,0
654,660,0
654,770,0
654,769,0
654,656,0
654,772,0
656,769,0
656,953,0
657,825,0
657,979,0
657,846,0
657,661,0
657,752,0
658,935,0
658,1087,0
658,1088,0
658,987,0
658,1089,0
659,853,0
660,769,0
660,772,0
660,1060,0
660,962,0
660,664,0
660,677,0
661,754,0
661,1084,0
661,752,0
661,704,0
661,984,0
662,715,0
663,706,0
663,691,0
663,1090,0
664,1091,0
665,990,0
668,880,0
668,694,0
671,836,0
671,778,0
671,1092,0
675,875,0
675,1047,0
675,694,0
680,1093,0
687,1007,0
687,704,0
687,703,0
687,692,0
687,698,0
687,1067,0
687,1001,0
688,884,0
689,694,0
691,975,0
691,706,0
691,853,0
692,884,0
693,1086,0
694,1094,0
695,696,0
695,786,0
697,775,0
697,790,0
698,790,0
698,797,0
698,801,0
699,1095,0
699,806,0
699,987,0
699,879,0
700,840,0
701,840,0
701,1096,0
703,783,0
704,775,0
705,996,0
705,1097,0
706,994,0
706,847,0
706,1098,0
706,1043,0
706,1038,0
706,1039,0
706,755,0
707,853,0
707,1010,0
707,825,0
707,954,0
709,816,0
709,1038,0
709,1035,0
709,1098,0
709,849,0
710,721,0
710,851,0
710,733,0
710,732,0
711,861,0
711,1050,0
711,900,0
712,795,0
714,1099,0
714,988,0
715,950,0
718,812,0
719,908,0
723,737,0
724,945,0
724,744,0
724,940,0
724,747,0
724,986,0
724,1100,0
724,958,0
724,941,0
724,746,0
724,946,0
725,726,0
725,729,0
725,798,0
725,787,0
725,730,0
726,729,0
726,978,0
726,885,0
726,886,0
726,756,0
726,788,0
726,887,0
726,888,0
728,731,0
728,992,0
728,1003,0
728,976,0
729,859,0
730,756,0
730,983,0
730,945,0
730,982,0
730,981,0
731,974,0
731,1003,0
731,992,0
734,821,0
736,937,0
738,793,0
742,965,0
743,748,0
743,945,0
743,944,0
743,746,0
744,746,0
744,945,0
744,745,0
744,783,0
744,748,0
745,940,0
745,748,0
745,945,0
745,746,0
746,945,0
746,748,0
748,940,0
748,1075,0
750,872,0
753,754,0
754,812,0
756,885,0
756,886,0
756,788,0
756,887,0
756,888,0
756,775,0
757,1045,0
757,1027,0
757,808,0
757,1101,0
757,1020,0
757,1025,0
757,848,0
757,1026,0
761,935,0
761,930,0
764,1048,0
765,795,0
765,822,0
765,1102,0
765,1053,0
766,774,0
768,1103,0
769,770,0
769,953,0
770,819,0
770,975,0
770,1073,0
771,1104,0
771,953,0
772,819,0
773,976,0
774,896,0
775,833,0
775,884,0
775,809,0
775,834,0
780,786,0
783,786,0
784,890,0
784,936,0
784,885,0
784,895,0
784,891,0
788,885,0
788,886,0
788,887,0
788,888,0
793,1067,0
793,1069,0
793,1005,0
793,1105,0
793,1078,0
794,809,0
795,1066,0
795,903,0
799,926,0
802,1106,0
807,850,0
808,1097,0
808,848,0
808,1034,0
808,1023,0
809,833,0
809,834,0
811,1037,0
811,957,0
812,846,0
814,825,0
816,849,0
816,847,0
816,823,0
818,990,0
819,953,0
819,1058,0
819,952,0
820,853,0
822,1053,0
824,1036,0
824,870,0
824,868,0
824,1107,0
828,1062,0
831,976,0
833,834,0
833,908,0
834,1108,0
836,1109,0
836,859,0
836,1010,0
836,1110,0
836,1111,0
837,838,0
837,880,0
840,980,0
847,1098,0
847,1043,0
847,1035,0
847,1039,0
848,1045,0
848,1098,0
848,1034,0
849,1035,0
849,1043,0
849,1037,0
849,1098,0
853,929,0
854,869,0
855,1112,0
855,871,0
855,923,0
855,868,0
855,869,0
859,1113,0
860,963,0
860,1005,0
860,907,0
861,1050,0
861,989,0
861,988,0
865,976,0
865,1113,0
868,869,0
868,1112,0
868,870,0
869,1112,0
870,1035,0
870,871,0
870,1114,0
870,1038,0
874,1115,0
878,1095,0
884,1116,0
885,886,0
885,887,0
885,888,0
886,887,0
886,888,0
887,888,0
889,896,0
889,936,0
889,891,0
890,1117,0
890,978,0
891,907,0
891,896,0
894,981,0
894,1011,0
894,983,0
894,895,0
894,976,0
894,920,0
894,982,0
895,981,0
895,976,0
895,983,0
895,920,0
896,936,0
896,924,0
898,1118,0
899,900,0
900,1058,0
902,1066,0
902,912,0
904,1051,0
904,908,0
907,1004,0
907,1005,0
907,1067,0
907,1069,0
907,911,0
908,992,0
908,1003,0
910,1069,0
910,1067,0
910,1005,0
910,1105,0
910,1078,0
912,1066,0
912,1065,0
912,1054,0
919,1119,0
920,981,0
920,983,0
921,1090,0
922,1002,0
923,1023,0
924,985,0
928,1062,0
930,1120,0
931,1011,0
931,1121,0
932,963,0
932,1005,0
935,987,0
935,1087,0
940,941,0
940,946,0
941,942,0
942,958,0
950,952,0
954,962,0
957,1037,0
957,995,0
957,996,0
958,1063,0
958,1100,0
958,986,0
960,1122,0
968,1084,0
968,1080,0
976,981,0
976,983,0
979,1123,0
980,1068,0
981,1124,0
981,983,0
987,1087,0
988,1050,0
989,1050,0
990,1009,0
992,1003,0
995,1043,0
995,1112,0
995,996,0
995,1026,0
997,1123,0
998,1125,0
1001,1049,0
1001,1126,0
1004,1067,0
1004,1005,0
1004,1069,0
1004,1105,0
1005,1067,0
1005,1069,0
1005,1105,0
1005,1070,0
1009,1127,0
1017,1068,0
1017,1019,0
1019,1068,0
1023,1128,0
1024,1097,0
1026,1045,0
1032,1069,0
1032,1078,0
1035,1043,0
1035,1039,0
1035,1098,0
1035,1038,0
1039,1043,0
1039,1098,0
1043,1098,0
1045,1112,0
1053,1129,0
1066,1105,0
1067,1070,0
1067,1069,0
1067,1105,0
1067,1078,0
1069,1105,0
1069,1070,0
1069,1078,0
1070,1105,0
1073,1130,0
1078,1079,0
1080,1084,0
1080,1131,0
1087,1132,0
1088,1089,0
1096,1133,0
1098,1112,0
