1,2,0
2,3,0
3,4,0
4,5,0
1,6,0
6,7,0
7,8,0
8,9,0
6,10,0
10,11,0
11,12,0
4,13,0
2,14,0
14,15,0
15,16,0
16,17,0
2,18,0
18,19,0
1,20,0
20,18,0
6,21,0
21,22,0
22,19,0
2,23,0
23,22,0
6,24,0
24,25,0
25,26,0
15,26,0
6,3,0
3,27,0
27,28,0
10,29,0
25,30,0
6,31,0
31,32,0
32,33,0
4,34,0
21,35,0
35,36,0
2,37,0
37,38,0
6,37,0
4,39,0
4,40,0
2,41,0
41,42,0
1,10,0
10,43,0
43,44,0
3,45,0
45,46,0
46,43,0
1,46,0
4,47,0
14,48,0
48,49,0
46,50,0
50,49,0
6,51,0
51,52,0
14,51,0
1,14,0
16,53,0
53,54,0
55,56,0
56,57,0
57,58,0
58,59,0
59,60,0
60,61,0
62,63,0
63,64,0
64,65,0
65,66,0
66,67,0
67,68,0
68,53,0
53,69,0
62,70,0
70,71,0
71,72,0
72,73,0
73,74,0
74,75,0
75,53,0
63,52,0
52,76,0
68,77,0
77,20,0
73,78,0
78,20,0
20,79,0
79,80,0
52,81,0
63,82,0
82,83,0
83,47,0
47,84,0
84,85,0
85,5,0
68,86,0
73,87,0
87,68,0
62,88,0
88,89,0
89,90,0
90,91,0
91,92,0
20,16,0
68,93,0
93,94,0
73,95,0
95,54,0
54,96,0
96,94,0
88,97,0
63,98,0
98,99,0
89,100,0
82,101,0
101,34,0
34,102,0
102,103,0
103,104,0
104,105,0
82,106,0
106,107,0
68,108,0
108,109,0
71,110,0
110,72,0
72,111,0
111,108,0
67,112,0
111,67,0
104,113,0
62,114,0
114,34,0
62,62,0
62,66,0
108,36,0
67,115,0
72,115,0
34,116,0
116,117,0
117,118,0
118,119,0
63,120,0
120,121,0
121,122,0
121,123,0
106,124,0
124,125,0
63,126,0
126,127,0
127,128,0
128,129,0
129,130,0
82,34,0
113,131,0
68,132,0
132,133,0
72,110,0
110,132,0
100,134,0
132,110,0
110,44,0
52,135,0
135,136,0
124,116,0
116,137,0
91,138,0
91,139,0
88,140,0
65,141,0
141,113,0
72,142,0
142,143,0
143,113,0
91,144,0
68,109,0
109,116,0
54,145,0
145,146,0
146,147,0
147,69,0
145,148,0
148,149,0
149,69,0
54,116,0
116,149,0
54,93,0
93,68,0
54,150,0
150,102,0
102,53,0
149,96,0
96,151,0
151,20,0
79,152,0
152,153,0
54,102,0
102,109,0
116,113,0
113,103,0
104,118,0
118,66,0
102,154,0
154,155,0
146,155,0
102,156,0
94,157,0
157,158,0
158,159,0
159,160,0
160,12,0
116,34,0
34,161,0
161,92,0
34,101,0
101,82,0
106,162,0
116,77,0
94,26,0
102,163,0
163,99,0
103,164,0
161,100,0
157,165,0
165,28,0
157,166,0
166,167,0
167,43,0
43,29,0
79,168,0
168,169,0
169,105,0
102,77,0
151,170,0
170,109,0
109,67,0
54,171,0
171,116,0
116,172,0
172,68,0
68,173,0
173,174,0
174,175,0
171,110,0
110,176,0
176,177,0
177,178,0
178,179,0
179,175,0
152,119,0
119,10,0
10,180,0
109,113,0
103,181,0
181,182,0
182,66,0
153,38,0
79,183,0
183,184,0
184,38,0
54,110,0
132,24,0
24,50,0
50,185,0
185,123,0
171,102,0
154,73,0
73,186,0
186,187,0
165,27,0
27,188,0
176,44,0
34,189,0
189,190,0
190,89,0
34,191,0
191,190,0
102,116,0
34,192,0
192,193,0
193,89,0
161,138,0
161,139,0
113,194,0
194,195,0
195,47,0
186,196,0
16,1,0
197,198,0
198,199,0
199,200,0
200,201,0
201,145,0
145,202,0
202,109,0
203,204,0
204,205,0
206,207,0
207,208,0
206,209,0
209,210,0
211,212,0
212,213,0
213,214,0
214,215,0
212,216,0
216,217,0
217,218,0
218,219,0
216,220,0
220,221,0
221,218,0
218,222,0
213,223,0
223,224,0
213,225,0
225,226,0
226,227,0
226,228,0
213,229,0
229,230,0
230,231,0
231,232,0
226,233,0
213,234,0
234,235,0
235,236,0
236,237,0
213,238,0
238,239,0
213,240,0
240,241,0
241,242,0
226,243,0
238,244,0
226,245,0
241,246,0
241,247,0
226,248,0
218,249,0
212,68,0
68,220,0
220,250,0
250,218,0
218,221,0
221,251,0
251,252,0
217,253,0
253,221,0
68,254,0
254,252,0
216,255,0
218,256,0
241,257,0
238,258,0
214,259,0
220,260,0
260,261,0
261,262,0
52,263,0
263,76,0
52,168,0
168,85,0
135,264,0
264,9,0
263,9,0
263,265,0
52,266,0
266,134,0
134,92,0
52,120,0
120,82,0
162,267,0
52,134,0
134,90,0
135,268,0
268,269,0
269,270,0
270,271,0
271,26,0
270,272,0
272,51,0
51,273,0
273,2,0
51,46,0
52,124,0
124,274,0
274,275,0
275,97,0
52,276,0
276,277,0
277,99,0
81,278,0
278,279,0
279,280,0
280,281,0
281,282,0
282,283,0
283,61,0
120,83,0
83,82,0
82,64,0
52,125,0
125,100,0
52,127,0
129,105,0
168,105,0
52,148,0
148,108,0
135,284,0
284,285,0
52,286,0
286,287,0
287,288,0
288,8,0
8,289,0
289,27,0
27,3,0
3,290,0
52,291,0
291,43,0
43,292,0
292,293,0
293,179,0
162,294,0
276,47,0
47,66,0
52,295,0
295,119,0
119,38,0
52,296,0
296,297,0
297,38,0
284,123,0
52,128,0
168,129,0
274,298,0
298,89,0
263,124,0
284,24,0
24,299,0
275,140,0
148,300,0
300,113,0
82,301,0
301,302,0
302,303,0
303,62,0
304,305,0
305,306,0
179,307,0
307,308,0
309,310,0
310,311,0
312,313,0
313,314,0
314,315,0
315,316,0
316,317,0
312,318,0
318,319,0
319,320,0
320,321,0
321,322,0
322,323,0
323,179,0
179,324,0
322,325,0
325,326,0
312,314,0
315,327,0
327,328,0
312,329,0
329,330,0
330,331,0
331,332,0
314,333,0
333,334,0
334,335,0
312,336,0
336,337,0
337,338,0
338,339,0
339,340,0
322,341,0
341,26,0
312,342,0
342,343,0
343,344,0
344,345,0
345,346,0
346,347,0
347,348,0
348,349,0
312,350,0
350,351,0
351,352,0
352,330,0
330,353,0
353,354,0
354,355,0
355,356,0
329,343,0
343,357,0
357,358,0
358,359,0
359,360,0
360,61,0
343,361,0
361,343,0
343,362,0
362,363,0
363,364,0
343,365,0
365,366,0
366,367,0
367,368,0
333,367,0
365,335,0
335,369,0
369,370,0
354,371,0
343,372,0
372,373,0
373,371,0
343,374,0
374,375,0
375,376,0
318,203,0
205,377,0
377,172,0
172,378,0
378,105,0
336,198,0
374,379,0
334,380,0
366,381,0
381,382,0
312,383,0
383,320,0
322,384,0
384,38,0
312,385,0
385,314,0
314,386,0
386,387,0
387,388,0
388,389,0
312,390,0
390,391,0
391,392,0
392,311,0
311,393,0
393,394,0
394,57,0
57,395,0
320,86,0
86,396,0
396,187,0
350,397,0
397,398,0
398,399,0
399,400,0
400,386,0
386,401,0
314,397,0
397,402,0
402,401,0
312,343,0
343,403,0
397,345,0
345,404,0
404,405,0
405,406,0
312,407,0
407,408,0
199,340,0
340,409,0
409,410,0
410,411,0
411,109,0
86,412,0
412,176,0
312,413,0
413,414,0
414,415,0
415,416,0
416,417,0
417,418,0
367,419,0
144,420,0
420,10,0
10,421,0
421,84,0
144,91,0
91,146,0
146,422,0
422,82,0
146,423,0
423,267,0
91,90,0
10,124,0
124,135,0
135,424,0
424,73,0
424,68,0
68,20,0
144,161,0
161,425,0
425,34,0
34,426,0
91,427,0
427,97,0
116,428,0
428,99,0
423,64,0
91,100,0
68,67,0
423,294,0
34,429,0
424,66,0
191,430,0
430,118,0
124,191,0
10,134,0
91,101,0
101,431,0
431,89,0
90,432,0
432,433,0
433,427,0
427,89,0
427,140,0
34,113,0
425,47,0
116,425,0
144,134,0
134,266,0
266,52,0
423,62,0
49,46,0
46,12,0
46,29,0
49,273,0
49,434,0
434,123,0
49,185,0
49,33,0
33,18,0
18,188,0
49,435,0
435,22,0
22,289,0
289,188,0
49,436,0
436,299,0
49,14,0
14,299,0
49,24,0
49,7,0
7,6,0
6,1,0
262,261,0
261,437,0
437,218,0
218,250,0
250,252,0
252,438,0
438,439,0
439,215,0
437,440,0
440,213,0
218,441,0
441,442,0
442,224,0
224,443,0
443,439,0
252,444,0
444,445,0
445,214,0
224,446,0
446,445,0
261,235,0
235,241,0
241,250,0
250,226,0
235,447,0
447,226,0
261,448,0
448,449,0
449,450,0
450,451,0
451,231,0
241,452,0
452,453,0
453,233,0
450,239,0
450,244,0
450,258,0
445,259,0
362,454,0
454,455,0
455,456,0
456,457,0
457,458,0
458,459,0
459,306,0
176,460,0
460,461,0
462,463,0
463,464,0
464,465,0
47,120,0
120,266,0
266,281,0
281,136,0
136,466,0
466,467,0
467,468,0
467,469,0
66,72,0
47,52,0
47,470,0
470,430,0
430,365,0
365,471,0
471,472,0
472,317,0
47,473,0
473,84,0
470,119,0
119,474,0
474,358,0
358,475,0
475,476,0
52,9,0
132,68,0
47,477,0
477,478,0
478,479,0
479,155,0
155,480,0
480,340,0
47,125,0
125,92,0
47,82,0
467,481,0
125,90,0
47,482,0
482,10,0
124,435,0
435,483,0
483,90,0
120,287,0
287,484,0
484,485,0
485,486,0
486,487,0
487,19,0
47,488,0
488,489,0
489,490,0
490,491,0
491,51,0
51,50,0
185,15,0
50,24,0
24,492,0
47,34,0
34,114,0
114,493,0
493,72,0
75,94,0
477,494,0
494,201,0
201,95,0
95,495,0
495,26,0
479,200,0
200,496,0
496,201,0
201,497,0
497,411,0
155,498,0
498,499,0
499,500,0
500,501,0
47,98,0
98,502,0
502,190,0
190,97,0
411,503,0
266,81,0
83,64,0
81,281,0
136,504,0
504,278,0
278,505,0
500,506,0
499,507,0
507,508,0
125,106,0
114,66,0
66,73,0
73,509,0
509,67,0
119,291,0
292,510,0
510,179,0
131,511,0
511,512,0
34,66,0
507,513,0
479,507,0
513,514,0
514,515,0
515,516,0
514,517,0
517,382,0
489,75,0
75,119,0
489,296,0
47,83,0
83,473,0
473,127,0
511,130,0
136,518,0
518,519,0
519,466,0
466,520,0
291,521,0
521,522,0
522,523,0
467,524,0
479,525,0
525,154,0
73,526,0
526,187,0
474,206,0
206,527,0
527,401,0
125,46,0
46,134,0
365,158,0
158,528,0
528,176,0
46,91,0
134,10,0
10,144,0
144,139,0
47,163,0
163,192,0
193,140,0
470,435,0
435,51,0
51,49,0
134,144,0
119,529,0
529,25,0
25,530,0
530,531,0
531,532,0
532,312,0
531,533,0
533,312,0
467,534,0
116,54,0
435,535,0
535,4,0
4,3,0
3,1,0
113,536,0
536,537,0
537,195,0
195,266,0
266,538,0
538,539,0
539,540,0
540,541,0
113,542,0
542,543,0
543,544,0
544,545,0
545,546,0
546,547,0
547,548,0
548,549,0
546,548,0
549,466,0
113,108,0
108,68,0
77,116,0
149,148,0
148,145,0
145,550,0
77,68,0
113,551,0
551,146,0
146,552,0
552,79,0
79,553,0
553,365,0
113,554,0
554,4,0
4,555,0
555,287,0
287,81,0
113,556,0
556,557,0
557,558,0
558,544,0
544,24,0
24,81,0
77,102,0
558,559,0
559,289,0
289,560,0
560,9,0
551,561,0
561,479,0
155,146,0
146,562,0
562,205,0
205,86,0
113,119,0
119,152,0
152,35,0
35,21,0
21,6,0
103,34,0
103,102,0
102,34,0
116,124,0
435,91,0
66,82,0
104,82,0
161,90,0
542,65,0
65,114,0
114,51,0
51,563,0
563,564,0
564,565,0
565,566,0
113,297,0
297,563,0
563,485,0
113,77,0
53,75,0
104,424,0
68,190,0
102,200,0
563,567,0
567,283,0
66,568,0
66,65,0
65,64,0
93,569,0
435,100,0
113,4,0
3,6,0
6,46,0
113,570,0
570,105,0
113,195,0
195,571,0
571,107,0
124,106,0
544,572,0
572,285,0
113,67,0
102,171,0
79,573,0
573,574,0
574,43,0
113,72,0
113,102,0
113,430,0
65,575,0
575,576,0
571,125,0
553,291,0
102,73,0
525,73,0
161,134,0
124,10,0
110,577,0
577,44,0
544,121,0
121,559,0
559,548,0
548,7,0
7,136,0
195,137,0
536,578,0
578,266,0
266,137,0
109,579,0
579,580,0
66,581,0
544,299,0
113,113,0
161,144,0
578,582,0
582,52,0
66,114,0
114,302,0
3,2,0
2,1,0
583,459,0
584,585,0
585,586,0
586,587,0
587,588,0
588,589,0
589,590,0
590,591,0
591,238,0
586,592,0
592,593,0
593,594,0
299,595,0
595,76,0
299,24,0
50,566,0
566,596,0
596,326,0
299,572,0
285,9,0
50,273,0
2,16,0
299,121,0
299,597,0
597,598,0
598,135,0
24,49,0
273,1,0
139,144,0
144,10,0
134,46,0
46,421,0
139,91,0
91,435,0
435,124,0
139,161,0
599,312,0
312,320,0
322,600,0
600,175,0
412,44,0
601,602,0
602,174,0
601,603,0
603,179,0
604,605,0
605,308,0
308,314,0
314,606,0
606,607,0
607,280,0
280,608,0
608,504,0
604,609,0
609,610,0
610,611,0
611,612,0
612,613,0
604,614,0
614,476,0
605,615,0
615,392,0
392,333,0
604,361,0
361,404,0
404,616,0
616,19,0
604,617,0
617,186,0
186,341,0
604,615,0
615,315,0
315,403,0
403,345,0
315,314,0
333,618,0
618,619,0
315,392,0
333,369,0
604,620,0
620,311,0
618,376,0
617,621,0
621,378,0
604,622,0
622,397,0
397,319,0
319,623,0
623,199,0
605,361,0
361,353,0
353,624,0
624,625,0
625,626,0
626,627,0
617,601,0
601,628,0
628,175,0
333,381,0
604,319,0
604,629,0
629,630,0
630,631,0
631,632,0
632,57,0
395,633,0
633,634,0
601,635,0
635,187,0
604,636,0
636,637,0
637,638,0
638,639,0
639,401,0
604,640,0
640,641,0
641,642,0
642,643,0
643,644,0
644,645,0
645,406,0
174,412,0
604,646,0
646,647,0
647,648,0
648,312,0
604,649,0
649,604,0
604,650,0
650,312,0
604,651,0
651,312,0
652,653,0
653,454,0
455,654,0
654,61,0
100,266,0
89,110,0
110,74,0
72,67,0
89,537,0
537,135,0
89,121,0
121,120,0
120,63,0
110,78,0
89,655,0
655,430,0
100,656,0
656,76,0
76,81,0
76,263,0
263,81,0
89,657,0
657,537,0
537,47,0
89,658,0
658,126,0
126,529,0
529,119,0
206,632,0
632,358,0
136,454,0
454,362,0
362,659,0
281,81,0
136,660,0
660,661,0
424,72,0
89,662,0
662,663,0
663,71,0
72,479,0
89,82,0
89,267,0
658,120,0
110,95,0
89,664,0
664,71,0
72,201,0
89,665,0
665,64,0
89,666,0
666,667,0
667,64,0
530,668,0
668,669,0
669,415,0
661,670,0
291,636,0
636,620,0
657,102,0
126,470,0
470,83,0
83,671,0
671,168,0
657,47,0
47,672,0
672,673,0
673,128,0
100,107,0
661,674,0
71,675,0
675,67,0
67,676,0
676,109,0
474,677,0
677,387,0
387,678,0
669,391,0
89,667,0
667,666,0
666,162,0
110,71,0
71,70,0
70,141,0
141,429,0
365,621,0
621,679,0
679,680,0
680,681,0
681,383,0
82,66,0
68,141,0
141,72,0
47,127,0
127,682,0
682,683,0
683,295,0
126,489,0
490,296,0
658,489,0
489,295,0
658,121,0
100,125,0
660,456,0
664,684,0
684,110,0
206,405,0
405,685,0
679,686,0
686,408,0
81,687,0
687,598,0
598,688,0
81,689,0
689,690,0
690,691,0
691,692,0
68,148,0
148,110,0
63,135,0
100,666,0
666,137,0
291,693,0
693,694,0
694,604,0
537,425,0
120,52,0
68,116,0
666,62,0
695,696,0
696,697,0
697,312,0
698,696,0
696,699,0
699,312,0
137,52,0
137,116,0
106,82,0
137,666,0
666,134,0
134,427,0
52,270,0
666,107,0
107,700,0
700,701,0
701,97,0
428,424,0
137,702,0
702,703,0
703,704,0
704,661,0
661,660,0
660,282,0
89,64,0
52,470,0
470,127,0
128,105,0
8,705,0
705,175,0
89,162,0
427,706,0
134,707,0
707,427,0
701,140,0
137,125,0
125,47,0
137,266,0
89,708,0
708,62,0
136,263,0
263,466,0
136,398,0
398,709,0
709,710,0
710,487,0
136,711,0
711,712,0
712,713,0
713,26,0
711,714,0
714,715,0
715,27,0
27,712,0
136,687,0
687,716,0
716,61,0
687,717,0
717,718,0
718,719,0
719,720,0
720,721,0
721,722,0
722,723,0
136,135,0
264,724,0
724,725,0
725,726,0
726,727,0
727,728,0
728,105,0
135,598,0
598,729,0
729,105,0
398,690,0
711,730,0
730,50,0
50,731,0
731,109,0
724,287,0
287,101,0
101,732,0
732,296,0
287,733,0
733,38,0
135,122,0
598,185,0
263,734,0
734,389,0
520,389,0
714,735,0
735,46,0
46,176,0
176,187,0
690,121,0
122,135,0
135,736,0
736,691,0
136,597,0
135,124,0
124,737,0
737,89,0
466,734,0
734,534,0
259,738,0
738,739,0
739,659,0
659,362,0
362,670,0
670,717,0
717,740,0
740,468,0
740,469,0
259,213,0
213,217,0
213,220,0
259,741,0
741,223,0
213,742,0
742,235,0
259,743,0
743,744,0
744,745,0
745,218,0
218,746,0
746,747,0
747,748,0
748,235,0
213,212,0
212,749,0
259,238,0
238,213,0
742,748,0
748,452,0
748,750,0
220,452,0
250,241,0
241,235,0
212,751,0
212,752,0
212,753,0
740,481,0
212,754,0
259,214,0
214,239,0
259,755,0
755,756,0
756,757,0
757,58,0
755,758,0
758,462,0
462,759,0
759,760,0
760,660,0
456,761,0
212,594,0
214,244,0
214,224,0
224,252,0
741,762,0
762,252,0
212,763,0
763,764,0
764,765,0
212,766,0
212,767,0
763,768,0
768,769,0
741,770,0
770,255,0
213,770,0
217,255,0
768,771,0
212,772,0
670,773,0
773,389,0
740,524,0
212,774,0
214,258,0
213,775,0
775,776,0
776,777,0
250,260,0
740,534,0
212,211,0
778,779,0
779,465,0
636,780,0
780,647,0
636,650,0
636,651,0
44,208,0
208,781,0
781,782,0
782,165,0
165,783,0
783,784,0
784,785,0
785,23,0
784,122,0
122,467,0
44,786,0
786,157,0
157,94,0
94,75,0
53,787,0
787,69,0
44,148,0
148,208,0
208,292,0
292,668,0
668,788,0
788,68,0
68,789,0
44,176,0
176,528,0
528,158,0
158,191,0
191,35,0
35,326,0
44,577,0
577,790,0
790,157,0
157,791,0
791,191,0
577,325,0
44,792,0
792,324,0
324,286,0
286,730,0
50,793,0
793,326,0
44,46,0
46,794,0
794,795,0
795,796,0
796,797,0
797,27,0
27,289,0
289,8,0
46,51,0
51,491,0
491,798,0
798,799,0
799,5,0
176,800,0
800,801,0
801,156,0
44,802,0
802,803,0
803,804,0
804,805,0
805,806,0
806,410,0
411,497,0
46,172,0
44,110,0
44,807,0
807,94,0
94,617,0
617,79,0
79,72,0
72,808,0
808,82,0
46,127,0
127,13,0
157,17,0
44,528,0
158,17,0
44,537,0
537,158,0
44,809,0
809,157,0
208,461,0
461,810,0
810,19,0
157,26,0
807,157,0
804,811,0
811,499,0
501,812,0
806,496,0
68,711,0
711,173,0
173,813,0
813,200,0
802,711,0
68,814,0
814,711,0
172,815,0
786,208,0
172,295,0
295,814,0
814,806,0
806,805,0
805,816,0
816,500,0
805,201,0
506,817,0
44,27,0
811,507,0
508,818,0
818,819,0
44,436,0
436,43,0
157,820,0
820,821,0
821,168,0
44,822,0
822,148,0
148,823,0
823,378,0
822,54,0
151,109,0
148,824,0
824,109,0
109,112,0
822,145,0
552,67,0
145,201,0
201,552,0
146,825,0
825,826,0
826,143,0
143,429,0
43,6,0
6,2,0
37,119,0
43,10,0
10,3,0
41,119,0
146,827,0
827,512,0
94,828,0
828,53,0
53,829,0
829,512,0
44,830,0
830,831,0
831,832,0
832,833,0
822,73,0
73,66,0
79,538,0
538,109,0
109,108,0
108,103,0
292,679,0
806,507,0
158,16,0
16,786,0
786,153,0
807,790,0
168,79,0
157,384,0
44,289,0
783,834,0
834,835,0
835,836,0
44,837,0
837,621,0
621,838,0
292,839,0
839,838,0
145,73,0
73,424,0
201,72,0
109,840,0
840,89,0
43,436,0
43,272,0
272,544,0
201,826,0
109,841,0
841,47,0
121,270,0
272,52,0
79,105,0
105,842,0
842,578,0
110,171,0
44,843,0
843,75,0
75,844,0
844,110,0
75,845,0
845,148,0
146,72,0
10,6,0
846,847,0
847,465,0
338,848,0
848,86,0
338,321,0
321,16,0
777,212,0
849,615,0
615,850,0
850,851,0
851,312,0
852,853,0
853,854,0
854,855,0
855,856,0
856,135,0
135,857,0
852,858,0
858,859,0
859,860,0
860,780,0
780,850,0
850,861,0
861,862,0
862,863,0
852,864,0
864,865,0
865,315,0
852,721,0
721,866,0
866,867,0
867,868,0
868,869,0
853,870,0
870,871,0
871,872,0
872,222,0
852,659,0
659,660,0
660,873,0
873,874,0
874,875,0
852,876,0
876,877,0
877,878,0
878,660,0
660,879,0
879,874,0
852,880,0
880,881,0
881,876,0
876,882,0
882,659,0
659,883,0
883,884,0
884,23,0
879,885,0
885,886,0
886,887,0
871,888,0
888,889,0
889,756,0
756,890,0
890,233,0
852,865,0
865,864,0
864,315,0
858,891,0
891,892,0
892,358,0
358,893,0
893,894,0
894,601,0
601,788,0
721,23,0
23,895,0
895,21,0
21,896,0
896,897,0
897,898,0
898,19,0
866,209,0
209,895,0
895,896,0
316,333,0
852,899,0
899,900,0
900,901,0
901,871,0
871,902,0
902,304,0
304,903,0
903,904,0
853,905,0
905,56,0
56,906,0
906,907,0
907,908,0
908,909,0
909,904,0
895,460,0
460,910,0
910,27,0
27,911,0
865,618,0
618,348,0
891,860,0
860,636,0
636,647,0
647,312,0
872,593,0
873,912,0
912,913,0
913,914,0
761,915,0
915,916,0
852,917,0
917,918,0
918,919,0
919,920,0
917,921,0
921,922,0
922,923,0
923,924,0
924,925,0
925,926,0
926,311,0
917,629,0
629,310,0
780,927,0
927,928,0
928,929,0
872,930,0
930,249,0
866,931,0
931,932,0
932,105,0
853,56,0
56,933,0
933,903,0
903,304,0
304,632,0
632,934,0
934,871,0
853,935,0
935,59,0
59,58,0
58,933,0
872,936,0
936,252,0
852,719,0
719,606,0
606,937,0
937,690,0
690,730,0
858,938,0
938,939,0
939,625,0
625,940,0
940,627,0
209,941,0
941,942,0
942,175,0
629,943,0
943,521,0
521,944,0
944,945,0
891,358,0
358,386,0
386,894,0
894,946,0
946,383,0
606,947,0
947,486,0
486,948,0
948,38,0
852,949,0
949,670,0
917,476,0
476,393,0
393,950,0
950,522,0
881,738,0
738,951,0
951,952,0
952,221,0
221,953,0
953,306,0
899,954,0
954,955,0
955,956,0
956,957,0
957,306,0
858,958,0
958,959,0
959,960,0
960,961,0
961,187,0
209,942,0
942,187,0
721,962,0
962,963,0
963,308,0
308,387,0
387,964,0
386,965,0
963,966,0
966,405,0
868,967,0
967,692,0
895,207,0
207,968,0
968,969,0
969,44,0
690,970,0
970,52,0
865,971,0
971,972,0
972,973,0
973,604,0
970,974,0
974,726,0
647,975,0
975,976,0
976,312,0
497,977,0
977,86,0
497,201,0
201,155,0
155,978,0
978,979,0
979,495,0
977,980,0
980,322,0
411,816,0
411,981,0
981,982,0
982,86,0
983,984,0
984,19,0
983,985,0
985,968,0
984,986,0
986,960,0
960,965,0
985,965,0
692,895,0
895,987,0
987,468,0
987,469,0
895,988,0
988,989,0
989,405,0
405,990,0
990,345,0
345,397,0
397,314,0
692,991,0
991,122,0
263,992,0
992,9,0
987,481,0
692,896,0
896,993,0
993,460,0
405,994,0
994,319,0
319,346,0
346,379,0
346,995,0
692,996,0
996,868,0
868,997,0
997,998,0
998,999,0
999,1000,0
1000,61,0
692,1001,0
1001,868,0
868,1002,0
1002,61,0
345,312,0
346,471,0
997,354,0
868,1003,0
1003,1004,0
1004,371,0
991,1005,0
1005,118,0
118,736,0
736,565,0
565,932,0
692,1005,0
1005,991,0
122,690,0
692,1006,0
1006,221,0
221,1007,0
1007,135,0
135,627,0
692,308,0
308,689,0
689,971,0
971,1008,0
1008,521,0
944,1009,0
1009,1010,0
896,206,0
206,1011,0
1011,968,0
968,148,0
208,179,0
968,958,0
960,179,0
991,947,0
895,1012,0
1012,389,0
1006,308,0
987,524,0
1006,1013,0
1013,308,0
308,964,0
1006,646,0
646,405,0
208,191,0
191,830,0
122,1014,0
1014,1015,0
1015,136,0
122,121,0
121,544,0
544,1013,0
1013,52,0
987,534,0
408,1016,0
1016,340,0
340,322,0
340,1017,0
1017,86,0
1016,1018,0
1018,321,0
340,981,0
981,816,0
816,102,0
102,1019,0
1019,200,0
408,1020,0
1020,386,0
386,893,0
893,358,0
358,372,0
1020,1021,0
1021,1022,0
1022,361,0
361,929,0
1018,1023,0
1023,205,0
340,199,0
408,340,0
408,1024,0
1024,319,0
320,312,0
312,848,0
848,1025,0
1025,1026,0
1026,523,0
319,1027,0
1027,1028,0
1028,397,0
397,604,0
340,848,0
108,841,0
258,238,0
238,1029,0
1029,1030,0
1030,1031,0
258,1032,0
1032,1033,0
1033,215,0
258,1034,0
1034,1035,0
1035,214,0
1030,1036,0
258,450,0
450,449,0
449,448,0
448,261,0
261,218,0
258,1037,0
1037,1038,0
1038,214,0
214,213,0
258,231,0
261,230,0
230,750,0
750,452,0
1030,1039,0
450,748,0
748,1040,0
1040,252,0
450,1041,0
1041,1042,0
1042,1043,0
1043,224,0
224,442,0
442,441,0
441,218,0
218,255,0
1030,1044,0
213,712,0
712,776,0
1035,259,0
258,449,0
406,641,0
641,868,0
406,405,0
685,1045,0
1045,616,0
406,994,0
471,365,0
406,1046,0
1046,565,0
405,1047,0
1047,1048,0
1048,206,0
941,628,0
406,895,0
895,689,0
689,947,0
406,387,0
387,401,0
401,971,0
406,1014,0
1014,1049,0
1049,1050,0
1050,692,0
774,212,0
1051,82,0
82,63,0
51,435,0
1051,70,0
95,1052,0
1052,93,0
82,98,0
98,47,0
129,512,0
126,435,0
435,470,0
1051,71,0
110,830,0
830,1053,0
51,114,0
1051,63,0
435,50,0
257,1054,0
1054,1055,0
1055,218,0
218,440,0
257,241,0
218,745,0
745,223,0
224,1056,0
1056,770,0
257,1057,0
1057,1058,0
1058,1059,0
1059,68,0
68,212,0
250,220,0
221,212,0
220,213,0
1054,230,0
230,261,0
252,1041,0
1041,450,0
1054,742,0
742,776,0
776,754,0
220,776,0
224,214,0
1058,1060,0
1060,594,0
218,252,0
1055,1061,0
1061,221,0
250,221,0
1058,764,0
1058,768,0
218,1062,0
1062,1063,0
1063,255,0
776,772,0
965,398,0
398,1064,0
1064,1065,0
1065,1066,0
1066,616,0
965,1067,0
1067,174,0
965,1049,0
401,1068,0
1068,1069,0
1069,868,0
868,1070,0
1070,1071,0
1071,468,0
401,387,0
387,1072,0
1072,469,0
401,1073,0
1073,350,0
350,789,0
1073,397,0
401,1074,0
1074,1075,0
1075,361,0
361,332,0
1072,481,0
401,625,0
625,642,0
642,148,0
148,1064,0
401,629,0
629,1076,0
1076,1077,0
1077,1078,0
1078,1079,0
1079,56,0
56,904,0
1076,55,0
401,1080,0
1080,405,0
405,1081,0
1081,1082,0
1082,783,0
783,911,0
911,26,0
397,1083,0
1083,337,0
337,346,0
379,348,0
379,1084,0
1084,349,0
995,375,0
375,619,0
625,358,0
372,350,0
350,354,0
356,61,0
359,1002,0
314,312,0
401,308,0
689,866,0
866,932,0
358,627,0
642,894,0
894,628,0
401,361,0
361,971,0
1071,524,0
894,635,0
894,1067,0
401,350,0
397,1085,0
1085,1086,0
1086,1087,0
1087,1088,0
1088,312,0
1072,534,0
188,43,0
41,326,0
188,27,0
27,685,0
685,1089,0
1089,12,0
43,1090,0
1090,160,0
43,712,0
713,17,0
23,1091,0
1091,1092,0
1092,168,0
1091,579,0
579,109,0
188,165,0
165,30,0
43,167,0
167,1093,0
1093,157,0
157,30,0
3,10,0
10,293,0
180,512,0
43,46,0
27,797,0
797,1094,0
1094,187,0
436,44,0
289,44,0
27,18,0
18,33,0
33,49,0
46,49,0
27,165,0
165,94,0
94,96,0
96,54,0
53,1095,0
1095,319,0
1096,191,0
191,1097,0
1097,1098,0
1098,1099,0
1099,1085,0
1085,1100,0
1100,370,0
1096,1101,0
1101,321,0
321,1102,0
1102,409,0
409,1103,0
1103,1104,0
1104,408,0
964,1068,0
964,387,0
964,639,0
964,720,0
720,963,0
963,999,0
720,1105,0
1105,354,0
964,689,0
866,565,0
964,1106,0
1106,135,0
135,968,0
1106,958,0
388,1107,0
179,187,0
964,401,0
401,386,0
386,1108,0
1108,408,0
964,308,0
308,967,0
1071,534,0
1109,1110,0
1110,312,0
1109,1111,0
1111,312,0
1109,1112,0
1112,312,0
1113,1114,0
1114,465,0
187,1094,0
1094,797,0
797,786,0
797,830,0
830,574,0
436,544,0
544,76,0
187,176,0
187,577,0
187,792,0
8,572,0
572,544,0
187,802,0
830,797,0
187,173,0
173,86,0
187,323,0
323,86,0
187,1115,0
1115,1116,0
1116,86,0
187,843,0
146,82,0
577,110,0
110,1117,0
1117,617,0
208,786,0
786,1118,0
1118,461,0
187,168,0
168,1119,0
1119,157,0
187,845,0
845,735,0
735,157,0
187,1120,0
1120,790,0
187,1121,0
1121,460,0
460,895,0
895,209,0
209,362,0
187,210,0
210,958,0
958,968,0
797,28,0
187,797,0
797,574,0
845,75,0
75,110,0
110,844,0
844,132,0
148,1122,0
1122,116,0
116,96,0
843,735,0
735,1123,0
1123,158,0
153,152,0
825,827,0
830,43,0
1117,828,0
830,1124,0
1124,832,0
109,34,0
187,174,0
174,1125,0
1125,668,0
668,292,0
824,36,0
151,36,0
109,36,0
803,1126,0
1126,479,0
830,537,0
157,24,0
24,158,0
208,783,0
783,710,0
710,20,0
20,122,0
792,1127,0
1127,1128,0
1128,895,0
797,188,0
210,1129,0
1129,173,0
173,986,0
960,894,0
894,965,0
986,983,0
187,830,0
8,7,0
51,272,0
830,110,0
110,1130,0
1130,1131,0
187,822,0
424,1132,0
783,1133,0
145,1134,0
171,54,0
145,54,0
1135,1136,0
1136,1137,0
1137,1138,0
1138,976,0
306,1139,0
1139,393,0
393,391,0
391,615,0
306,1140,0
1140,1141,0
1141,1142,0
1142,334,0
306,1143,0
1143,866,0
306,393,0
393,311,0
311,391,0
403,1084,0
403,348,0
306,456,0
456,455,0
392,369,0
311,392,0
306,660,0
660,1144,0
1144,947,0
947,606,0
306,899,0
899,721,0
721,937,0
937,606,0
306,739,0
306,1145,0
1145,1146,0
1146,1141,0
1141,1147,0
1147,1148,0
1148,523,0
660,659,0
454,52,0
52,737,0
523,1149,0
1149,1008,0
1008,971,0
971,358,0
358,963,0
963,1150,0
1150,868,0
868,1151,0
963,1072,0
523,1152,0
1152,1153,0
1153,1154,0
1154,1155,0
1155,1156,0
1156,1157,0
1157,906,0
906,1141,0
1149,617,0
617,604,0
604,1158,0
1158,1159,0
1159,1160,0
1160,332,0
523,1161,0
1161,1162,0
1162,1163,0
1163,1164,0
617,311,0
311,689,0
971,404,0
523,1165,0
1165,1166,0
1166,1167,0
1167,1168,0
1168,1169,0
1169,904,0
523,1009,0
1009,1170,0
1170,1171,0
1171,1172,0
1172,1173,0
1173,328,0
328,1084,0
1009,1174,0
1174,1168,0
1168,849,0
849,1175,0
1175,315,0
328,348,0
523,1176,0
1176,1177,0
1177,1178,0
1178,855,0
855,1179,0
1179,1180,0
1180,1181,0
1181,1182,0
523,1183,0
1183,1184,0
1184,1185,0
1185,60,0
523,1140,0
1140,1186,0
1186,1187,0
1187,1188,0
1188,1189,0
523,1190,0
1190,1191,0
1191,1186,0
1188,920,0
1171,1192,0
1192,1193,0
1193,1194,0
1194,369,0
1186,1195,0
1195,1149,0
1149,68,0
68,1196,0
1196,311,0
1181,1197,0
1184,1198,0
1198,1199,0
1199,371,0
523,1025,0
1025,848,0
848,312,0
312,203,0
312,198,0
523,1200,0
1200,1201,0
1201,945,0
1193,1202,0
1202,335,0
335,381,0
621,384,0
523,1203,0
1203,1204,0
1204,521,0
521,1008,0
963,388,0
523,1205,0
1205,1206,0
1206,1207,0
1207,848,0
848,1208,0
1208,1209,0
1209,306,0
971,1210,0
1210,401,0
971,689,0
1149,1211,0
1211,391,0
391,1212,0
895,1128,0
1128,899,0
954,1213,0
1213,738,0
738,955,0
133,132,0
24,156,0
24,157,0
156,102,0
68,815,0
24,1214,0
1214,172,0
157,507,0
133,68,0
68,1215,0
1215,1216,0
68,73,0
954,1217,0
1217,1218,0
1218,311,0
1107,1219,0
1219,1220,0
1220,1221,0
1221,963,0
963,917,0
917,475,0
1107,312,0
365,1222,0
1222,333,0
1107,1223,0
1223,868,0
868,308,0
1107,1224,0
1224,1225,0
1225,937,0
963,1226,0
1226,135,0
135,678,0
678,627,0
