1,2,0
1,3,0
1,4,0
1,5,0
1,6,0
1,7,0
1,8,0
1,9,0
1,10,0
1,11,0
1,12,0
1,13,0
1,14,0
1,15,0
1,16,0
1,17,0
1,18,0
1,19,0
1,20,0
1,21,0
1,22,0
1,23,0
1,24,0
1,25,0
1,27,0
1,28,0
1,29,0
1,30,0
1,31,0
1,32,0
1,34,0
1,35,0
1,36,0
1,37,0
1,38,0
1,39,0
1,40,0
1,41,0
1,42,0
1,43,0
1,46,0
1,48,0
1,49,0
1,50,0
1,51,0
1,52,0
1,54,0
1,55,0
1,56,0
1,57,0
1,58,0
1,59,0
1,60,0
1,61,0
1,62,0
1,63,0
1,64,0
1,65,0
1,66,0
1,67,0
1,68,0
1,72,0
1,73,0
1,74,0
1,75,0
1,76,0
1,77,0
1,78,0
1,79,0
1,80,0
1,81,0
1,82,0
1,83,0
1,84,0
1,85,0
1,86,0
1,87,0
1,90,0
1,91,0
1,92,0
1,93,0
1,94,0
1,95,0
1,97,0
1,98,0
1,99,0
1,100,0
1,101,0
1,104,0
1,105,0
1,106,0
1,107,0
1,108,0
1,109,0
1,110,0
1,111,0
1,112,0
1,113,0
1,114,0
1,116,0
1,120,0
1,121,0
1,122,0
1,123,0
1,124,0
1,125,0
1,127,0
1,128,0
1,129,0
1,130,0
1,132,0
1,133,0
1,135,0
1,136,0
1,139,0
1,141,0
1,142,0
1,144,0
1,145,0
1,146,0
1,147,0
1,148,0
1,150,0
1,153,0
1,154,0
1,155,0
1,157,0
1,160,0
1,161,0
1,164,0
1,165,0
1,166,0
1,168,0
1,169,0
1,172,0
1,173,0
1,176,0
1,180,0
1,191,0
1,195,0
1,196,0
1,198,0
1,200,0
1,201,0
1,203,0
1,204,0
1,206,0
1,207,0
1,208,0
1,213,0
1,215,0
1,216,0
1,219,0
1,220,0
1,221,0
1,222,0
1,224,0
1,225,0
1,229,0
1,230,0
1,232,0
1,234,0
1,235,0
1,237,0
1,239,0
1,241,0
1,244,0
1,246,0
1,248,0
1,249,0
1,250,0
1,251,0
1,254,0
1,255,0
1,257,0
1,259,0
1,260,0
1,261,0
1,264,0
1,267,0
1,268,0
1,275,0
1,279,0
1,281,0
1,285,0
1,290,0
1,292,0
1,296,0
1,297,0
1,302,0
1,303,0
1,305,0
1,306,0
1,307,0
1,308,0
1,309,0
1,312,0
1,314,0
1,318,0
1,319,0
1,326,0
1,328,0
1,334,0
1,351,0
1,357,0
1,359,0
1,361,0
1,365,0
1,367,0
1,372,0
1,374,0
1,375,0
1,380,0
1,381,0
1,382,0
1,388,0
1,390,0
1,394,0
1,404,0
1,406,0
1,407,0
1,409,0
1,411,0
1,413,0
1,419,0
1,425,0
1,426,0
1,428,0
1,429,0
1,436,0
1,445,0
1,447,0
1,452,0
1,457,0
1,460,0
1,461,0
1,462,0
1,463,0
1,467,0
1,473,0
1,480,0
1,481,0
1,483,0
1,488,0
1,489,0
1,490,0
1,504,0
1,507,0
1,516,0
1,517,0
1,523,0
1,524,0
1,529,0
1,540,0
1,553,0
1,558,0
1,560,0
1,561,0
1,570,0
1,577,0
1,578,0
1,579,0
1,580,0
1,589,0
1,592,0
1,597,0
1,602,0
1,603,0
1,604,0
1,607,0
1,609,0
1,614,0
1,630,0
1,631,0
1,632,0
1,633,0
1,641,0
1,642,0
1,649,0
1,652,0
1,664,0
1,669,0
1,674,0
1,677,0
1,679,0
1,690,0
1,692,0
1,694,0
1,696,0
1,697,0
1,700,0
1,702,0
1,705,0
1,716,0
1,721,0
1,730,0
1,734,0
1,735,0
1,737,0
1,754,0
1,755,0
1,759,0
1,760,0
1,776,0
1,788,0
1,801,0
1,808,0
1,814,0
1,818,0
1,824,0
1,825,0
1,864,0
1,934,0
1,960,0
1,972,0
1,975,0
1,982,0
1,985,0
1,986,0
1,990,0
1,993,0
1,1029,0
1,1055,0
1,1063,0
1,1103,0
1,1112,0
1,1122,0
1,1124,0
1,1153,0
1,1156,0
1,1174,0
1,1178,0
1,1182,0
1,1190,0
1,1191,0
1,1194,0
1,1216,0
1,1223,0
1,1227,0
1,1241,0
1,1248,0
1,1259,0
1,1296,0
1,1318,0
1,1335,0
1,1346,0
1,1358,0
1,1396,0
1,1426,0
1,1433,0
1,1450,0
1,1484,0
1,1486,0
1,1580,0
1,1617,0
1,1620,0
1,1624,0
1,1632,0
1,1640,0
1,1657,0
1,1666,0
1,1674,0
1,1675,0
1,1751,0
2,3,0
2,4,0
2,5,0
2,6,0
2,7,0
2,10,0
2,11,0
2,12,0
2,13,0
2,14,0
2,15,0
2,16,0
2,17,0
2,18,0
2,19,0
2,21,0
2,22,0
2,23,0
2,24,0
2,25,0
2,27,0
2,28,0
2,29,0
2,32,0
2,34,0
2,35,0
2,36,0
2,37,0
2,38,0
2,39,0
2,40,0
2,41,0
2,42,0
2,43,0
2,46,0
2,48,0
2,54,0
2,55,0
2,59,0
2,60,0
2,61,0
2,65,0
2,68,0
2,71,0
2,72,0
2,75,0
2,76,0
2,77,0
2,80,0
2,81,0
2,84,0
2,86,0
2,87,0
2,90,0
2,91,0
2,92,0
2,93,0
2,97,0
2,98,0
2,99,0
2,100,0
2,101,0
2,102,0
2,103,0
2,104,0
2,107,0
2,108,0
2,110,0
2,111,0
2,112,0
2,113,0
2,114,0
2,120,0
2,121,0
2,124,0
2,125,0
2,129,0
2,132,0
2,139,0
2,140,0
2,141,0
2,142,0
2,150,0
2,151,0
2,153,0
2,154,0
2,155,0
2,161,0
2,164,0
2,165,0
2,167,0
2,169,0
2,174,0
2,175,0
2,176,0
2,180,0
2,184,0
2,185,0
2,186,0
2,187,0
2,190,0
2,195,0
2,196,0
2,200,0
2,205,0
2,207,0
2,214,0
2,215,0
2,216,0
2,219,0
2,221,0
2,224,0
2,225,0
2,229,0
2,231,0
2,232,0
2,237,0
2,238,0
2,242,0
2,246,0
2,249,0
2,250,0
2,251,0
2,254,0
2,255,0
2,257,0
2,259,0
2,260,0
2,266,0
2,267,0
2,268,0
2,275,0
2,282,0
2,283,0
2,292,0
2,293,0
2,294,0
2,300,0
2,303,0
2,308,0
2,311,0
2,314,0
2,315,0
2,318,0
2,319,0
2,320,0
2,327,0
2,334,0
2,345,0
2,352,0
2,361,0
2,365,0
2,366,0
2,367,0
2,374,0
2,389,0
2,391,0
2,401,0
2,407,0
2,413,0
2,429,0
2,432,0
2,445,0
2,452,0
2,460,0
2,467,0
2,477,0
2,482,0
2,483,0
2,488,0
2,500,0
2,506,0
2,517,0
2,518,0
2,523,0
2,524,0
2,527,0
2,529,0
2,535,0
2,540,0
2,545,0
2,553,0
2,557,0
2,560,0
2,570,0
2,574,0
2,589,0
2,601,0
2,602,0
2,608,0
2,613,0
2,615,0
2,630,0
2,635,0
2,641,0
2,649,0
2,661,0
2,666,0
2,670,0
2,684,0
2,693,0
2,698,0
2,702,0
2,733,0
2,756,0
2,774,0
2,775,0
2,801,0
2,811,0
2,824,0
2,831,0
2,834,0
2,844,0
2,854,0
2,864,0
2,881,0
2,916,0
2,932,0
2,944,0
2,969,0
2,982,0
2,990,0
2,993,0
2,1009,0
2,1021,0
2,1068,0
2,1094,0
2,1107,0
2,1121,0
2,1153,0
2,1175,0
2,1184,0
2,1223,0
2,1227,0
2,1241,0
2,1259,0
2,1278,0
2,1319,0
2,1343,0
2,1346,0
2,1347,0
2,1354,0
2,1359,0
2,1455,0
2,1472,0
2,1519,0
2,1532,0
2,1539,0
2,1579,0
2,1624,0
2,1685,0
2,1723,0
2,1768,0
3,4,0
3,5,0
3,6,0
3,9,0
3,10,0
3,13,0
3,14,0
3,15,0
3,16,0
3,18,0
3,19,0
3,21,0
3,22,0
3,23,0
3,24,0
3,25,0
3,27,0
3,29,0
3,32,0
3,34,0
3,36,0
3,37,0
3,38,0
3,42,0
3,43,0
3,45,0
3,46,0
3,47,0
3,48,0
3,54,0
3,55,0
3,59,0
3,60,0
3,61,0
3,64,0
3,65,0
3,66,0
3,67,0
3,68,0
3,71,0
3,74,0
3,75,0
3,81,0
3,82,0
3,84,0
3,86,0
3,90,0
3,92,0
3,93,0
3,97,0
3,99,0
3,100,0
3,101,0
3,107,0
3,108,0
3,110,0
3,111,0
3,112,0
3,113,0
3,120,0
3,121,0
3,123,0
3,124,0
3,125,0
3,126,0
3,128,0
3,133,0
3,141,0
3,148,0
3,153,0
3,154,0
3,155,0
3,158,0
3,159,0
3,166,0
3,167,0
3,168,0
3,169,0
3,192,0
3,200,0
3,206,0
3,207,0
3,214,0
3,221,0
3,224,0
3,225,0
3,229,0
3,230,0
3,231,0
3,232,0
3,237,0
3,245,0
3,251,0
3,255,0
3,259,0
3,266,0
3,267,0
3,268,0
3,271,0
3,272,0
3,275,0
3,280,0
3,282,0
3,284,0
3,294,0
3,307,0
3,311,0
3,315,0
3,319,0
3,322,0
3,323,0
3,324,0
3,325,0
3,329,0
3,334,0
3,335,0
3,345,0
3,355,0
3,361,0
3,365,0
3,367,0
3,376,0
3,380,0
3,381,0
3,387,0
3,391,0
3,420,0
3,425,0
3,447,0
3,451,0
3,452,0
3,457,0
3,467,0
3,477,0
3,482,0
3,483,0
3,503,0
3,519,0
3,540,0
3,546,0
3,553,0
3,558,0
3,576,0
3,604,0
3,605,0
3,632,0
3,633,0
3,634,0
3,641,0
3,649,0
3,669,0
3,698,0
3,716,0
3,718,0
3,733,0
3,735,0
3,737,0
3,757,0
3,771,0
3,776,0
3,805,0
3,824,0
3,839,0
3,864,0
3,892,0
3,915,0
3,929,0
3,935,0
3,948,0
3,999,0
3,1009,0
3,1013,0
3,1021,0
3,1097,0
3,1172,0
3,1186,0
3,1196,0
3,1198,0
3,1251,0
3,1269,0
3,1295,0
3,1328,0
3,1390,0
3,1433,0
3,1438,0
3,1470,0
3,1472,0
3,1497,0
3,1548,0
3,1549,0
3,1556,0
3,1570,0
3,1577,0
3,1617,0
3,1620,0
3,1623,0
3,1700,0
3,1716,0
3,1739,0
3,1740,0
4,5,0
4,6,0
4,7,0
4,8,0
4,9,0
4,10,0
4,11,0
4,12,0
4,13,0
4,14,0
4,15,0
4,16,0
4,17,0
4,18,0
4,19,0
4,20,0
4,22,0
4,24,0
4,25,0
4,27,0
4,28,0
4,29,0
4,30,0
4,31,0
4,32,0
4,34,0
4,35,0
4,37,0
4,38,0
4,39,0
4,41,0
4,42,0
4,43,0
4,46,0
4,51,0
4,55,0
4,58,0
4,60,0
4,61,0
4,62,0
4,63,0
4,64,0
4,65,0
4,66,0
4,73,0
4,74,0
4,75,0
4,78,0
4,82,0
4,84,0
4,87,0
4,90,0
4,96,0
4,98,0
4,99,0
4,104,0
4,108,0
4,109,0
4,110,0
4,111,0
4,114,0
4,115,0
4,116,0
4,117,0
4,118,0
4,120,0
4,121,0
4,123,0
4,126,0
4,127,0
4,132,0
4,133,0
4,141,0
4,142,0
4,145,0
4,148,0
4,149,0
4,150,0
4,160,0
4,161,0
4,167,0
4,168,0
4,174,0
4,176,0
4,177,0
4,178,0
4,183,0
4,184,0
4,188,0
4,196,0
4,198,0
4,200,0
4,205,0
4,206,0
4,208,0
4,211,0
4,214,0
4,219,0
4,224,0
4,225,0
4,226,0
4,230,0
4,236,0
4,240,0
4,243,0
4,245,0
4,247,0
4,249,0
4,250,0
4,251,0
4,262,0
4,268,0
4,269,0
4,279,0
4,280,0
4,284,0
4,285,0
4,287,0
4,293,0
4,294,0
4,301,0
4,314,0
4,315,0
4,319,0
4,320,0
4,321,0
4,336,0
4,350,0
4,364,0
4,372,0
4,376,0
4,379,0
4,382,0
4,383,0
4,389,0
4,401,0
4,421,0
4,426,0
4,429,0
4,432,0
4,439,0
4,449,0
4,461,0
4,462,0
4,463,0
4,468,0
4,474,0
4,486,0
4,490,0
4,492,0
4,512,0
4,526,0
4,557,0
4,568,0
4,591,0
4,592,0
4,604,0
4,608,0
4,615,0
4,622,0
4,642,0
4,646,0
4,665,0
4,669,0
4,693,0
4,704,0
4,716,0
4,730,0
4,731,0
4,733,0
4,734,0
4,737,0
4,774,0
4,776,0
4,793,0
4,794,0
4,801,0
4,814,0
4,826,0
4,831,0
4,854,0
4,855,0
4,857,0
4,865,0
4,885,0
4,932,0
4,944,0
4,954,0
4,955,0
4,960,0
4,1013,0
4,1028,0
4,1030,0
4,1055,0
4,1066,0
4,1072,0
4,1095,0
4,1103,0
4,1119,0
4,1143,0
4,1172,0
4,1230,0
4,1231,0
4,1257,0
4,1288,0
4,1294,0
4,1297,0
4,1322,0
4,1346,0
4,1352,0
4,1354,0
4,1455,0
4,1473,0
4,1575,0
4,1640,0
4,1709,0
4,1728,0
4,1767,0
5,10,0
5,17,0
5,18,0
5,19,0
5,20,0
5,23,0
5,24,0
5,25,0
5,28,0
5,29,0
5,35,0
5,37,0
5,38,0
5,42,0
5,45,0
5,51,0
5,55,0
5,58,0
5,66,0
5,74,0
5,75,0
5,87,0
5,99,0
5,108,0
5,110,0
5,123,0
5,126,0
5,127,0
5,129,0
5,132,0
5,142,0
5,150,0
5,164,0
5,176,0
5,177,0
5,178,0
5,183,0
5,188,0
5,214,0
5,217,0
5,219,0
5,221,0
5,225,0
5,241,0
5,250,0
5,262,0
5,267,0
5,269,0
5,271,0
5,272,0
5,279,0
5,280,0
5,287,0
5,309,0
5,310,0
5,314,0
5,315,0
5,321,0
5,340,0
5,350,0
5,364,0
5,372,0
5,382,0
5,389,0
5,394,0
5,406,0
5,421,0
5,426,0
5,432,0
5,461,0
5,462,0
5,468,0
5,491,0
5,492,0
5,503,0
5,505,0
5,507,0
5,588,0
5,591,0
5,592,0
5,604,0
5,704,0
5,732,0
5,737,0
5,749,0
5,767,0
5,793,0
5,804,0
5,818,0
5,832,0
5,993,0
5,1072,0
5,1082,0
5,1283,0
5,1450,0
5,1453,0
5,1456,0
5,1530,0
5,1730,0
6,7,0
6,9,0
6,10,0
6,11,0
6,12,0
6,13,0
6,15,0
6,16,0
6,18,0
6,21,0
6,22,0
6,24,0
6,26,0
6,29,0
6,31,0
6,34,0
6,35,0
6,37,0
6,39,0
6,40,0
6,42,0
6,49,0
6,50,0
6,52,0
6,53,0
6,55,0
6,56,0
6,62,0
6,64,0
6,67,0
6,73,0
6,75,0
6,78,0
6,79,0
6,80,0
6,107,0
6,108,0
6,114,0
6,115,0
6,116,0
6,122,0
6,130,0
6,131,0
6,135,0
6,136,0
6,139,0
6,140,0
6,164,0
6,172,0
6,194,0
6,199,0
6,201,0
6,203,0
6,213,0
6,215,0
6,216,0
6,225,0
6,235,0
6,238,0
6,247,0
6,248,0
6,267,0
6,275,0
6,279,0
6,283,0
6,287,0
6,357,0
6,369,0
6,385,0
6,406,0
6,426,0
6,429,0
6,449,0
6,516,0
6,517,0
6,614,0
6,626,0
6,668,0
6,694,0
6,741,0
6,759,0
6,789,0
6,796,0
6,982,0
6,990,0
6,993,0
6,1044,0
6,1128,0
6,1191,0
6,1291,0
6,1296,0
6,1446,0
6,1568,0
7,10,0
7,13,0
7,16,0
7,18,0
7,19,0
7,21,0
7,27,0
7,31,0
7,42,0
7,55,0
7,62,0
7,73,0
7,79,0
7,80,0
7,108,0
7,111,0
7,114,0
7,115,0
7,122,0
7,126,0
7,135,0
7,136,0
7,155,0
7,164,0
7,172,0
7,174,0
7,199,0
7,235,0
7,238,0
7,247,0
7,248,0
7,275,0
7,287,0
7,309,0
7,357,0
7,365,0
7,405,0
7,406,0
7,507,0
7,535,0
7,579,0
7,626,0
7,694,0
7,705,0
7,741,0
7,796,0
7,1052,0
7,1418,0
7,1532,0
7,1539,0
8,9,0
8,11,0
8,13,0
8,15,0
8,18,0
8,26,0
8,33,0
8,34,0
8,44,0
8,45,0
8,47,0
8,116,0
8,126,0
8,194,0
8,198,0
8,202,0
8,220,0
8,316,0
8,317,0
8,322,0
8,323,0
8,337,0
8,392,0
8,393,0
8,587,0
8,609,0
8,691,0
8,715,0
8,751,0
8,752,0
8,787,0
8,1081,0
8,1103,0
8,1125,0
8,1126,0
8,1373,0
8,1382,0
8,1401,0
8,1448,0
8,1474,0
8,1483,0
8,1487,0
8,1547,0
8,1585,0
8,1613,0
8,1724,0
8,1772,0
9,11,0
9,12,0
9,13,0
9,18,0
9,24,0
9,26,0
9,33,0
9,34,0
9,44,0
9,45,0
9,47,0
9,60,0
9,116,0
9,126,0
9,134,0
9,156,0
9,181,0
9,182,0
9,194,0
9,197,0
9,198,0
9,202,0
9,220,0
9,270,0
9,271,0
9,309,0
9,310,0
9,316,0
9,317,0
9,322,0
9,323,0
9,369,0
9,392,0
9,393,0
9,415,0
9,465,0
9,511,0
9,567,0
9,588,0
9,599,0
9,609,0
9,614,0
9,712,0
9,713,0
9,715,0
9,718,0
9,751,0
9,752,0
9,800,0
9,1081,0
9,1103,0
9,1189,0
9,1210,0
9,1373,0
9,1382,0
9,1401,0
9,1448,0
9,1474,0
9,1487,0
9,1547,0
9,1724,0
9,1744,0
9,1772,0
10,11,0
10,12,0
10,13,0
10,14,0
10,15,0
10,16,0
10,17,0
10,18,0
10,19,0
10,21,0
10,22,0
10,23,0
10,24,0
10,25,0
10,27,0
10,29,0
10,30,0
10,34,0
10,35,0
10,36,0
10,37,0
10,38,0
10,40,0
10,42,0
10,49,0
10,50,0
10,53,0
10,54,0
10,55,0
10,57,0
10,61,0
10,68,0
10,81,0
10,84,0
10,93,0
10,94,0
10,102,0
10,104,0
10,105,0
10,107,0
10,108,0
10,114,0
10,122,0
10,125,0
10,129,0
10,147,0
10,157,0
10,158,0
10,159,0
10,162,0
10,164,0
10,172,0
10,173,0
10,180,0
10,192,0
10,196,0
10,199,0
10,201,0
10,203,0
10,204,0
10,212,0
10,222,0
10,235,0
10,248,0
10,267,0
10,279,0
10,281,0
10,283,0
10,309,0
10,326,0
10,327,0
10,334,0
10,362,0
10,363,0
10,367,0
10,401,0
10,406,0
10,411,0
10,426,0
10,436,0
10,441,0
10,442,0
10,445,0
10,447,0
10,448,0
10,481,0
10,490,0
10,505,0
10,546,0
10,557,0
10,576,0
10,588,0
10,626,0
10,639,0
10,643,0
10,663,0
10,667,0
10,694,0
10,721,0
10,759,0
10,798,0
10,802,0
10,815,0
10,826,0
10,842,0
10,847,0
10,872,0
10,918,0
10,993,0
10,1206,0
10,1207,0
10,1248,0
10,1355,0
10,1621,0
10,1710,0
11,12,0
11,13,0
11,15,0
11,17,0
11,18,0
11,21,0
11,34,0
11,42,0
11,54,0
11,57,0
11,76,0
11,77,0
11,88,0
11,99,0
11,107,0
11,119,0
11,146,0
11,161,0
11,162,0
11,163,0
11,172,0
11,203,0
11,220,0
11,245,0
11,274,0
11,277,0
11,280,0
11,344,0
11,370,0
11,408,0
11,414,0
11,426,0
11,428,0
11,433,0
11,438,0
11,443,0
11,456,0
11,458,0
11,499,0
11,542,0
11,543,0
11,555,0
11,606,0
11,684,0
11,788,0
11,1671,0
11,1736,0
12,13,0
12,14,0
12,17,0
12,18,0
12,34,0
12,42,0
12,54,0
12,57,0
12,76,0
12,77,0
12,88,0
12,107,0
12,119,0
12,161,0
12,180,0
12,220,0
12,274,0
12,414,0
12,433,0
12,443,0
12,456,0
12,458,0
12,566,0
12,788,0
12,1671,0
12,1736,0
13,16,0
13,18,0
13,19,0
13,23,0
13,27,0
13,31,0
13,34,0
13,37,0
13,39,0
13,40,0
13,42,0
13,57,0
13,76,0
13,85,0
13,90,0
13,95,0
13,99,0
13,107,0
13,108,0
13,114,0
13,119,0
13,128,0
13,129,0
13,130,0
13,147,0
13,152,0
13,161,0
13,173,0
13,180,0
13,195,0
13,198,0
13,204,0
13,220,0
13,221,0
13,249,0
13,274,0
13,299,0
13,302,0
13,313,0
13,375,0
13,414,0
13,423,0
13,433,0
13,443,0
13,473,0
13,788,0
13,919,0
13,920,0
13,975,0
13,1174,0
13,1345,0
13,1496,0
13,1662,0
13,1736,0
14,18,0
14,22,0
14,23,0
14,27,0
14,30,0
14,41,0
14,43,0
14,46,0
14,59,0
14,74,0
14,75,0
14,80,0
14,84,0
14,91,0
14,104,0
14,120,0
14,121,0
14,123,0
14,124,0
14,147,0
14,153,0
14,169,0
14,213,0
14,221,0
14,224,0
14,244,0
14,294,0
14,319,0
14,391,0
14,460,0
14,488,0
14,576,0
14,649,0
14,692,0
14,737,0
14,774,0
14,913,0
14,978,0
14,1013,0
14,1088,0
14,1226,0
14,1242,0
14,1657,0
15,23,0
15,29,0
15,36,0
15,37,0
15,46,0
15,48,0
15,54,0
15,61,0
15,67,0
15,68,0
15,69,0
15,70,0
15,71,0
15,72,0
15,77,0
15,81,0
15,83,0
15,86,0
15,89,0
15,90,0
15,92,0
15,93,0
15,100,0
15,102,0
15,108,0
15,151,0
15,167,0
15,186,0
15,187,0
15,196,0
15,205,0
15,231,0
15,232,0
15,246,0
15,282,0
15,290,0
15,292,0
15,311,0
15,396,0
15,401,0
15,425,0
15,429,0
15,447,0
15,457,0
15,506,0
15,513,0
15,518,0
15,540,0
15,593,0
15,635,0
15,739,0
15,740,0
15,757,0
15,766,0
15,880,0
15,924,0
15,998,0
15,1130,0
15,1175,0
15,1196,0
15,1366,0
15,1367,0
15,1396,0
15,1548,0
15,1557,0
15,1729,0
16,17,0
16,22,0
16,25,0
16,34,0
16,68,0
16,99,0
16,107,0
16,162,0
16,163,0
16,203,0
16,212,0
16,362,0
16,363,0
16,406,0
16,442,0
16,445,0
16,490,0
16,602,0
16,667,0
16,845,0
16,876,0
16,925,0
16,1015,0
16,1310,0
16,1329,0
16,1444,0
16,1445,0
17,19,0
17,20,0
17,22,0
17,23,0
17,24,0
17,27,0
17,29,0
17,35,0
17,37,0
17,38,0
17,41,0
17,55,0
17,57,0
17,68,0
17,80,0
17,91,0
17,99,0
17,108,0
17,110,0
17,117,0
17,119,0
17,127,0
17,132,0
17,146,0
17,150,0
17,167,0
17,176,0
17,196,0
17,217,0
17,219,0
17,225,0
17,241,0
17,244,0
17,249,0
17,257,0
17,267,0
17,279,0
17,284,0
17,303,0
17,340,0
17,351,0
17,353,0
17,374,0
17,390,0
17,406,0
17,411,0
17,421,0
17,439,0
17,445,0
17,446,0
17,457,0
17,458,0
17,464,0
17,481,0
17,483,0
17,486,0
17,540,0
17,570,0
17,613,0
17,622,0
17,627,0
17,701,0
17,721,0
17,729,0
17,730,0
17,734,0
17,737,0
17,756,0
17,807,0
17,818,0
17,873,0
17,972,0
17,1002,0
17,1068,0
17,1072,0
17,1100,0
17,1108,0
17,1153,0
17,1206,0
17,1207,0
17,1241,0
17,1284,0
17,1318,0
17,1358,0
17,1379,0
17,1383,0
17,1478,0
17,1488,0
17,1579,0
17,1598,0
17,1607,0
17,1723,0
18,20,0
18,22,0
18,23,0
18,29,0
18,30,0
18,31,0
18,45,0
18,75,0
18,91,0
18,99,0
18,122,0
18,124,0
18,130,0
18,146,0
18,158,0
18,159,0
18,164,0
18,219,0
18,221,0
18,229,0
18,244,0
18,250,0
18,269,0
18,448,0
18,535,0
18,690,0
18,844,0
18,1009,0
18,1178,0
18,1248,0
19,20,0
19,22,0
19,24,0
19,25,0
19,27,0
19,28,0
19,29,0
19,31,0
19,34,0
19,35,0
19,38,0
19,39,0
19,41,0
19,42,0
19,55,0
19,63,0
19,68,0
19,73,0
19,74,0
19,75,0
19,78,0
19,84,0
19,85,0
19,91,0
19,104,0
19,114,0
19,128,0
19,129,0
19,132,0
19,151,0
19,164,0
19,165,0
19,169,0
19,176,0
19,177,0
19,195,0
19,214,0
19,219,0
19,221,0
19,225,0
19,232,0
19,249,0
19,250,0
19,255,0
19,266,0
19,279,0
19,292,0
19,294,0
19,314,0
19,315,0
19,330,0
19,331,0
19,341,0
19,342,0
19,345,0
19,378,0
19,394,0
19,406,0
19,427,0
19,460,0
19,461,0
19,462,0
19,467,0
19,503,0
19,507,0
19,647,0
19,649,0
19,707,0
19,732,0
19,767,0
19,770,0
19,771,0
19,782,0
19,811,0
19,835,0
19,838,0
19,886,0
19,887,0
19,894,0
19,926,0
19,929,0
19,960,0
19,974,0
19,982,0
19,994,0
19,1021,0
19,1024,0
19,1063,0
19,1097,0
19,1115,0
19,1137,0
19,1183,0
19,1192,0
19,1272,0
19,1371,0
19,1375,0
19,1453,0
19,1459,0
19,1467,0
19,1521,0
19,1553,0
20,22,0
20,28,0
20,29,0
20,34,0
20,58,0
20,72,0
20,74,0
20,75,0
20,77,0
20,82,0
20,96,0
20,102,0
20,103,0
20,111,0
20,127,0
20,142,0
20,151,0
20,164,0
20,176,0
20,177,0
20,184,0
20,188,0
20,212,0
20,213,0
20,217,0
20,221,0
20,255,0
20,262,0
20,294,0
20,379,0
20,391,0
20,394,0
20,406,0
20,421,0
20,435,0
20,449,0
20,492,0
20,503,0
20,513,0
20,550,0
20,551,0
20,562,0
20,581,0
20,662,0
20,776,0
20,820,0
20,822,0
20,1032,0
20,1100,0
20,1108,0
20,1208,0
20,1215,0
20,1450,0
20,1584,0
20,1752,0
20,1767,0
21,24,0
21,27,0
21,29,0
21,31,0
21,34,0
21,42,0
21,52,0
21,56,0
21,67,0
21,99,0
21,135,0
21,139,0
21,140,0
21,147,0
21,155,0
21,164,0
21,166,0
21,180,0
21,207,0
21,214,0
21,221,0
21,225,0
21,229,0
21,254,0
21,267,0
21,275,0
21,279,0
21,307,0
21,308,0
21,334,0
21,365,0
21,428,0
21,445,0
21,452,0
21,504,0
21,531,0
21,602,0
21,652,0
21,664,0
21,766,0
21,788,0
21,1194,0
21,1241,0
21,1443,0
21,1624,0
22,25,0
22,30,0
22,32,0
22,37,0
22,38,0
22,41,0
22,51,0
22,60,0
22,63,0
22,64,0
22,75,0
22,84,0
22,90,0
22,99,0
22,102,0
22,104,0
22,108,0
22,111,0
22,123,0
22,133,0
22,142,0
22,165,0
22,167,0
22,184,0
22,196,0
22,206,0
22,208,0
22,212,0
22,213,0
22,215,0
22,216,0
22,217,0
22,225,0
22,240,0
22,244,0
22,245,0
22,275,0
22,315,0
22,332,0
22,334,0
22,367,0
22,383,0
22,387,0
22,442,0
22,457,0
22,490,0
22,512,0
22,526,0
22,538,0
22,576,0
22,615,0
22,632,0
22,633,0
22,641,0
22,757,0
22,777,0
22,806,0
22,824,0
22,1009,0
22,1165,0
22,1226,0
22,1287,0
22,1352,0
22,1438,0
22,1528,0
22,1545,0
22,1632,0
22,1691,0
22,1728,0
23,27,0
23,32,0
23,35,0
23,41,0
23,43,0
23,46,0
23,48,0
23,54,0
23,57,0
23,59,0
23,60,0
23,81,0
23,90,0
23,99,0
23,104,0
23,112,0
23,113,0
23,120,0
23,121,0
23,124,0
23,125,0
23,126,0
23,141,0
23,161,0
23,169,0
23,176,0
23,196,0
23,219,0
23,221,0
23,251,0
23,257,0
23,290,0
23,303,0
23,319,0
23,328,0
23,368,0
23,404,0
23,407,0
23,411,0
23,434,0
23,482,0
23,490,0
23,524,0
23,574,0
23,670,0
23,677,0
23,695,0
23,737,0
23,811,0
23,827,0
23,828,0
23,920,0
23,987,0
23,1227,0
23,1396,0
23,1484,0
24,27,0
24,28,0
24,29,0
24,31,0
24,34,0
24,35,0
24,37,0
24,38,0
24,39,0
24,40,0
24,45,0
24,49,0
24,50,0
24,52,0
24,53,0
24,60,0
24,67,0
24,75,0
24,82,0
24,105,0
24,106,0
24,107,0
24,114,0
24,126,0
24,128,0
24,129,0
24,130,0
24,164,0
24,165,0
24,167,0
24,180,0
24,191,0
24,195,0
24,203,0
24,221,0
24,222,0
24,267,0
24,268,0
24,273,0
24,280,0
24,281,0
24,314,0
24,315,0
24,333,0
24,334,0
24,335,0
24,351,0
24,372,0
24,374,0
24,406,0
24,432,0
24,472,0
24,498,0
24,558,0
24,594,0
24,639,0
24,640,0
24,656,0
24,664,0
24,742,0
24,759,0
24,793,0
24,794,0
24,799,0
24,912,0
24,982,0
24,1078,0
24,1131,0
24,1182,0
24,1191,0
24,1255,0
24,1389,0
24,1421,0
24,1494,0
24,1615,0
24,1640,0
24,1716,0
25,27,0
25,28,0
25,38,0
25,42,0
25,51,0
25,55,0
25,63,0
25,64,0
25,66,0
25,75,0
25,82,0
25,87,0
25,96,0
25,99,0
25,108,0
25,109,0
25,111,0
25,114,0
25,142,0
25,145,0
25,177,0
25,183,0
25,184,0
25,200,0
25,206,0
25,211,0
25,225,0
25,230,0
25,245,0
25,246,0
25,268,0
25,280,0
25,379,0
25,390,0
25,455,0
25,463,0
25,464,0
25,490,0
25,545,0
25,743,0
25,799,0
25,848,0
25,885,0
25,984,0
25,1165,0
25,1527,0
25,1606,0
26,33,0
26,44,0
26,45,0
26,60,0
26,116,0
26,134,0
26,156,0
26,182,0
26,194,0
26,253,0
26,258,0
26,270,0
26,322,0
26,369,0
26,415,0
26,451,0
26,567,0
26,614,0
26,751,0
26,752,0
26,769,0
26,800,0
26,856,0
26,1053,0
26,1103,0
26,1373,0
26,1448,0
26,1724,0
26,1758,0
27,29,0
27,31,0
27,32,0
27,34,0
27,35,0
27,38,0
27,40,0
27,41,0
27,42,0
27,43,0
27,46,0
27,52,0
27,54,0
27,56,0
27,57,0
27,59,0
27,60,0
27,65,0
27,73,0
27,75,0
27,78,0
27,90,0
27,99,0
27,102,0
27,125,0
27,128,0
27,129,0
27,146,0
27,147,0
27,153,0
27,160,0
27,164,0
27,165,0
27,176,0
27,191,0
27,195,0
27,221,0
27,222,0
27,224,0
27,232,0
27,234,0
27,245,0
27,249,0
27,250,0
27,268,0
27,279,0
27,285,0
27,292,0
27,305,0
27,319,0
27,358,0
27,409,0
27,442,0
27,455,0
27,463,0
27,482,0
27,489,0
27,497,0
27,560,0
27,574,0
27,585,0
27,603,0
27,604,0
27,608,0
27,617,0
27,618,0
27,666,0
27,693,0
27,736,0
27,770,0
27,771,0
27,783,0
27,784,0
27,789,0
27,811,0
27,916,0
27,952,0
27,978,0
27,988,0
27,1014,0
27,1146,0
27,1152,0
27,1193,0
27,1261,0
27,1397,0
27,1458,0
27,1609,0
27,1645,0
27,1715,0
27,1745,0
28,29,0
28,35,0
28,42,0
28,51,0
28,66,0
28,87,0
28,96,0
28,132,0
28,178,0
28,225,0
28,321,0
28,350,0
28,372,0
28,455,0
28,460,0
28,801,0
28,984,0
28,1131,0
28,1137,0
28,1606,0
29,31,0
29,34,0
29,35,0
29,39,0
29,40,0
29,46,0
29,52,0
29,53,0
29,54,0
29,63,0
29,67,0
29,73,0
29,75,0
29,78,0
29,107,0
29,120,0
29,128,0
29,129,0
29,131,0
29,147,0
29,160,0
29,164,0
29,165,0
29,170,0
29,195,0
29,213,0
29,215,0
29,222,0
29,247,0
29,249,0
29,256,0
29,257,0
29,273,0
29,276,0
29,277,0
29,278,0
29,292,0
29,311,0
29,315,0
29,328,0
29,333,0
29,351,0
29,354,0
29,362,0
29,363,0
29,366,0
29,367,0
29,389,0
29,404,0
29,449,0
29,460,0
29,472,0
29,497,0
29,498,0
29,527,0
29,608,0
29,617,0
29,618,0
29,638,0
29,661,0
29,672,0
29,695,0
29,729,0
29,771,0
29,782,0
29,812,0
29,833,0
29,893,0
29,895,0
29,901,0
29,903,0
29,912,0
29,932,0
29,952,0
29,966,0
29,1029,0
29,1112,0
29,1137,0
29,1152,0
29,1180,0
29,1260,0
29,1287,0
29,1350,0
29,1351,0
29,1397,0
29,1407,0
29,1480,0
29,1501,0
29,1529,0
29,1556,0
29,1711,0
29,1733,0
30,48,0
30,75,0
30,91,0
30,123,0
30,124,0
30,221,0
30,244,0
30,692,0
30,913,0
30,1226,0
31,35,0
31,37,0
31,39,0
31,40,0
31,56,0
31,62,0
31,67,0
31,73,0
31,79,0
31,80,0
31,107,0
31,111,0
31,115,0
31,122,0
31,142,0
31,164,0
31,174,0
31,177,0
31,183,0
31,199,0
31,213,0
31,248,0
31,292,0
31,293,0
31,294,0
31,304,0
31,326,0
31,376,0
31,405,0
31,463,0
31,507,0
31,564,0
31,579,0
31,754,0
31,985,0
31,986,0
31,1122,0
31,1345,0
31,1376,0
31,1418,0
31,1486,0
31,1496,0
32,37,0
32,38,0
32,41,0
32,48,0
32,63,0
32,65,0
32,84,0
32,98,0
32,99,0
32,104,0
32,108,0
32,124,0
32,141,0
32,161,0
32,249,0
32,255,0
32,261,0
32,293,0
32,312,0
32,361,0
32,435,0
32,477,0
32,517,0
32,568,0
32,649,0
32,698,0
32,730,0
32,733,0
32,760,0
32,792,0
32,1325,0
33,44,0
33,45,0
33,60,0
33,134,0
33,156,0
33,181,0
33,182,0
33,194,0
33,198,0
33,253,0
33,258,0
33,270,0
33,298,0
33,415,0
33,451,0
33,567,0
33,614,0
33,718,0
33,769,0
33,1649,0
33,1650,0
33,1758,0
34,35,0
34,39,0
34,40,0
34,50,0
34,52,0
34,53,0
34,60,0
34,67,0
34,72,0
34,75,0
34,76,0
34,78,0
34,83,0
34,85,0
34,107,0
34,114,0
34,116,0
34,126,0
34,128,0
34,129,0
34,130,0
34,147,0
34,148,0
34,152,0
34,164,0
34,165,0
34,170,0
34,192,0
34,194,0
34,198,0
34,204,0
34,220,0
34,221,0
34,249,0
34,256,0
34,257,0
34,276,0
34,277,0
34,278,0
34,302,0
34,309,0
34,345,0
34,354,0
34,362,0
34,363,0
34,367,0
34,423,0
34,435,0
34,497,0
34,574,0
34,602,0
34,614,0
34,617,0
34,618,0
34,667,0
34,816,0
34,819,0
34,822,0
34,836,0
34,837,0
34,868,0
34,982,0
34,1000,0
34,1048,0
34,1111,0
34,1133,0
34,1134,0
34,1201,0
34,1224,0
34,1350,0
34,1351,0
34,1432,0
34,1711,0
35,37,0
35,38,0
35,39,0
35,40,0
35,48,0
35,49,0
35,50,0
35,52,0
35,53,0
35,54,0
35,57,0
35,60,0
35,67,0
35,73,0
35,75,0
35,78,0
35,82,0
35,99,0
35,105,0
35,106,0
35,107,0
35,112,0
35,128,0
35,131,0
35,161,0
35,164,0
35,165,0
35,170,0
35,176,0
35,213,0
35,216,0
35,222,0
35,230,0
35,256,0
35,257,0
35,267,0
35,273,0
35,276,0
35,277,0
35,278,0
35,281,0
35,318,0
35,333,0
35,334,0
35,351,0
35,354,0
35,372,0
35,373,0
35,406,0
35,457,0
35,460,0
35,472,0
35,498,0
35,531,0
35,594,0
35,604,0
35,631,0
35,638,0
35,668,0
35,677,0
35,695,0
35,699,0
35,729,0
35,731,0
35,812,0
35,903,0
35,912,0
35,1006,0
35,1007,0
35,1116,0
35,1137,0
35,1156,0
35,1201,0
35,1216,0
35,1245,0
35,1407,0
35,1426,0
35,1709,0
36,37,0
36,48,0
36,61,0
36,68,0
36,81,0
36,86,0
36,102,0
36,108,0
36,187,0
36,225,0
36,231,0
36,232,0
36,246,0
36,266,0
36,292,0
36,294,0
36,311,0
36,341,0
36,355,0
36,365,0
36,483,0
36,497,0
36,501,0
36,518,0
36,546,0
36,574,0
36,634,0
36,635,0
36,834,0
36,992,0
36,1175,0
37,38,0
37,48,0
37,49,0
37,50,0
37,57,0
37,59,0
37,67,0
37,71,0
37,72,0
37,75,0
37,94,0
37,95,0
37,105,0
37,107,0
37,108,0
37,117,0
37,157,0
37,158,0
37,159,0
37,172,0
37,180,0
37,201,0
37,203,0
37,221,0
37,222,0
37,239,0
37,261,0
37,279,0
37,284,0
37,307,0
37,314,0
37,336,0
37,351,0
37,371,0
37,444,0
37,481,0
37,483,0
37,486,0
37,490,0
37,533,0
37,534,0
37,547,0
37,601,0
37,632,0
37,652,0
37,668,0
37,674,0
37,704,0
37,714,0
37,730,0
37,742,0
37,778,0
37,781,0
37,909,0
37,975,0
37,1009,0
37,1063,0
37,1075,0
37,1209,0
37,1282,0
37,1302,0
37,1372,0
37,1544,0
37,1674,0
38,49,0
38,50,0
38,52,0
38,53,0
38,66,0
38,78,0
38,105,0
38,106,0
38,108,0
38,117,0
38,133,0
38,167,0
38,180,0
38,200,0
38,222,0
38,230,0
38,279,0
38,280,0
38,281,0
38,284,0
38,301,0
38,351,0
38,372,0
38,483,0
38,486,0
38,523,0
38,594,0
38,632,0
38,633,0
38,730,0
38,793,0
38,794,0
38,826,0
38,885,0
38,1009,0
38,1028,0
38,1426,0
38,1488,0
39,40,0
39,50,0
39,52,0
39,53,0
39,55,0
39,67,0
39,73,0
39,75,0
39,76,0
39,106,0
39,107,0
39,115,0
39,123,0
39,128,0
39,152,0
39,165,0
39,195,0
39,210,0
39,213,0
39,273,0
39,372,0
39,373,0
39,440,0
39,472,0
39,498,0
39,526,0
39,601,0
39,753,0
39,799,0
39,914,0
39,1162,0
39,1246,0
39,1257,0
39,1414,0
39,1563,0
39,1698,0
39,1699,0
40,49,0
40,50,0
40,52,0
40,53,0
40,67,0
40,73,0
40,75,0
40,76,0
40,85,0
40,107,0
40,114,0
40,115,0
40,128,0
40,129,0
40,135,0
40,136,0
40,160,0
40,164,0
40,165,0
40,195,0
40,213,0
40,233,0
40,234,0
40,249,0
40,273,0
40,287,0
40,297,0
40,318,0
40,357,0
40,388,0
40,444,0
40,472,0
40,498,0
40,541,0
40,589,0
40,790,0
40,1337,0
40,1563,0
41,48,0
41,75,0
41,80,0
41,84,0
41,91,0
41,98,0
41,151,0
41,161,0
41,165,0
41,214,0
41,224,0
41,250,0
41,251,0
41,257,0
41,294,0
41,306,0
41,358,0
41,570,0
41,631,0
41,733,0
41,774,0
41,786,0
41,811,0
41,1138,0
41,1334,0
42,55,0
42,60,0
42,82,0
42,88,0
42,96,0
42,107,0
42,132,0
42,139,0
42,140,0
42,160,0
42,162,0
42,165,0
42,178,0
42,199,0
42,229,0
42,283,0
42,307,0
42,329,0
42,345,0
42,357,0
42,365,0
42,370,0
42,382,0
42,414,0
42,452,0
42,486,0
42,557,0
42,581,0
42,586,0
42,643,0
42,666,0
42,678,0
42,765,0
42,775,0
42,798,0
42,1151,0
42,1152,0
42,1184,0
42,1251,0
42,1294,0
42,1328,0
42,1397,0
42,1532,0
42,1539,0
42,1575,0
42,1624,0
42,1636,0
42,1674,0
43,59,0
43,65,0
43,104,0
43,121,0
43,124,0
43,125,0
43,153,0
43,221,0
43,229,0
43,232,0
43,334,0
43,488,0
43,558,0
43,997,0
43,1095,0
43,1143,0
43,1332,0
43,1739,0
44,45,0
44,134,0
44,156,0
44,181,0
44,182,0
44,194,0
44,197,0
44,198,0
44,253,0
44,258,0
44,272,0
44,298,0
44,369,0
44,415,0
44,653,0
44,769,0
44,787,0
44,1589,0
45,47,0
45,60,0
45,134,0
45,156,0
45,182,0
45,194,0
45,253,0
45,258,0
45,272,0
45,309,0
45,369,0
45,415,0
45,769,0
45,787,0
45,1123,0
45,1182,0
45,1266,0
45,1355,0
45,1401,0
45,1589,0
45,1623,0
45,1741,0
46,48,0
46,54,0
46,59,0
46,90,0
46,92,0
46,93,0
46,96,0
46,97,0
46,120,0
46,121,0
46,148,0
46,169,0
46,192,0
46,193,0
46,195,0
46,209,0
46,218,0
46,219,0
46,224,0
46,229,0
46,232,0
46,249,0
46,255,0
46,339,0
46,447,0
46,469,0
46,482,0
46,569,0
46,585,0
46,661,0
46,708,0
46,805,0
46,865,0
46,952,0
46,1030,0
46,1088,0
46,1132,0
46,1242,0
46,1484,0
47,202,0
47,271,0
47,272,0
47,316,0
47,317,0
47,322,0
47,323,0
47,324,0
47,325,0
47,335,0
47,337,0
47,360,0
47,392,0
47,393,0
47,575,0
47,587,0
47,687,0
47,691,0
47,712,0
47,713,0
47,749,0
47,750,0
47,780,0
47,787,0
47,810,0
47,892,0
47,1005,0
47,1053,0
47,1054,0
47,1080,0
47,1081,0
47,1266,0
47,1270,0
47,1355,0
47,1487,0
47,1625,0
47,1706,0
47,1760,0
47,1772,0
48,65,0
48,91,0
48,98,0
48,104,0
48,124,0
48,141,0
48,161,0
48,176,0
48,250,0
48,251,0
48,292,0
48,306,0
48,361,0
48,407,0
48,604,0
48,677,0
48,692,0
48,737,0
48,792,0
49,50,0
49,52,0
49,53,0
49,105,0
49,106,0
49,131,0
49,203,0
49,281,0
49,319,0
49,333,0
49,334,0
49,351,0
49,373,0
49,441,0
49,444,0
49,452,0
49,573,0
49,582,0
49,586,0
49,594,0
49,601,0
49,656,0
49,674,0
49,714,0
49,778,0
49,799,0
49,840,0
49,841,0
49,912,0
49,1173,0
49,1374,0
49,1447,0
49,1477,0
49,1712,0
50,52,0
50,53,0
50,105,0
50,106,0
50,107,0
50,131,0
50,203,0
50,216,0
50,281,0
50,333,0
50,351,0
50,373,0
50,573,0
50,582,0
50,586,0
50,638,0
50,656,0
50,674,0
50,778,0
50,912,0
50,1374,0
51,55,0
51,66,0
51,82,0
51,87,0
51,96,0
51,109,0
51,142,0
51,177,0
51,183,0
51,184,0
51,225,0
51,280,0
51,455,0
51,743,0
51,885,0
51,1073,0
51,1074,0
51,1165,0
52,53,0
52,67,0
52,78,0
52,105,0
52,106,0
52,107,0
52,128,0
52,131,0
52,164,0
52,165,0
52,247,0
52,249,0
52,273,0
52,333,0
52,334,0
52,351,0
52,372,0
52,373,0
52,449,0
52,472,0
52,498,0
52,604,0
52,608,0
52,638,0
52,695,0
52,699,0
52,729,0
52,1377,0
52,1378,0
52,1480,0
53,78,0
53,107,0
53,131,0
53,216,0
53,351,0
53,372,0
53,638,0
53,695,0
53,729,0
54,60,0
54,81,0
54,92,0
54,93,0
54,97,0
54,112,0
54,120,0
54,165,0
54,196,0
54,218,0
54,219,0
54,229,0
54,259,0
54,290,0
54,319,0
54,326,0
54,327,0
54,328,0
54,334,0
54,365,0
54,367,0
54,401,0
54,404,0
54,411,0
54,426,0
54,457,0
54,481,0
54,505,0
54,509,0
54,524,0
54,631,0
54,663,0
54,802,0
54,805,0
54,1029,0
54,1112,0
54,1127,0
54,1156,0
54,1396,0
54,1484,0
54,1666,0
55,58,0
55,74,0
55,75,0
55,81,0
55,87,0
55,99,0
55,177,0
55,217,0
55,233,0
55,250,0
55,267,0
55,269,0
55,279,0
55,351,0
55,394,0
55,446,0
55,604,0
55,855,0
55,972,0
55,1292,0
55,1316,0
55,1530,0
56,67,0
56,107,0
56,135,0
56,139,0
56,140,0
56,154,0
56,164,0
56,213,0
56,531,0
56,652,0
56,766,0
56,789,0
56,1443,0
56,1446,0
57,77,0
57,107,0
57,108,0
57,119,0
57,180,0
57,210,0
57,221,0
57,223,0
57,252,0
57,263,0
57,265,0
57,274,0
57,279,0
57,280,0
57,339,0
57,340,0
57,342,0
57,356,0
57,357,0
57,403,0
57,412,0
57,413,0
57,418,0
57,437,0
57,556,0
57,561,0
57,612,0
57,613,0
57,758,0
57,778,0
57,891,0
57,1075,0
57,1242,0
57,1306,0
58,84,0
58,118,0
58,183,0
58,188,0
58,217,0
58,236,0
58,268,0
58,287,0
58,336,0
58,340,0
58,416,0
58,568,0
58,665,0
58,731,0
58,763,0
58,781,0
58,865,0
58,869,0
58,960,0
58,1533,0
58,1730,0
59,65,0
59,98,0
59,99,0
59,120,0
59,121,0
59,124,0
59,125,0
59,141,0
59,153,0
59,169,0
59,191,0
59,203,0
59,237,0
59,251,0
59,261,0
59,312,0
59,334,0
59,378,0
59,390,0
59,488,0
59,517,0
59,553,0
59,636,0
59,649,0
59,770,0
59,839,0
59,865,0
59,1088,0
59,1242,0
59,1282,0
59,1293,0
59,1316,0
59,1372,0
59,1693,0
60,112,0
60,116,0
60,126,0
60,134,0
60,156,0
60,165,0
60,167,0
60,194,0
60,220,0
60,240,0
60,270,0
60,309,0
60,310,0
60,335,0
60,415,0
60,457,0
60,567,0
60,609,0
60,614,0
60,631,0
60,712,0
60,878,0
60,879,0
60,938,0
60,959,0
60,1078,0
60,1151,0
60,1156,0
60,1189,0
60,1210,0
60,1597,0
60,1634,0
60,1694,0
60,1716,0
61,68,0
61,81,0
61,86,0
61,125,0
61,186,0
61,187,0
61,192,0
61,231,0
61,327,0
61,546,0
61,771,0
61,948,0
61,1390,0
62,73,0
62,79,0
62,80,0
62,111,0
62,115,0
62,122,0
62,142,0
62,164,0
62,174,0
62,183,0
62,199,0
62,205,0
62,247,0
62,248,0
62,293,0
62,294,0
62,449,0
62,646,0
62,1418,0
63,64,0
63,74,0
63,111,0
63,123,0
63,142,0
63,145,0
63,148,0
63,184,0
63,206,0
63,215,0
63,255,0
63,287,0
63,292,0
63,293,0
63,311,0
63,315,0
63,435,0
63,469,0
63,517,0
63,527,0
63,568,0
63,596,0
63,597,0
63,608,0
63,615,0
63,714,0
63,765,0
63,833,0
63,834,0
63,895,0
63,926,0
63,987,0
63,1033,0
63,1060,0
63,1061,0
63,1066,0
63,1067,0
63,1114,0
63,1119,0
63,1139,0
63,1180,0
63,1309,0
63,1371,0
64,104,0
64,111,0
64,123,0
64,142,0
64,145,0
64,184,0
64,206,0
64,236,0
64,315,0
64,359,0
64,420,0
64,560,0
64,615,0
64,1037,0
64,1119,0
64,1135,0
64,1600,0
64,1601,0
65,98,0
65,124,0
65,141,0
65,153,0
65,176,0
65,237,0
65,250,0
65,251,0
65,361,0
65,366,0
65,367,0
65,407,0
65,792,0
65,1094,0
65,1693,0
66,82,0
66,96,0
66,109,0
66,183,0
66,225,0
66,245,0
66,280,0
66,455,0
66,984,0
66,1606,0
67,75,0
67,86,0
67,107,0
67,135,0
67,161,0
67,164,0
67,166,0
67,196,0
67,221,0
67,225,0
67,261,0
67,267,0
67,273,0
67,374,0
67,472,0
67,498,0
67,531,0
67,652,0
67,668,0
67,714,0
67,742,0
67,766,0
67,799,0
67,822,0
67,1443,0
67,1519,0
68,71,0
68,72,0
68,81,0
68,86,0
68,100,0
68,101,0
68,102,0
68,104,0
68,125,0
68,151,0
68,154,0
68,186,0
68,187,0
68,207,0
68,232,0
68,246,0
68,266,0
68,292,0
68,294,0
68,341,0
68,355,0
68,365,0
68,378,0
68,427,0
68,429,0
68,445,0
68,448,0
68,467,0
68,581,0
68,635,0
68,642,0
68,761,0
68,765,0
68,802,0
68,815,0
68,821,0
68,900,0
68,918,0
68,937,0
68,983,0
68,1030,0
68,1225,0
68,1311,0
68,1525,0
68,1553,0
69,70,0
69,86,0
69,89,0
69,205,0
70,86,0
70,89,0
70,104,0
70,205,0
70,238,0
70,266,0
70,744,0
71,72,0
71,77,0
71,83,0
71,102,0
71,103,0
71,108,0
71,151,0
71,186,0
71,187,0
71,225,0
71,232,0
71,391,0
71,482,0
71,497,0
71,546,0
71,736,0
71,915,0
71,1092,0
71,1198,0
71,1269,0
72,77,0
72,81,0
72,83,0
72,91,0
72,102,0
72,103,0
72,108,0
72,148,0
72,151,0
72,154,0
72,164,0
72,186,0
72,187,0
72,225,0
72,243,0
72,246,0
72,292,0
72,341,0
72,345,0
72,427,0
72,467,0
72,497,0
72,513,0
72,517,0
72,532,0
72,553,0
72,558,0
72,562,0
72,821,0
72,864,0
72,880,0
72,924,0
72,1092,0
72,1311,0
72,1646,0
73,107,0
73,200,0
73,205,0
73,212,0
73,213,0
73,405,0
73,449,0
73,527,0
73,646,0
73,661,0
73,1159,0
74,214,0
74,217,0
74,221,0
74,224,0
74,250,0
74,267,0
74,364,0
74,391,0
74,394,0
74,461,0
74,613,0
74,683,0
74,704,0
74,926,0
74,960,0
74,1013,0
74,1283,0
74,1371,0
74,1734,0
75,85,0
75,99,0
75,124,0
75,128,0
75,160,0
75,164,0
75,165,0
75,195,0
75,221,0
75,302,0
75,306,0
75,359,0
75,431,0
75,449,0
75,482,0
75,489,0
75,563,0
75,570,0
75,592,0
75,629,0
75,631,0
75,636,0
75,666,0
75,668,0
75,1028,0
75,1181,0
75,1291,0
75,1631,0
76,85,0
76,88,0
76,119,0
76,128,0
76,129,0
76,130,0
76,152,0
76,195,0
76,249,0
76,313,0
76,630,0
77,83,0
77,88,0
77,91,0
77,102,0
77,103,0
77,151,0
77,162,0
77,225,0
77,246,0
77,292,0
77,293,0
77,344,0
77,345,0
77,414,0
77,427,0
77,456,0
77,469,0
77,484,0
77,485,0
77,497,0
77,513,0
77,545,0
77,552,0
77,562,0
77,566,0
77,571,0
77,585,0
77,637,0
77,648,0
77,661,0
77,689,0
77,726,0
77,757,0
77,880,0
77,924,0
77,956,0
77,1092,0
77,1175,0
78,131,0
78,164,0
78,170,0
78,195,0
78,211,0
78,230,0
78,256,0
78,257,0
78,276,0
78,277,0
78,278,0
78,279,0
78,318,0
78,351,0
78,354,0
78,372,0
78,473,0
78,531,0
78,729,0
78,793,0
78,794,0
78,812,0
78,885,0
78,903,0
78,912,0
78,1028,0
78,1115,0
78,1407,0
78,1422,0
79,80,0
79,122,0
79,174,0
79,199,0
79,248,0
79,1418,0
80,91,0
80,122,0
80,174,0
80,177,0
80,199,0
80,244,0
80,248,0
80,249,0
80,570,0
80,582,0
80,719,0
80,720,0
80,736,0
80,936,0
80,1171,0
80,1418,0
80,1431,0
80,1644,0
81,102,0
81,125,0
81,192,0
81,221,0
81,345,0
81,367,0
81,396,0
81,401,0
81,420,0
81,553,0
81,574,0
81,864,0
81,999,0
81,1557,0
81,1603,0
81,1621,0
82,109,0
82,111,0
82,118,0
82,142,0
82,145,0
82,168,0
82,184,0
82,211,0
82,224,0
82,226,0
82,245,0
82,320,0
82,332,0
82,372,0
82,379,0
82,455,0
82,557,0
82,642,0
82,693,0
82,776,0
82,857,0
82,885,0
82,1089,0
82,1166,0
83,91,0
83,96,0
83,102,0
83,103,0
83,141,0
83,148,0
83,151,0
83,186,0
83,187,0
83,225,0
83,294,0
83,341,0
83,493,0
83,497,0
83,545,0
83,596,0
83,822,0
84,147,0
84,224,0
84,287,0
84,294,0
84,460,0
84,716,0
84,731,0
84,774,0
84,824,0
84,865,0
84,1617,0
85,119,0
85,130,0
85,165,0
85,302,0
85,630,0
85,1662,0
86,89,0
86,100,0
86,196,0
86,231,0
86,506,0
86,1130,0
86,1196,0
86,1549,0
87,132,0
87,177,0
87,178,0
87,217,0
87,225,0
87,372,0
87,455,0
87,767,0
87,801,0
88,107,0
88,119,0
88,163,0
88,344,0
88,370,0
88,414,0
88,443,0
88,458,0
89,205,0
90,482,0
90,604,0
90,669,0
90,1548,0
91,124,0
91,151,0
91,214,0
91,219,0
91,244,0
91,249,0
91,250,0
91,257,0
91,570,0
92,93,0
92,97,0
92,120,0
92,121,0
92,169,0
92,192,0
93,97,0
93,120,0
93,121,0
93,169,0
93,192,0
93,447,0
94,95,0
94,105,0
94,157,0
94,203,0
94,239,0
94,275,0
94,473,0
94,535,0
94,573,0
94,582,0
94,586,0
94,652,0
94,700,0
94,704,0
94,826,0
95,105,0
95,157,0
95,203,0
95,239,0
95,473,0
95,535,0
95,652,0
95,700,0
95,704,0
96,109,0
96,141,0
96,225,0
96,294,0
96,339,0
96,463,0
96,464,0
96,493,0
96,545,0
96,569,0
96,596,0
96,661,0
96,820,0
96,865,0
96,952,0
96,1030,0
97,229,0
97,509,0
98,124,0
98,141,0
98,176,0
98,237,0
98,250,0
98,284,0
98,361,0
98,407,0
98,474,0
98,517,0
98,560,0
98,692,0
98,792,0
98,1038,0
98,1138,0
98,1334,0
98,1693,0
99,124,0
99,146,0
99,153,0
99,167,0
99,214,0
99,229,0
99,299,0
99,344,0
99,374,0
99,540,0
99,608,0
99,701,0
99,734,0
99,844,0
99,845,0
99,1316,0
100,101,0
100,154,0
100,155,0
100,167,0
100,205,0
100,254,0
100,255,0
100,334,0
100,425,0
100,483,0
100,506,0
100,702,0
100,744,0
101,144,0
101,154,0
101,155,0
101,205,0
101,254,0
101,425,0
101,447,0
101,506,0
101,744,0
101,1276,0
101,1387,0
101,1524,0
101,1717,0
102,103,0
102,104,0
102,114,0
102,151,0
102,225,0
102,246,0
102,254,0
102,295,0
102,379,0
102,429,0
102,455,0
102,469,0
102,513,0
102,562,0
102,574,0
102,765,0
102,815,0
102,861,0
102,880,0
102,907,0
102,908,0
102,924,0
102,1014,0
102,1170,0
102,1342,0
102,1566,0
103,151,0
103,225,0
103,513,0
103,562,0
104,111,0
104,113,0
104,115,0
104,121,0
104,124,0
104,141,0
104,144,0
104,154,0
104,155,0
104,176,0
104,177,0
104,188,0
104,205,0
104,209,0
104,232,0
104,236,0
104,238,0
104,246,0
104,250,0
104,255,0
104,260,0
104,266,0
104,288,0
104,289,0
104,292,0
104,345,0
104,358,0
104,359,0
104,361,0
104,379,0
104,420,0
104,425,0
104,429,0
104,461,0
104,471,0
104,480,0
104,500,0
104,524,0
104,527,0
104,560,0
104,568,0
104,569,0
104,571,0
104,572,0
104,574,0
104,580,0
104,607,0
104,608,0
104,661,0
104,744,0
104,815,0
104,861,0
104,864,0
104,877,0
104,942,0
104,974,0
104,1037,0
104,1124,0
104,1135,0
104,1190,0
104,1227,0
104,1549,0
104,1630,0
105,106,0
105,108,0
105,222,0
105,281,0
105,333,0
105,601,0
105,778,0
105,912,0
105,1174,0
105,1544,0
106,230,0
106,281,0
106,333,0
106,523,0
106,594,0
106,601,0
106,608,0
106,714,0
106,799,0
106,1101,0
106,1174,0
106,1176,0
106,1544,0
107,147,0
107,159,0
107,162,0
107,163,0
107,164,0
107,170,0
107,171,0
107,173,0
107,179,0
107,190,0
107,213,0
107,221,0
107,242,0
107,263,0
107,280,0
107,299,0
107,300,0
107,318,0
107,335,0
107,344,0
107,352,0
107,353,0
107,370,0
107,403,0
107,414,0
107,419,0
107,423,0
107,428,0
107,437,0
107,443,0
107,456,0
107,457,0
107,483,0
107,515,0
107,536,0
107,555,0
107,602,0
107,663,0
107,714,0
107,742,0
107,758,0
107,919,0
107,990,0
107,1121,0
108,157,0
108,164,0
108,172,0
108,180,0
108,210,0
108,223,0
108,279,0
108,339,0
108,340,0
108,356,0
108,357,0
108,365,0
108,384,0
108,400,0
108,430,0
108,437,0
108,483,0
108,490,0
108,564,0
108,612,0
108,613,0
108,650,0
108,694,0
108,711,0
108,755,0
109,110,0
109,118,0
109,150,0
109,178,0
109,205,0
109,211,0
109,226,0
109,455,0
109,557,0
109,604,0
109,801,0
109,885,0
110,118,0
110,150,0
110,178,0
110,206,0
110,303,0
110,361,0
110,382,0
110,411,0
110,439,0
110,445,0
110,564,0
110,756,0
110,833,0
110,1153,0
110,1193,0
110,1206,0
110,1259,0
110,1277,0
110,1383,0
111,121,0
111,123,0
111,142,0
111,145,0
111,146,0
111,168,0
111,174,0
111,183,0
111,184,0
111,188,0
111,206,0
111,232,0
111,246,0
111,288,0
111,294,0
111,315,0
111,341,0
111,379,0
111,558,0
111,571,0
111,574,0
111,608,0
111,615,0
111,771,0
111,822,0
111,934,0
111,1013,0
111,1030,0
111,1066,0
111,1119,0
111,1281,0
111,1470,0
111,1647,0
112,113,0
112,120,0
112,121,0
112,165,0
112,169,0
112,219,0
112,259,0
112,457,0
112,631,0
112,695,0
112,1156,0
113,120,0
113,121,0
113,169,0
113,219,0
113,259,0
113,695,0
113,1586,0
114,115,0
114,129,0
114,160,0
114,164,0
114,195,0
114,199,0
114,247,0
114,248,0
114,249,0
114,260,0
114,295,0
114,304,0
114,313,0
114,357,0
114,375,0
114,449,0
114,470,0
114,517,0
114,579,0
114,626,0
114,696,0
114,697,0
114,705,0
114,982,0
114,1016,0
114,1133,0
114,1160,0
114,1199,0
114,1200,0
114,1224,0
114,1737,0
115,160,0
115,164,0
115,177,0
115,195,0
115,209,0
115,247,0
115,255,0
115,294,0
115,304,0
115,315,0
115,449,0
115,459,0
115,470,0
115,471,0
115,528,0
115,537,0
115,558,0
115,568,0
115,569,0
115,608,0
115,647,0
115,659,0
115,660,0
115,732,0
115,822,0
115,866,0
115,877,0
115,1070,0
115,1160,0
115,1195,0
115,1417,0
115,1708,0
116,182,0
116,194,0
116,220,0
116,614,0
116,1078,0
116,1189,0
116,1694,0
117,123,0
117,133,0
117,196,0
117,279,0
117,284,0
117,301,0
117,319,0
117,401,0
117,486,0
117,819,0
117,826,0
117,989,0
118,150,0
118,178,0
118,211,0
118,557,0
118,604,0
119,274,0
119,277,0
119,433,0
119,443,0
120,121,0
120,169,0
120,219,0
120,259,0
120,482,0
120,544,0
120,768,0
120,785,0
120,839,0
120,991,0
120,1003,0
120,1088,0
120,1141,0
120,1242,0
121,146,0
121,147,0
121,169,0
121,219,0
121,259,0
121,390,0
121,482,0
121,665,0
121,808,0
121,982,0
121,1088,0
121,1242,0
121,1681,0
121,1702,0
122,1248,0
122,1489,0
122,1731,0
123,184,0
123,200,0
123,206,0
123,244,0
123,255,0
123,294,0
123,341,0
123,383,0
123,387,0
123,397,0
123,420,0
123,517,0
123,532,0
123,608,0
123,615,0
123,634,0
123,819,0
123,833,0
123,954,0
123,955,0
123,1069,0
123,1102,0
123,1166,0
123,1297,0
123,1465,0
123,1545,0
124,125,0
124,153,0
124,176,0
124,221,0
124,236,0
124,246,0
124,261,0
124,361,0
124,366,0
124,367,0
124,407,0
124,462,0
124,608,0
124,636,0
124,692,0
124,733,0
124,791,0
124,792,0
124,839,0
124,968,0
124,1094,0
124,1336,0
124,1339,0
124,1462,0
125,153,0
125,192,0
125,355,0
125,361,0
125,365,0
125,367,0
126,194,0
126,220,0
126,309,0
126,310,0
126,319,0
126,335,0
126,609,0
126,712,0
126,751,0
126,752,0
126,878,0
126,879,0
126,938,0
126,959,0
126,1052,0
126,1634,0
127,132,0
127,262,0
127,321,0
127,350,0
127,421,0
127,591,0
127,592,0
127,793,0
128,147,0
128,152,0
128,164,0
128,165,0
128,168,0
128,195,0
128,247,0
128,249,0
128,343,0
128,348,0
128,366,0
128,367,0
128,385,0
128,399,0
128,410,0
128,449,0
128,461,0
128,483,0
128,486,0
128,658,0
128,888,0
128,889,0
128,893,0
128,961,0
128,962,0
128,1323,0
128,1362,0
128,1389,0
128,1669,0
128,1684,0
129,164,0
129,180,0
129,192,0
129,195,0
129,198,0
129,249,0
129,271,0
129,272,0
129,289,0
129,309,0
129,310,0
129,313,0
129,375,0
129,398,0
129,413,0
129,417,0
129,532,0
129,565,0
129,566,0
129,588,0
129,597,0
129,616,0
129,621,0
129,791,0
129,796,0
129,832,0
129,937,0
129,969,0
129,982,0
129,1132,0
129,1172,0
129,1411,0
129,1432,0
129,1768,0
130,152,0
130,302,0
130,759,0
130,1191,0
131,351,0
132,225,0
132,321,0
132,350,0
132,372,0
133,196,0
133,319,0
133,401,0
133,716,0
133,814,0
133,1055,0
133,1640,0
133,1728,0
134,156,0
134,182,0
134,194,0
134,253,0
134,258,0
134,415,0
134,769,0
134,800,0
135,136,0
135,160,0
135,287,0
135,357,0
135,531,0
135,796,0
135,1443,0
136,160,0
136,287,0
136,357,0
136,796,0
137,138,0
137,191,0
137,203,0
137,528,0
137,639,0
137,640,0
137,656,0
137,1454,0
138,191,0
138,203,0
138,528,0
138,639,0
138,640,0
138,656,0
138,1454,0
139,140,0
139,219,0
139,264,0
139,275,0
139,283,0
139,296,0
139,299,0
139,318,0
139,382,0
139,387,0
139,402,0
139,477,0
139,557,0
139,581,0
139,643,0
139,665,0
139,709,0
139,775,0
139,874,0
139,875,0
139,1541,0
139,1674,0
140,219,0
140,264,0
140,267,0
140,283,0
140,775,0
140,801,0
140,1749,0
141,153,0
141,161,0
141,176,0
141,237,0
141,250,0
141,294,0
141,361,0
141,493,0
141,545,0
141,596,0
141,792,0
142,145,0
142,168,0
142,174,0
142,183,0
142,184,0
142,212,0
142,213,0
142,293,0
142,294,0
142,379,0
142,608,0
142,1013,0
142,1030,0
142,1066,0
142,1165,0
142,1281,0
143,144,0
143,189,0
143,338,0
143,360,0
143,525,0
143,724,0
143,731,0
143,911,0
143,1546,0
143,1753,0
144,154,0
144,155,0
144,189,0
144,246,0
144,315,0
144,338,0
144,360,0
144,461,0
144,480,0
144,525,0
144,580,0
144,607,0
144,724,0
144,729,0
144,731,0
144,735,0
144,762,0
144,825,0
144,911,0
144,1124,0
144,1190,0
144,1524,0
144,1663,0
144,1753,0
145,168,0
145,857,0
145,1322,0
145,1757,0
146,147,0
146,188,0
146,200,0
146,204,0
146,249,0
146,280,0
146,285,0
146,458,0
146,463,0
146,512,0
146,539,0
146,603,0
146,662,0
146,701,0
146,808,0
146,1331,0
146,1660,0
146,1689,0
146,1702,0
147,164,0
147,204,0
147,221,0
147,313,0
147,354,0
147,442,0
147,512,0
147,539,0
147,662,0
147,808,0
147,816,0
147,868,0
147,893,0
147,919,0
147,978,0
147,982,0
147,1000,0
147,1201,0
147,1638,0
147,1688,0
147,1689,0
147,1755,0
148,149,0
148,164,0
148,192,0
148,193,0
148,209,0
148,218,0
148,232,0
148,243,0
148,255,0
148,287,0
148,311,0
148,376,0
148,459,0
148,558,0
148,560,0
148,605,0
148,608,0
148,765,0
148,786,0
148,822,0
148,1202,0
148,1493,0
148,1725,0
149,243,0
149,266,0
149,294,0
149,311,0
149,315,0
149,413,0
149,459,0
149,608,0
149,733,0
149,865,0
149,950,0
149,1071,0
149,1076,0
149,1128,0
149,1231,0
149,1364,0
149,1493,0
150,178,0
150,389,0
150,993,0
151,214,0
151,225,0
151,246,0
151,250,0
151,497,0
151,513,0
151,562,0
151,880,0
151,924,0
151,1513,0
151,1543,0
152,302,0
153,334,0
153,361,0
154,155,0
154,185,0
154,207,0
154,232,0
154,246,0
154,260,0
154,289,0
154,292,0
154,311,0
154,345,0
154,349,0
154,396,0
154,429,0
154,435,0
154,461,0
154,480,0
154,500,0
154,517,0
154,527,0
154,532,0
154,571,0
154,572,0
154,580,0
154,607,0
154,661,0
154,735,0
154,825,0
154,861,0
154,942,0
154,1034,0
154,1036,0
154,1040,0
154,1041,0
154,1124,0
154,1190,0
154,1278,0
154,1300,0
154,1409,0
154,1479,0
155,207,0
155,246,0
155,254,0
155,266,0
155,315,0
155,461,0
155,480,0
155,580,0
155,607,0
155,735,0
155,771,0
155,825,0
155,1124,0
155,1190,0
156,270,0
156,415,0
156,567,0
156,614,0
156,1589,0
157,203,0
157,239,0
157,275,0
157,573,0
157,582,0
157,586,0
157,652,0
157,755,0
157,826,0
158,159,0
158,164,0
158,305,0
158,409,0
158,441,0
158,947,0
158,1083,0
158,1394,0
159,162,0
159,164,0
159,305,0
159,335,0
159,409,0
159,441,0
159,445,0
159,458,0
159,496,0
159,947,0
159,1083,0
159,1307,0
159,1394,0
159,1659,0
160,164,0
160,174,0
160,199,0
160,247,0
160,287,0
160,357,0
160,449,0
160,672,0
160,901,0
160,1636,0
161,169,0
161,176,0
161,221,0
161,261,0
161,292,0
161,294,0
161,303,0
161,604,0
161,677,0
161,692,0
161,791,0
161,813,0
162,163,0
162,164,0
162,277,0
162,299,0
162,344,0
162,414,0
162,428,0
162,433,0
162,555,0
162,672,0
162,673,0
162,912,0
162,1384,0
162,1615,0
162,1639,0
163,164,0
163,277,0
163,299,0
163,344,0
163,428,0
163,433,0
163,555,0
163,1384,0
164,165,0
164,189,0
164,195,0
164,213,0
164,221,0
164,247,0
164,249,0
164,255,0
164,299,0
164,338,0
164,341,0
164,354,0
164,428,0
164,433,0
164,441,0
164,487,0
164,555,0
164,816,0
164,868,0
164,1000,0
164,1008,0
164,1201,0
164,1338,0
164,1353,0
164,1608,0
164,1765,0
165,167,0
165,195,0
165,233,0
165,234,0
165,247,0
165,249,0
165,302,0
165,306,0
165,346,0
165,347,0
165,449,0
165,450,0
165,457,0
165,510,0
165,631,0
165,725,0
165,761,0
165,1151,0
165,1156,0
165,1597,0
165,1642,0
165,1643,0
165,1677,0
166,221,0
166,225,0
167,208,0
167,240,0
167,279,0
167,309,0
167,334,0
167,335,0
167,374,0
167,447,0
167,483,0
167,766,0
167,1488,0
167,1716,0
168,461,0
169,219,0
169,255,0
169,259,0
169,266,0
169,292,0
169,294,0
169,345,0
169,467,0
169,488,0
169,574,0
169,621,0
169,649,0
169,670,0
169,813,0
169,988,0
169,1013,0
169,1021,0
169,1088,0
169,1242,0
169,1740,0
170,171,0
170,173,0
170,179,0
170,205,0
170,256,0
170,257,0
170,276,0
170,277,0
170,278,0
170,354,0
170,520,0
171,173,0
171,179,0
171,227,0
171,242,0
171,326,0
171,422,0
171,473,0
171,522,0
171,559,0
171,680,0
171,681,0
171,710,0
172,248,0
172,426,0
172,458,0
172,679,0
172,694,0
172,697,0
173,179,0
173,515,0
173,663,0
174,175,0
174,294,0
174,318,0
174,357,0
174,416,0
174,535,0
174,608,0
174,1013,0
174,1030,0
174,1066,0
174,1418,0
175,416,0
175,535,0
175,763,0
175,848,0
176,178,0
176,250,0
176,262,0
176,361,0
176,367,0
176,407,0
176,692,0
176,743,0
176,845,0
176,1279,0
176,1356,0
176,1357,0
176,1670,0
177,209,0
177,217,0
177,304,0
177,389,0
177,471,0
177,503,0
177,568,0
177,569,0
177,582,0
177,608,0
177,736,0
177,767,0
177,877,0
177,1459,0
177,1467,0
178,205,0
178,226,0
179,227,0
179,228,0
179,291,0
179,386,0
179,475,0
179,685,0
179,710,0
180,333,0
180,334,0
180,400,0
180,402,0
180,403,0
180,418,0
180,430,0
180,561,0
180,564,0
180,597,0
180,613,0
180,664,0
180,778,0
180,937,0
180,1075,0
180,1132,0
180,1172,0
180,1346,0
180,1411,0
180,1428,0
181,182,0
181,1103,0
182,194,0
182,253,0
182,258,0
182,271,0
182,272,0
182,337,0
182,415,0
182,473,0
182,769,0
182,772,0
182,1103,0
182,1258,0
183,188,0
183,246,0
183,280,0
183,293,0
183,294,0
183,1473,0
183,1730,0
184,211,0
184,315,0
184,332,0
184,383,0
184,467,0
184,580,0
184,795,0
184,1119,0
184,1165,0
184,1208,0
184,1685,0
185,260,0
185,311,0
185,435,0
185,500,0
185,527,0
185,558,0
185,1040,0
185,1041,0
185,1278,0
185,1409,0
185,1479,0
186,187,0
186,292,0
186,295,0
186,341,0
186,397,0
186,420,0
186,581,0
186,635,0
186,707,0
186,761,0
186,900,0
186,983,0
186,1098,0
186,1406,0
186,1520,0
187,246,0
187,292,0
187,341,0
188,212,0
188,213,0
188,232,0
188,246,0
188,288,0
188,345,0
188,379,0
188,574,0
188,1215,0
188,1450,0
188,1730,0
189,338,0
189,487,0
189,525,0
189,762,0
189,1008,0
189,1353,0
189,1608,0
189,1663,0
190,242,0
190,251,0
190,275,0
190,300,0
190,318,0
190,320,0
190,352,0
190,413,0
190,589,0
190,693,0
190,881,0
190,1121,0
190,1519,0
191,203,0
191,390,0
191,639,0
191,640,0
191,808,0
191,1211,0
191,1507,0
191,1604,0
191,1615,0
192,193,0
192,209,0
192,218,0
192,232,0
192,255,0
192,266,0
192,292,0
192,391,0
192,469,0
192,740,0
192,1049,0
192,1300,0
192,1330,0
192,1432,0
193,209,0
193,218,0
193,232,0
194,220,0
194,253,0
194,258,0
194,309,0
194,310,0
194,415,0
194,609,0
194,614,0
194,769,0
194,800,0
194,878,0
194,879,0
194,938,0
194,959,0
195,233,0
195,234,0
195,249,0
195,279,0
195,286,0
195,287,0
195,395,0
195,528,0
195,619,0
195,620,0
195,732,0
195,758,0
195,761,0
195,823,0
195,898,0
195,1195,0
195,1389,0
195,1417,0
195,1436,0
195,1677,0
196,284,0
196,290,0
196,319,0
196,326,0
196,327,0
196,333,0
196,334,0
196,368,0
196,374,0
196,401,0
196,434,0
196,474,0
196,518,0
196,663,0
196,694,0
196,802,0
196,998,0
196,1010,0
196,1203,0
196,1271,0
196,1324,0
196,1396,0
196,1729,0
197,198,0
197,298,0
197,653,0
197,1349,0
198,298,0
198,465,0
198,511,0
198,653,0
198,718,0
198,1349,0
198,1744,0
199,248,0
199,400,0
199,418,0
199,626,0
199,921,0
199,922,0
199,971,0
199,1304,0
199,1636,0
200,255,0
200,280,0
200,527,0
200,661,0
200,833,0
200,860,0
200,1064,0
200,1159,0
200,1331,0
200,1660,0
201,203,0
201,235,0
202,322,0
202,337,0
202,393,0
202,687,0
202,691,0
202,727,0
202,728,0
202,750,0
202,780,0
202,940,0
202,1096,0
202,1106,0
202,1327,0
202,1344,0
202,1772,0
203,235,0
203,239,0
203,245,0
203,275,0
203,297,0
203,408,0
203,438,0
203,499,0
203,542,0
203,543,0
203,573,0
203,582,0
203,586,0
203,598,0
203,606,0
203,639,0
203,640,0
203,656,0
203,665,0
203,684,0
203,748,0
203,759,0
203,817,0
203,1374,0
204,313,0
204,539,0
204,662,0
205,226,0
205,238,0
205,254,0
205,266,0
205,449,0
205,520,0
205,593,0
205,646,0
205,744,0
205,1196,0
205,1630,0
206,245,0
206,268,0
206,615,0
206,1206,0
207,246,0
207,254,0
207,429,0
208,314,0
208,538,0
208,1622,0
209,218,0
209,232,0
209,292,0
209,293,0
209,294,0
209,413,0
209,460,0
209,471,0
209,568,0
209,569,0
209,608,0
209,877,0
209,1095,0
209,1301,0
209,1340,0
209,1756,0
210,219,0
210,223,0
210,252,0
210,339,0
210,340,0
210,342,0
210,356,0
210,359,0
210,376,0
210,413,0
210,437,0
210,440,0
210,1023,0
210,1062,0
211,332,0
211,473,0
211,557,0
211,693,0
211,729,0
212,213,0
212,250,0
212,358,0
212,902,0
212,1215,0
212,1450,0
213,244,0
213,902,0
213,1215,0
213,1450,0
214,221,0
214,225,0
214,250,0
214,378,0
214,394,0
214,622,0
215,216,0
215,275,0
215,292,0
215,311,0
215,527,0
215,895,0
215,1180,0
215,1568,0
216,275,0
216,295,0
216,574,0
216,638,0
216,1440,0
217,287,0
217,340,0
217,869,0
217,1287,0
217,1734,0
218,229,0
218,232,0
218,365,0
219,257,0
219,263,0
219,264,0
219,315,0
219,359,0
219,376,0
219,439,0
219,779,0
219,1023,0
219,1062,0
219,1484,0
220,309,0
220,310,0
220,609,0
220,878,0
220,879,0
220,938,0
220,959,0
220,1483,0
221,224,0
221,232,0
221,261,0
221,394,0
221,423,0
221,442,0
221,488,0
221,632,0
221,799,0
221,1534,0
221,1657,0
221,1688,0
222,281,0
222,808,0
222,903,0
223,252,0
223,264,0
223,265,0
223,279,0
223,342,0
223,357,0
223,384,0
223,412,0
223,437,0
223,520,0
223,556,0
223,654,0
223,655,0
224,255,0
224,391,0
224,560,0
224,1013,0
224,1089,0
224,1166,0
224,1300,0
224,1657,0
225,250,0
225,266,0
225,267,0
225,372,0
225,445,0
225,504,0
225,507,0
225,540,0
225,602,0
225,622,0
225,834,0
225,984,0
225,1513,0
225,1543,0
225,1606,0
226,320,0
226,642,0
226,776,0
226,910,0
226,937,0
226,1045,0
226,1232,0
226,1391,0
226,1435,0
227,228,0
227,291,0
227,326,0
227,386,0
227,422,0
227,475,0
227,476,0
227,522,0
227,559,0
227,680,0
227,681,0
227,685,0
228,291,0
228,386,0
228,424,0
228,475,0
228,476,0
228,559,0
228,685,0
228,1112,0
229,307,0
229,329,0
229,365,0
229,442,0
229,452,0
229,540,0
229,734,0
229,805,0
229,844,0
229,845,0
229,1251,0
229,1328,0
229,1461,0
229,1722,0
230,372,0
230,594,0
230,793,0
230,794,0
230,885,0
230,1028,0
231,548,0
231,739,0
232,238,0
232,246,0
232,255,0
232,288,0
232,292,0
232,293,0
232,378,0
232,391,0
232,396,0
232,425,0
232,429,0
232,482,0
232,546,0
232,558,0
232,574,0
232,635,0
232,736,0
232,771,0
232,915,0
232,966,0
232,1034,0
232,1175,0
232,1198,0
232,1269,0
232,1299,0
232,1573,0
232,1682,0
233,234,0
233,249,0
233,286,0
233,353,0
233,446,0
233,528,0
233,595,0
234,249,0
234,250,0
234,286,0
234,353,0
235,1044,0
236,294,0
236,336,0
236,359,0
236,416,0
236,420,0
236,560,0
236,763,0
236,781,0
236,932,0
236,995,0
236,1030,0
236,1037,0
236,1113,0
236,1120,0
236,1135,0
236,1533,0
236,1569,0
236,1654,0
236,1690,0
237,251,0
237,1518,0
237,1693,0
237,1743,0
238,255,0
238,266,0
238,292,0
238,429,0
238,741,0
238,744,0
238,771,0
238,966,0
238,1265,0
238,1630,0
241,818,0
242,300,0
242,318,0
242,320,0
242,352,0
242,413,0
242,422,0
242,710,0
242,1121,0
242,1259,0
242,1347,0
243,294,0
243,311,0
243,315,0
243,529,0
243,558,0
243,605,0
243,786,0
243,1468,0
243,1646,0
244,249,0
244,318,0
244,354,0
244,570,0
244,581,0
244,1155,0
244,1289,0
244,1619,0
245,268,0
245,299,0
245,349,0
245,385,0
245,408,0
245,424,0
245,436,0
245,438,0
245,455,0
245,499,0
245,505,0
245,542,0
245,543,0
245,606,0
245,663,0
245,684,0
245,852,0
245,1022,0
245,1025,0
245,1026,0
245,1308,0
245,1315,0
245,1412,0
245,1762,0
246,264,0
246,266,0
246,288,0
246,292,0
246,296,0
246,390,0
246,425,0
246,429,0
246,461,0
246,480,0
246,513,0
246,580,0
246,607,0
246,608,0
246,735,0
246,825,0
246,880,0
246,924,0
246,1004,0
246,1339,0
246,1462,0
246,1549,0
247,249,0
247,315,0
247,537,0
248,429,0
248,626,0
248,679,0
248,720,0
248,748,0
248,801,0
248,876,0
248,1532,0
249,251,0
249,285,0
249,293,0
249,366,0
249,367,0
249,449,0
249,463,0
249,520,0
249,570,0
249,600,0
249,603,0
249,819,0
249,932,0
249,1028,0
249,1031,0
249,1065,0
249,1244,0
249,1325,0
249,1441,0
249,1442,0
250,257,0
250,269,0
250,358,0
250,361,0
250,457,0
250,507,0
250,855,0
250,888,0
250,1275,0
250,1463,0
250,1573,0
251,257,0
251,378,0
251,517,0
251,570,0
251,577,0
251,578,0
251,693,0
251,770,0
251,865,0
251,881,0
251,932,0
251,1293,0
251,1316,0
251,1519,0
252,280,0
252,339,0
252,340,0
252,356,0
252,413,0
252,437,0
252,1242,0
252,1306,0
253,258,0
253,415,0
253,769,0
254,255,0
254,295,0
254,425,0
254,460,0
254,702,0
254,1136,0
254,1542,0
255,266,0
255,287,0
255,292,0
255,294,0
255,311,0
255,326,0
255,341,0
255,345,0
255,359,0
255,391,0
255,397,0
255,420,0
255,425,0
255,429,0
255,460,0
255,467,0
255,469,0
255,470,0
255,517,0
255,532,0
255,545,0
255,596,0
255,634,0
255,702,0
255,765,0
255,771,0
255,782,0
255,822,0
255,829,0
255,830,0
255,860,0
255,930,0
255,935,0
255,941,0
255,966,0
255,987,0
255,1021,0
255,1069,0
255,1136,0
255,1202,0
255,1299,0
255,1300,0
255,1309,0
255,1319,0
255,1420,0
255,1437,0
255,1542,0
255,1572,0
255,1573,0
256,257,0
256,276,0
256,277,0
256,278,0
256,354,0
257,276,0
257,277,0
257,278,0
257,354,0
257,524,0
257,570,0
257,574,0
257,670,0
257,1562,0
258,415,0
258,769,0
259,319,0
259,481,0
259,1586,0
260,289,0
260,292,0
260,311,0
260,435,0
260,527,0
260,558,0
260,571,0
260,572,0
260,661,0
260,822,0
260,861,0
260,942,0
260,1040,0
260,1041,0
260,1278,0
261,306,0
261,319,0
261,791,0
261,792,0
262,321,0
262,350,0
262,492,0
262,605,0
262,793,0
263,280,0
263,342,0
263,357,0
263,403,0
263,418,0
263,437,0
263,758,0
263,779,0
264,265,0
264,279,0
264,296,0
264,384,0
264,412,0
264,494,0
264,556,0
264,709,0
264,1004,0
265,279,0
265,384,0
265,412,0
265,494,0
265,556,0
265,759,0
265,1338,0
266,292,0
266,294,0
266,311,0
266,315,0
266,326,0
266,341,0
266,391,0
266,469,0
266,497,0
266,501,0
266,546,0
266,597,0
266,634,0
266,635,0
266,733,0
266,744,0
266,771,0
266,834,0
266,865,0
266,933,0
266,950,0
266,979,0
266,1037,0
266,1071,0
266,1076,0
266,1098,0
266,1128,0
266,1243,0
266,1300,0
266,1364,0
266,1553,0
266,1571,0
266,1577,0
266,1630,0
267,406,0
267,452,0
267,604,0
267,839,0
267,842,0
267,1194,0
267,1223,0
267,1499,0
267,1615,0
268,960,0
269,855,0
270,415,0
270,567,0
270,614,0
270,1189,0
271,272,0
271,309,0
271,310,0
271,337,0
271,588,0
271,599,0
271,728,0
271,810,0
271,832,0
271,853,0
271,1326,0
271,1360,0
271,1408,0
271,1526,0
271,1582,0
271,1587,0
272,298,0
272,309,0
272,310,0
272,337,0
272,588,0
272,599,0
272,687,0
272,688,0
272,749,0
272,787,0
272,832,0
272,1082,0
272,1456,0
272,1760,0
273,372,0
273,420,0
273,472,0
273,498,0
273,647,0
273,1031,0
274,277,0
274,389,0
274,433,0
274,969,0
274,1237,0
274,1267,0
274,1268,0
275,318,0
275,402,0
275,477,0
275,564,0
275,573,0
275,582,0
275,586,0
275,589,0
275,630,0
275,978,0
275,1172,0
275,1238,0
276,277,0
276,278,0
276,354,0
277,278,0
277,299,0
277,354,0
277,433,0
277,1384,0
278,354,0
278,1115,0
279,284,0
279,357,0
279,384,0
279,412,0
279,437,0
279,486,0
279,690,0
279,1488,0
279,1530,0
280,334,0
280,370,0
280,383,0
280,403,0
280,414,0
280,437,0
280,456,0
280,758,0
280,833,0
280,912,0
280,1064,0
280,1242,0
280,1306,0
280,1322,0
280,1331,0
280,1660,0
282,634,0
282,1295,0
283,557,0
283,643,0
283,775,0
283,798,0
284,401,0
284,474,0
284,486,0
284,989,0
284,1764,0
284,1770,0
285,376,0
285,463,0
285,520,0
285,603,0
285,1031,0
285,1172,0
285,1230,0
285,1231,0
285,1244,0
285,1288,0
286,353,0
286,528,0
287,292,0
287,340,0
287,357,0
287,358,0
287,359,0
287,395,0
287,596,0
287,731,0
287,796,0
287,865,0
287,869,0
287,987,0
287,1309,0
288,345,0
288,376,0
288,377,0
288,813,0
288,1180,0
288,1185,0
289,292,0
289,413,0
289,532,0
289,565,0
289,566,0
289,571,0
289,572,0
289,616,0
289,621,0
289,661,0
289,796,0
289,861,0
289,942,0
290,368,0
290,434,0
290,996,0
290,1217,0
290,1218,0
290,1396,0
290,1512,0
291,386,0
291,424,0
291,475,0
291,478,0
291,479,0
291,559,0
291,685,0
291,1112,0
292,293,0
292,294,0
292,311,0
292,326,0
292,341,0
292,358,0
292,376,0
292,391,0
292,397,0
292,420,0
292,427,0
292,429,0
292,469,0
292,517,0
292,527,0
292,532,0
292,560,0
292,564,0
292,571,0
292,572,0
292,574,0
292,585,0
292,596,0
292,661,0
292,707,0
292,735,0
292,754,0
292,771,0
292,813,0
292,861,0
292,894,0
292,895,0
292,942,0
292,966,0
292,974,0
292,987,0
292,992,0
292,1175,0
292,1180,0
292,1183,0
292,1300,0
292,1309,0
292,1361,0
292,1376,0
292,1406,0
292,1520,0
292,1525,0
292,1626,0
292,1756,0
293,294,0
293,396,0
293,427,0
293,429,0
293,435,0
293,469,0
293,517,0
293,558,0
293,568,0
293,600,0
293,661,0
293,733,0
293,831,0
293,854,0
293,1095,0
293,1175,0
293,1301,0
293,1354,0
294,315,0
294,326,0
294,358,0
294,376,0
294,391,0
294,396,0
294,397,0
294,429,0
294,460,0
294,476,0
294,493,0
294,497,0
294,501,0
294,517,0
294,532,0
294,545,0
294,546,0
294,558,0
294,564,0
294,576,0
294,596,0
294,608,0
294,634,0
294,635,0
294,646,0
294,661,0
294,733,0
294,754,0
294,786,0
294,813,0
294,822,0
294,831,0
294,854,0
294,932,0
294,934,0
294,974,0
294,995,0
294,1013,0
294,1030,0
294,1040,0
294,1066,0
294,1069,0
294,1089,0
294,1095,0
294,1113,0
294,1120,0
294,1132,0
294,1202,0
294,1301,0
294,1333,0
294,1354,0
294,1376,0
294,1494,0
294,1510,0
294,1569,0
294,1627,0
294,1720,0
295,311,0
295,429,0
295,469,0
295,574,0
295,783,0
295,784,0
295,833,0
295,861,0
295,1046,0
295,1047,0
295,1098,0
295,1170,0
295,1342,0
295,1440,0
295,1566,0
296,709,0
296,1004,0
297,318,0
297,388,0
297,438,0
297,589,0
297,598,0
297,665,0
297,748,0
297,1337,0
298,599,0
298,653,0
299,315,0
299,349,0
299,404,0
299,428,0
299,433,0
299,555,0
299,665,0
299,747,0
299,852,0
299,1147,0
299,1384,0
299,1460,0
299,1537,0
299,1541,0
300,318,0
300,352,0
300,980,0
300,1039,0
300,1121,0
300,1224,0
300,1259,0
300,1347,0
300,1692,0
301,826,0
302,450,0
302,725,0
303,411,0
303,445,0
303,677,0
303,756,0
303,1153,0
303,1255,0
303,1256,0
304,530,0
304,659,0
304,660,0
304,865,0
304,941,0
304,1160,0
305,335,0
305,409,0
305,441,0
305,445,0
305,458,0
305,947,0
305,1083,0
305,1307,0
305,1394,0
306,319,0
306,361,0
306,631,0
307,314,0
307,329,0
307,452,0
307,1063,0
307,1251,0
307,1328,0
308,413,0
308,529,0
308,589,0
308,1194,0
309,310,0
309,335,0
309,588,0
309,609,0
309,832,0
309,878,0
309,879,0
309,938,0
309,959,0
309,1052,0
309,1349,0
309,1403,0
309,1476,0
309,1634,0
310,588,0
310,609,0
310,832,0
310,878,0
310,879,0
310,938,0
310,959,0
311,326,0
311,376,0
311,469,0
311,527,0
311,529,0
311,558,0
311,560,0
311,605,0
311,733,0
311,765,0
311,786,0
311,833,0
311,865,0
311,895,0
311,941,0
311,950,0
311,1071,0
311,1076,0
311,1128,0
311,1180,0
311,1202,0
311,1364,0
311,1420,0
311,1468,0
311,1725,0
312,553,0
312,760,0
314,315,0
314,372,0
314,432,0
314,737,0
314,770,0
314,835,0
314,886,0
314,887,0
314,994,0
314,1063,0
314,1115,0
314,1272,0
314,1375,0
314,1450,0
314,1451,0
314,1622,0
315,342,0
315,360,0
315,372,0
315,432,0
315,459,0
315,470,0
315,476,0
315,517,0
315,525,0
315,537,0
315,608,0
315,661,0
315,729,0
315,737,0
315,771,0
315,833,0
315,877,0
315,966,0
315,1077,0
315,1119,0
315,1278,0
315,1343,0
315,1501,0
315,1537,0
316,317,0
316,322,0
316,360,0
316,752,0
316,847,0
316,1005,0
316,1434,0
316,1678,0
317,322,0
317,360,0
317,752,0
317,847,0
317,1005,0
318,352,0
318,387,0
318,388,0
318,457,0
318,477,0
318,531,0
318,535,0
318,581,0
318,589,0
318,649,0
318,679,0
318,797,0
318,874,0
318,875,0
318,909,0
318,1008,0
318,1121,0
318,1129,0
318,1155,0
318,1212,0
318,1337,0
318,1619,0
319,334,0
319,349,0
319,361,0
319,481,0
319,490,0
319,987,0
319,1010,0
319,1178,0
319,1271,0
319,1324,0
319,1335,0
319,1580,0
320,413,0
320,642,0
320,776,0
321,350,0
321,793,0
322,323,0
322,687,0
322,691,0
322,750,0
322,751,0
322,752,0
322,780,0
322,892,0
322,896,0
322,897,0
322,940,0
322,953,0
322,1020,0
322,1079,0
322,1080,0
322,1096,0
322,1106,0
322,1118,0
322,1327,0
322,1341,0
322,1344,0
322,1373,0
322,1402,0
322,1448,0
322,1587,0
322,1683,0
322,1721,0
323,360,0
323,587,0
323,892,0
323,896,0
323,897,0
323,953,0
323,1020,0
323,1341,0
323,1547,0
323,1683,0
324,325,0
324,575,0
325,575,0
326,327,0
326,376,0
326,422,0
326,429,0
326,469,0
326,473,0
326,495,0
326,496,0
326,522,0
326,559,0
326,564,0
326,593,0
326,663,0
326,680,0
326,681,0
326,754,0
326,802,0
326,941,0
326,979,0
326,986,0
326,1037,0
326,1105,0
326,1117,0
326,1376,0
326,1420,0
326,1551,0
327,495,0
327,496,0
327,593,0
327,663,0
327,802,0
327,1105,0
327,1117,0
327,1383,0
327,1738,0
328,404,0
328,1029,0
328,1112,0
328,1666,0
329,452,0
329,540,0
329,734,0
329,1251,0
329,1328,0
329,1540,0
330,331,0
332,383,0
332,467,0
332,795,0
333,334,0
333,373,0
333,664,0
333,981,0
333,1148,0
333,1174,0
333,1480,0
334,451,0
334,483,0
334,604,0
334,664,0
334,699,0
334,912,0
334,981,0
334,1148,0
335,369,0
335,409,0
335,443,0
335,445,0
335,458,0
335,1495,0
335,1706,0
335,1716,0
336,371,0
336,547,0
336,763,0
336,781,0
337,691,0
337,780,0
338,360,0
338,447,0
338,487,0
338,1008,0
338,1235,0
338,1236,0
338,1353,0
338,1388,0
338,1546,0
338,1555,0
339,340,0
339,356,0
339,413,0
339,569,0
339,661,0
339,865,0
339,952,0
339,1030,0
340,356,0
340,413,0
340,873,0
340,1142,0
340,1635,0
341,420,0
341,427,0
341,467,0
341,571,0
341,581,0
341,761,0
341,771,0
341,821,0
341,822,0
341,900,0
341,983,0
341,992,0
341,1311,0
341,1553,0
341,1571,0
342,357,0
342,418,0
342,470,0
342,782,0
342,1024,0
342,1063,0
342,1077,0
342,1221,0
342,1222,0
343,385,0
343,399,0
343,658,0
343,961,0
343,962,0
343,1362,0
343,1605,0
343,1612,0
343,1669,0
345,349,0
345,427,0
345,429,0
345,467,0
345,545,0
345,553,0
345,574,0
345,646,0
345,647,0
345,678,0
345,754,0
345,765,0
345,864,0
345,1021,0
345,1036,0
345,1037,0
345,1300,0
346,347,0
348,410,0
349,404,0
349,481,0
349,683,0
349,747,0
349,852,0
349,1036,0
349,1147,0
349,1178,0
349,1300,0
349,1460,0
349,1590,0
350,402,0
350,403,0
350,418,0
350,793,0
350,1204,0
350,1574,0
351,483,0
351,730,0
352,1121,0
353,385,0
353,419,0
353,457,0
353,528,0
353,536,0
353,595,0
353,623,0
354,816,0
354,868,0
354,1000,0
354,1201,0
354,1289,0
354,1610,0
354,1611,0
355,365,0
356,413,0
357,358,0
357,384,0
357,403,0
357,418,0
357,437,0
357,454,0
357,548,0
357,549,0
357,560,0
357,586,0
357,988,0
357,1397,0
357,1413,0
358,359,0
358,548,0
358,549,0
358,560,0
358,568,0
358,569,0
358,585,0
358,608,0
358,686,0
358,786,0
358,864,0
358,923,0
358,932,0
358,945,0
358,946,0
358,1030,0
358,1262,0
358,1413,0
358,1516,0
358,1602,0
359,376,0
359,420,0
359,427,0
359,545,0
359,560,0
359,686,0
359,923,0
359,932,0
359,1023,0
359,1030,0
359,1037,0
359,1062,0
359,1135,0
359,1249,0
359,1262,0
359,1370,0
359,1400,0
359,1420,0
359,1437,0
359,1572,0
359,1592,0
360,525,0
360,587,0
360,617,0
360,729,0
360,731,0
360,749,0
360,752,0
360,847,0
360,1005,0
360,1266,0
360,1652,0
361,792,0
362,363,0
364,704,0
365,452,0
365,504,0
365,625,0
365,773,0
365,1532,0
365,1539,0
366,367,0
366,1094,0
366,1287,0
367,401,0
367,457,0
367,743,0
367,1094,0
367,1287,0
367,1603,0
368,434,0
369,1495,0
370,414,0
370,456,0
371,547,0
371,763,0
372,432,0
372,460,0
372,729,0
372,793,0
372,794,0
372,885,0
372,1028,0
372,1131,0
372,1303,0
374,375,0
376,377,0
376,396,0
376,397,0
376,405,0
376,431,0
376,558,0
376,564,0
376,605,0
376,608,0
376,754,0
376,949,0
376,1023,0
376,1062,0
376,1162,0
376,1163,0
376,1164,0
376,1172,0
376,1230,0
376,1231,0
376,1288,0
376,1376,0
377,431,0
378,517,0
378,574,0
378,591,0
378,592,0
378,707,0
378,770,0
378,865,0
378,1293,0
378,1316,0
380,381,0
380,1159,0
381,501,0
381,502,0
381,1159,0
382,468,0
382,581,0
382,604,0
382,704,0
382,904,0
382,905,0
382,917,0
382,1018,0
382,1259,0
382,1440,0
382,1674,0
382,1686,0
383,1322,0
384,412,0
384,437,0
384,556,0
385,399,0
385,457,0
385,516,0
385,595,0
385,658,0
385,961,0
385,962,0
385,993,0
385,1090,0
385,1091,0
385,1154,0
385,1285,0
385,1286,0
385,1471,0
385,1762,0
386,475,0
386,476,0
386,685,0
387,477,0
387,874,0
387,875,0
387,1545,0
388,589,0
389,661,0
389,782,0
389,932,0
389,969,0
389,1179,0
389,1260,0
389,1280,0
389,1529,0
390,808,0
390,1284,0
391,469,0
391,546,0
391,822,0
391,1013,0
391,1300,0
391,1319,0
392,691,0
392,1270,0
394,1283,0
394,1515,0
396,397,0
396,554,0
396,558,0
396,646,0
396,1034,0
396,1365,0
396,1522,0
396,1557,0
397,420,0
397,517,0
397,532,0
397,554,0
397,634,0
397,1069,0
397,1406,0
397,1520,0
398,417,0
399,658,0
399,961,0
399,962,0
400,402,0
400,403,0
400,418,0
400,430,0
400,564,0
400,971,0
400,1304,0
400,1411,0
401,486,0
402,403,0
402,418,0
402,430,0
402,470,0
402,1204,0
402,1305,0
402,1427,0
402,1431,0
402,1574,0
402,1714,0
403,418,0
403,430,0
403,437,0
403,758,0
403,1204,0
403,1574,0
404,747,0
404,1029,0
404,1112,0
404,1147,0
404,1460,0
404,1666,0
405,431,0
407,692,0
407,1336,0
408,424,0
408,438,0
408,499,0
408,542,0
408,543,0
408,606,0
408,684,0
408,846,0
408,1006,0
408,1022,0
408,1412,0
409,445,0
409,458,0
411,445,0
411,805,0
411,1127,0
411,1318,0
412,556,0
413,420,0
413,459,0
413,460,0
413,529,0
413,532,0
413,589,0
413,671,0
413,796,0
413,975,0
413,1340,0
413,1506,0
414,456,0
414,566,0
414,672,0
414,673,0
414,912,0
415,567,0
415,614,0
415,769,0
416,473,0
416,738,0
416,763,0
416,781,0
416,1533,0
418,430,0
418,971,0
418,1204,0
418,1304,0
418,1574,0
419,457,0
419,536,0
419,623,0
419,671,0
419,843,0
419,871,0
420,427,0
420,560,0
420,647,0
420,999,0
420,1019,0
420,1031,0
420,1037,0
420,1135,0
420,1249,0
420,1386,0
420,1400,0
420,1406,0
420,1437,0
420,1506,0
420,1520,0
420,1572,0
422,473,0
422,522,0
422,559,0
422,680,0
422,681,0
422,710,0
422,1093,0
422,1145,0
422,1205,0
422,1707,0
423,799,0
424,436,0
424,451,0
424,478,0
424,479,0
424,517,0
424,559,0
424,863,0
424,890,0
424,899,0
424,1042,0
424,1043,0
424,1057,0
424,1099,0
424,1112,0
424,1259,0
424,1363,0
424,1524,0
425,429,0
425,519,0
425,702,0
425,735,0
425,1387,0
425,1717,0
426,458,0
426,505,0
427,467,0
427,469,0
427,661,0
427,754,0
427,821,0
427,1175,0
427,1249,0
427,1311,0
427,1400,0
427,1525,0
428,433,0
428,555,0
428,788,0
428,1679,0
429,607,0
429,720,0
429,733,0
429,745,0
429,748,0
429,771,0
429,801,0
429,831,0
429,854,0
429,876,0
429,966,0
429,1037,0
429,1354,0
429,1532,0
430,521,0
430,522,0
430,564,0
430,1411,0
431,1181,0
432,737,0
433,1384,0
433,1679,0
435,517,0
435,568,0
435,571,0
435,572,0
435,646,0
435,647,0
435,822,0
435,1040,0
435,1041,0
435,1278,0
436,447,0
436,505,0
436,663,0
436,1308,0
436,1315,0
437,758,0
437,1145,0
437,1169,0
438,499,0
438,542,0
438,543,0
438,598,0
438,606,0
438,665,0
438,684,0
438,748,0
438,817,0
439,464,0
439,729,0
439,807,0
439,1379,0
440,753,0
441,444,0
441,947,0
441,1083,0
441,1307,0
441,1394,0
442,1461,0
443,456,0
443,483,0
444,674,0
445,458,0
445,602,0
445,756,0
446,1068,0
446,1318,0
446,1607,0
447,708,0
447,766,0
447,1276,0
447,1388,0
447,1570,0
447,1710,0
448,798,0
448,802,0
448,918,0
449,470,0
449,498,0
449,517,0
449,537,0
449,646,0
449,877,0
449,1128,0
450,510,0
450,725,0
450,858,0
450,1567,0
451,856,0
451,1057,0
451,1247,0
451,1424,0
452,1173,0
452,1194,0
452,1251,0
452,1328,0
452,1499,0
452,1624,0
453,454,0
453,706,0
453,851,0
453,1314,0
453,1475,0
454,560,0
454,706,0
454,1314,0
455,574,0
455,801,0
455,885,0
455,1014,0
456,566,0
457,536,0
457,595,0
457,631,0
457,671,0
457,757,0
457,843,0
457,871,0
457,909,0
457,1156,0
457,1275,0
457,1463,0
458,701,0
459,471,0
459,608,0
459,647,0
459,866,0
459,877,0
459,1493,0
459,1593,0
459,1594,0
460,641,0
460,702,0
460,1137,0
460,1303,0
460,1340,0
460,1542,0
460,1754,0
461,462,0
461,480,0
461,507,0
461,580,0
461,607,0
461,647,0
461,732,0
461,735,0
461,813,0
461,825,0
461,1124,0
461,1190,0
462,507,0
462,642,0
462,732,0
462,968,0
463,464,0
463,603,0
464,729,0
464,807,0
464,1379,0
465,511,0
465,718,0
466,467,0
466,553,0
466,590,0
466,1662,0
467,517,0
467,553,0
467,560,0
467,590,0
467,795,0
467,821,0
467,1021,0
467,1294,0
467,1311,0
467,1662,0
468,604,0
468,704,0
468,917,0
469,585,0
469,661,0
469,833,0
469,861,0
469,1037,0
469,1066,0
469,1067,0
469,1114,0
469,1132,0
469,1170,0
469,1175,0
469,1300,0
469,1342,0
469,1566,0
470,537,0
470,877,0
470,1077,0
470,1427,0
470,1714,0
471,568,0
471,569,0
471,608,0
471,647,0
471,866,0
471,877,0
472,498,0
472,1177,0
472,1304,0
472,1648,0
473,522,0
473,559,0
473,680,0
473,681,0
473,729,0
473,738,0
473,772,0
473,858,0
473,859,0
473,1006,0
473,1258,0
473,1320,0
473,1500,0
473,1509,0
473,1647,0
473,1732,0
475,685,0
476,608,0
477,698,0
477,874,0
477,875,0
478,479,0
480,580,0
480,607,0
480,735,0
480,825,0
480,1124,0
480,1190,0
481,721,0
481,778,0
481,1178,0
482,489,0
482,544,0
482,666,0
482,736,0
482,768,0
482,870,0
482,991,0
483,486,0
483,721,0
483,730,0
483,888,0
483,889,0
483,1323,0
483,1684,0
484,485,0
484,648,0
484,846,0
484,1254,0
484,1466,0
484,1771,0
485,648,0
485,846,0
485,1254,0
486,558,0
486,605,0
486,888,0
486,889,0
486,972,0
486,973,0
486,1151,0
486,1152,0
486,1323,0
486,1684,0
487,1008,0
487,1353,0
487,1608,0
488,649,0
488,1048,0
488,1084,0
488,1085,0
488,1523,0
489,666,0
489,1751,0
490,491,0
490,533,0
490,534,0
490,612,0
490,613,0
490,651,0
490,846,0
490,849,0
490,987,0
490,1239,0
490,1240,0
490,1395,0
490,1415,0
491,621,0
491,651,0
491,804,0
492,605,0
493,545,0
493,596,0
493,839,0
493,1400,0
493,1627,0
495,496,0
495,593,0
495,1105,0
495,1117,0
496,593,0
496,1105,0
496,1117,0
496,1659,0
497,501,0
497,546,0
497,574,0
497,617,0
497,618,0
497,628,0
497,634,0
497,635,0
497,693,0
497,884,0
497,1140,0
497,1537,0
497,1735,0
499,542,0
499,543,0
499,606,0
499,684,0
499,1022,0
499,1412,0
500,527,0
500,1409,0
501,502,0
501,546,0
501,634,0
501,635,0
503,929,0
503,1097,0
504,540,0
505,538,0
505,663,0
505,671,0
505,1308,0
505,1315,0
507,732,0
508,509,0
508,804,0
508,1504,0
509,804,0
509,1504,0
510,725,0
511,718,0
513,562,0
513,880,0
513,924,0
514,515,0
514,803,0
515,663,0
515,803,0
516,993,0
516,1296,0
517,532,0
517,560,0
517,568,0
517,634,0
517,661,0
517,770,0
517,813,0
517,865,0
517,1038,0
517,1069,0
517,1199,0
517,1200,0
517,1259,0
517,1278,0
517,1293,0
517,1316,0
517,1333,0
517,1343,0
517,1363,0
519,735,0
519,967,0
520,535,0
520,654,0
520,655,0
520,932,0
520,951,0
521,522,0
521,564,0
521,862,0
521,1321,0
522,559,0
522,564,0
522,680,0
522,681,0
522,862,0
522,1320,0
522,1321,0
524,574,0
524,670,0
524,1227,0
524,1562,0
525,729,0
526,1352,0
527,661,0
527,895,0
527,1159,0
527,1180,0
527,1409,0
528,732,0
529,560,0
529,589,0
529,605,0
529,786,0
529,1228,0
529,1468,0
530,865,0
530,941,0
531,729,0
531,1443,0
532,634,0
532,796,0
532,1069,0
533,534,0
535,581,0
535,932,0
535,951,0
535,1212,0
535,1250,0
535,1742,0
536,623,0
537,877,0
538,671,0
539,662,0
539,1689,0
540,734,0
540,844,0
540,845,0
540,1002,0
540,1540,0
540,1722,0
541,790,0
542,543,0
542,606,0
542,684,0
543,606,0
543,684,0
544,768,0
544,870,0
544,991,0
545,596,0
545,733,0
545,782,0
545,829,0
545,830,0
545,934,0
545,1592,0
546,634,0
546,635,0
546,849,0
546,850,0
546,915,0
546,1198,0
546,1220,0
546,1254,0
546,1269,0
547,763,0
548,549,0
548,739,0
548,988,0
548,1413,0
549,988,0
550,551,0
550,839,0
551,839,0
552,637,0
552,757,0
552,956,0
553,590,0
553,864,0
553,1186,0
554,1365,0
555,1142,0
555,1301,0
555,1583,0
557,643,0
557,693,0
557,798,0
557,1184,0
558,605,0
558,974,0
558,1040,0
558,1646,0
558,1647,0
559,680,0
559,681,0
559,1112,0
560,571,0
560,585,0
560,608,0
560,736,0
560,786,0
560,1037,0
560,1038,0
560,1135,0
560,1228,0
560,1300,0
560,1370,0
560,1420,0
560,1725,0
562,815,0
563,636,0
564,630,0
564,754,0
564,833,0
564,862,0
564,978,0
564,1193,0
564,1238,0
564,1277,0
564,1321,0
564,1376,0
564,1411,0
565,566,0
565,616,0
565,621,0
566,616,0
566,621,0
567,614,0
568,569,0
568,608,0
568,686,0
568,877,0
568,1516,0
569,608,0
569,661,0
569,686,0
569,865,0
569,877,0
569,952,0
569,1030,0
570,629,0
570,1438,0
571,572,0
571,574,0
571,585,0
571,661,0
571,689,0
571,726,0
571,736,0
571,771,0
571,822,0
571,861,0
571,942,0
571,943,0
571,1361,0
571,1759,0
572,661,0
572,861,0
572,942,0
573,582,0
573,586,0
573,1374,0
574,637,0
574,670,0
574,675,0
574,676,0
574,707,0
574,861,0
574,867,0
574,884,0
574,1014,0
574,1240,0
574,1361,0
574,1440,0
574,1682,0
577,578,0
579,696,0
579,697,0
579,705,0
580,607,0
580,735,0
580,825,0
580,881,0
580,1124,0
580,1190,0
580,1208,0
580,1485,0
581,761,0
581,900,0
581,983,0
581,1032,0
581,1155,0
581,1212,0
581,1250,0
581,1431,0
581,1619,0
581,1674,0
581,1680,0
581,1742,0
582,586,0
582,736,0
582,1374,0
583,584,0
583,644,0
583,645,0
584,644,0
584,645,0
585,689,0
585,726,0
585,1132,0
586,1176,0
586,1213,0
586,1214,0
586,1374,0
586,1397,0
586,1596,0
587,787,0
587,1547,0
588,599,0
588,832,0
588,847,0
588,872,0
588,1355,0
590,1662,0
591,592,0
593,1105,0
593,1117,0
594,601,0
594,714,0
594,799,0
594,840,0
594,841,0
594,1477,0
594,1712,0
596,987,0
596,1309,0
597,834,0
597,937,0
597,1132,0
597,1172,0
597,1243,0
598,665,0
598,748,0
598,817,0
599,1326,0
599,1587,0
601,714,0
601,799,0
601,840,0
601,841,0
601,1209,0
601,1359,0
601,1447,0
601,1477,0
601,1544,0
602,857,0
602,1469,0
603,1031,0
604,699,0
604,917,0
605,786,0
605,1468,0
606,684,0
607,735,0
607,745,0
607,764,0
607,825,0
607,1124,0
607,1136,0
607,1190,0
607,1416,0
608,714,0
608,771,0
608,833,0
608,864,0
608,877,0
608,949,0
608,952,0
608,1013,0
608,1030,0
608,1033,0
608,1066,0
608,1101,0
608,1102,0
608,1139,0
608,1164,0
608,1176,0
608,1231,0
608,1316,0
608,1339,0
608,1377,0
608,1378,0
608,1462,0
608,1465,0
608,1493,0
609,878,0
609,879,0
609,938,0
609,959,0
610,611,0
610,685,0
610,906,0
611,685,0
611,906,0
612,613,0
612,891,0
613,683,0
613,891,0
613,1241,0
613,1346,0
613,1428,0
613,1579,0
614,1182,0
615,1455,0
616,621,0
617,618,0
617,749,0
619,620,0
619,758,0
619,898,0
620,758,0
620,898,0
621,804,0
621,988,0
621,1013,0
624,625,0
624,732,0
624,773,0
624,970,0
624,1104,0
624,1356,0
624,1425,0
625,732,0
625,773,0
625,1104,0
625,1356,0
625,1425,0
627,807,0
627,1478,0
627,1598,0
628,1140,0
628,1735,0
629,1438,0
630,978,0
630,1238,0
631,1156,0
632,633,0
632,1009,0
634,635,0
634,1069,0
634,1295,0
635,1175,0
636,839,0
637,757,0
637,956,0
637,1240,0
638,695,0
638,729,0
639,640,0
641,657,0
641,1455,0
641,1508,0
641,1754,0
641,1773,0
642,776,0
643,798,0
644,645,0
645,710,0
645,746,0
646,647,0
646,1132,0
646,1522,0
646,1720,0
647,813,0
647,866,0
647,1031,0
647,1192,0
648,846,0
648,1254,0
649,797,0
649,1611,0
650,711,0
652,766,0
654,655,0
657,1455,0
657,1508,0
657,1773,0
658,961,0
658,962,0
658,1362,0
659,660,0
659,822,0
659,1070,0
659,1708,0
660,822,0
660,1070,0
660,1708,0
661,782,0
661,861,0
661,865,0
661,932,0
661,942,0
661,952,0
661,1030,0
661,1159,0
661,1175,0
661,1260,0
661,1278,0
661,1343,0
661,1529,0
662,1208,0
663,802,0
663,1308,0
663,1315,0
665,748,0
665,817,0
665,1541,0
665,1681,0
668,704,0
671,843,0
671,871,0
671,975,0
671,1233,0
671,1368,0
671,1578,0
671,1674,0
671,1704,0
672,673,0
672,901,0
672,912,0
673,912,0
675,676,0
675,861,0
675,867,0
675,1726,0
675,1727,0
676,861,0
676,867,0
678,765,0
679,697,0
679,1008,0
679,1129,0
680,681,0
680,1320,0
681,1320,0
682,683,0
682,703,0
682,1197,0
682,1457,0
682,1581,0
683,703,0
683,1197,0
683,1581,0
683,1590,0
684,1068,0
684,1107,0
684,1672,0
684,1673,0
685,906,0
686,923,0
686,932,0
687,688,0
687,691,0
687,750,0
687,780,0
687,940,0
687,1056,0
687,1079,0
687,1080,0
687,1106,0
687,1327,0
687,1344,0
687,1576,0
688,1056,0
688,1576,0
689,726,0
691,750,0
691,1096,0
692,913,0
693,881,0
693,1519,0
693,1537,0
694,1203,0
695,729,0
695,1733,0
696,697,0
696,705,0
697,705,0
699,1561,0
699,1618,0
700,704,0
703,1197,0
703,1457,0
710,746,0
710,1034,0
710,1035,0
710,1219,0
710,1233,0
710,1234,0
710,1492,0
710,1599,0
710,1667,0
710,1707,0
712,713,0
714,742,0
714,799,0
714,833,0
714,840,0
714,841,0
714,1033,0
714,1101,0
714,1139,0
714,1176,0
714,1209,0
714,1477,0
714,1544,0
716,717,0
716,809,0
717,809,0
719,720,0
719,801,0
719,1171,0
719,1431,0
720,748,0
720,801,0
720,876,0
720,1171,0
720,1431,0
720,1532,0
722,723,0
722,816,0
722,1651,0
723,816,0
723,1651,0
727,728,0
727,1536,0
728,810,0
728,1536,0
729,1379,0
729,1733,0
731,865,0
731,1006,0
731,1007,0
731,1116,0
731,1171,0
731,1687,0
731,1753,0
732,970,0
732,1104,0
732,1356,0
733,831,0
733,854,0
733,865,0
733,934,0
733,950,0
733,1071,0
733,1076,0
733,1128,0
733,1354,0
733,1364,0
734,844,0
734,845,0
734,1259,0
734,1540,0
735,825,0
735,967,0
735,1626,0
736,1261,0
736,1715,0
738,772,0
739,740,0
739,1001,0
739,1349,0
739,1514,0
740,1001,0
740,1049,0
740,1330,0
740,1349,0
740,1514,0
741,1265,0
743,965,0
743,1450,0
743,1633,0
745,764,0
745,1416,0
746,1219,0
747,1147,0
747,1460,0
748,801,0
748,817,0
748,876,0
748,1532,0
750,780,0
750,940,0
750,1106,0
750,1327,0
750,1344,0
751,752,0
751,1373,0
751,1448,0
752,847,0
752,1005,0
752,1373,0
752,1448,0
754,813,0
754,974,0
754,985,0
754,986,0
754,1122,0
754,1376,0
754,1486,0
757,956,0
758,898,0
759,1191,0
759,1338,0
761,900,0
761,937,0
761,983,0
761,1030,0
761,1225,0
761,1677,0
763,848,0
764,1136,0
764,1416,0
767,1459,0
767,1467,0
768,870,0
768,991,0
770,782,0
770,835,0
770,865,0
770,886,0
770,887,0
770,994,0
770,1115,0
770,1272,0
770,1293,0
770,1316,0
770,1375,0
770,1458,0
771,822,0
771,894,0
771,948,0
771,952,0
771,966,0
771,1027,0
771,1183,0
771,1188,0
771,1390,0
771,1531,0
771,1763,0
772,1258,0
773,1425,0
776,935,0
777,806,0
777,1528,0
777,1691,0
780,940,0
780,1080,0
780,1106,0
780,1327,0
780,1344,0
781,1302,0
781,1533,0
782,829,0
782,830,0
782,932,0
782,1024,0
782,1063,0
782,1202,0
782,1260,0
782,1529,0
782,1612,0
783,784,0
785,839,0
785,1003,0
785,1141,0
786,1468,0
786,1725,0
789,1446,0
791,792,0
791,1411,0
793,794,0
793,885,0
793,1028,0
794,885,0
794,1028,0
795,1294,0
797,1611,0
799,840,0
799,841,0
799,848,0
799,1477,0
799,1527,0
801,876,0
801,1532,0
801,1749,0
802,918,0
805,1127,0
806,1528,0
806,1691,0
807,1478,0
808,903,0
808,1211,0
808,1615,0
812,903,0
812,1422,0
812,1554,0
812,1656,0
813,974,0
813,1180,0
813,1185,0
813,1333,0
816,868,0
816,1000,0
816,1161,0
816,1201,0
816,1419,0
817,1145,0
817,1661,0
821,1311,0
822,1070,0
822,1519,0
822,1708,0
823,1436,0
827,828,0
829,830,0
831,854,0
831,1354,0
833,966,0
833,1033,0
833,1064,0
833,1095,0
833,1139,0
833,1166,0
833,1193,0
833,1277,0
833,1369,0
833,1501,0
835,886,0
835,887,0
835,994,0
835,1115,0
835,1272,0
835,1375,0
836,837,0
838,1521,0
839,1003,0
839,1400,0
840,841,0
840,1477,0
841,1477,0
843,871,0
844,845,0
844,1009,0
845,876,0
845,925,0
845,1015,0
845,1279,0
845,1310,0
845,1329,0
845,1397,0
845,1591,0
846,1006,0
846,1239,0
846,1240,0
846,1254,0
847,872,0
847,1005,0
847,1355,0
848,1527,0
849,850,0
849,1220,0
849,1254,0
849,1395,0
849,1415,0
850,1220,0
850,1254,0
851,1475,0
853,1360,0
853,1408,0
853,1526,0
853,1582,0
854,1354,0
857,1469,0
858,859,0
858,1500,0
858,1509,0
858,1567,0
859,1500,0
859,1509,0
861,942,0
861,1170,0
861,1342,0
861,1566,0
862,1321,0
863,890,0
863,899,0
863,1042,0
863,1043,0
863,1099,0
863,1524,0
864,1011,0
864,1695,0
865,950,0
865,952,0
865,1030,0
865,1071,0
865,1076,0
865,1128,0
865,1187,0
865,1192,0
865,1293,0
865,1316,0
865,1364,0
865,1392,0
865,1393,0
868,1000,0
868,1201,0
872,1355,0
874,875,0
876,925,0
876,1015,0
876,1310,0
876,1329,0
876,1532,0
878,879,0
878,938,0
878,959,0
879,938,0
879,959,0
880,924,0
881,1485,0
881,1519,0
882,883,0
882,1430,0
883,1430,0
885,1028,0
886,887,0
886,994,0
886,1115,0
886,1272,0
886,1375,0
887,994,0
887,1115,0
887,1272,0
887,1375,0
888,889,0
888,1323,0
888,1573,0
888,1684,0
889,1323,0
889,1684,0
890,899,0
890,1042,0
890,1043,0
890,1099,0
890,1524,0
894,1183,0
895,1180,0
896,897,0
896,953,0
896,1020,0
896,1341,0
896,1683,0
897,953,0
897,1020,0
897,1341,0
897,1683,0
899,1042,0
899,1043,0
899,1099,0
899,1524,0
900,983,0
904,905,0
904,1018,0
905,1018,0
907,908,0
907,933,0
907,1040,0
909,975,0
910,937,0
910,1045,0
910,1232,0
910,1391,0
910,1435,0
914,1162,0
914,1246,0
914,1414,0
915,1198,0
915,1269,0
921,922,0
923,932,0
925,1015,0
925,1310,0
925,1329,0
926,1371,0
927,928,0
927,976,0
927,977,0
928,976,0
928,977,0
929,1097,0
930,931,0
930,935,0
930,941,0
931,941,0
931,978,0
931,1449,0
932,951,0
932,995,0
932,1113,0
932,1120,0
932,1260,0
932,1529,0
932,1569,0
933,1037,0
933,1040,0
933,1098,0
934,1675,0
936,937,0
936,1064,0
936,1616,0
936,1644,0
937,1030,0
937,1045,0
937,1064,0
937,1132,0
937,1172,0
937,1225,0
937,1232,0
937,1391,0
937,1435,0
937,1616,0
938,959,0
939,940,0
939,1719,0
940,1106,0
940,1327,0
940,1344,0
940,1719,0
941,1420,0
943,1759,0
945,946,0
945,1602,0
946,1602,0
947,1083,0
947,1394,0
948,1390,0
949,1164,0
950,1071,0
950,1076,0
950,1128,0
950,1364,0
952,1030,0
953,1020,0
953,1341,0
953,1683,0
954,955,0
954,1297,0
955,1297,0
957,958,0
957,1655,0
958,1655,0
961,962,0
963,964,0
963,1144,0
964,1144,0
965,1450,0
965,1633,0
966,1501,0
969,1410,0
969,1439,0
969,1768,0
971,1304,0
972,973,0
974,1040,0
976,977,0
978,1238,0
978,1449,0
980,1039,0
980,1224,0
980,1692,0
981,1148,0
984,1606,0
985,986,0
985,1122,0
985,1486,0
985,1627,0
985,1628,0
986,1122,0
986,1486,0
986,1551,0
987,1309,0
988,1013,0
988,1193,0
988,1645,0
988,1745,0
993,1229,0
993,1423,0
994,1115,0
994,1272,0
994,1375,0
995,1113,0
995,1120,0
995,1569,0
996,1217,0
996,1218,0
996,1512,0
997,1332,0
998,1729,0
1000,1201,0
1001,1349,0
1001,1514,0
1005,1625,0
1006,1007,0
1006,1116,0
1006,1647,0
1006,1732,0
1007,1116,0
1008,1129,0
1008,1353,0
1011,1012,0
1011,1658,0
1011,1695,0
1012,1167,0
1012,1168,0
1012,1284,0
1012,1298,0
1012,1517,0
1012,1658,0
1013,1030,0
1013,1066,0
1015,1310,0
1015,1329,0
1016,1017,0
1016,1543,0
1016,1737,0
1017,1543,0
1019,1386,0
1020,1341,0
1020,1683,0
1022,1412,0
1023,1062,0
1024,1063,0
1025,1026,0
1027,1188,0
1027,1531,0
1027,1763,0
1028,1065,0
1028,1631,0
1029,1112,0
1030,1066,0
1030,1225,0
1030,1262,0
1030,1529,0
1030,1560,0
1030,1595,0
1030,1614,0
1030,1654,0
1030,1690,0
1033,1139,0
1034,1035,0
1034,1599,0
1035,1599,0
1036,1300,0
1037,1098,0
1037,1135,0
1039,1224,0
1039,1692,0
1040,1041,0
1042,1043,0
1042,1099,0
1042,1524,0
1043,1099,0
1043,1524,0
1045,1232,0
1045,1391,0
1045,1435,0
1046,1047,0
1048,1084,0
1048,1085,0
1048,1111,0
1048,1134,0
1048,1523,0
1049,1330,0
1049,1380,0
1049,1381,0
1050,1051,0
1050,1505,0
1051,1505,0
1053,1054,0
1053,1103,0
1055,1640,0
1056,1576,0
1058,1059,0
1058,1664,0
1059,1664,0
1060,1061,0
1064,1616,0
1066,1067,0
1066,1114,0
1067,1114,0
1068,1107,0
1070,1708,0
1071,1076,0
1071,1128,0
1071,1364,0
1073,1074,0
1076,1128,0
1076,1364,0
1078,1189,0
1079,1080,0
1080,1448,0
1080,1498,0
1080,1576,0
1080,1703,0
1082,1456,0
1083,1394,0
1084,1085,0
1084,1523,0
1085,1523,0
1086,1087,0
1086,1676,0
1087,1676,0
1088,1242,0
1089,1166,0
1089,1202,0
1089,1494,0
1089,1510,0
1090,1091,0
1090,1154,0
1091,1154,0
1093,1145,0
1093,1205,0
1095,1143,0
1095,1301,0
1095,1369,0
1096,1327,0
1096,1547,0
1099,1524,0
1100,1108,0
1101,1176,0
1102,1465,0
1104,1356,0
1106,1327,0
1106,1344,0
1109,1110,0
1109,1499,0
1110,1499,0
1111,1134,0
1113,1120,0
1113,1569,0
1115,1272,0
1115,1375,0
1118,1721,0
1120,1569,0
1122,1486,0
1123,1741,0
1124,1190,0
1125,1126,0
1128,1364,0
1132,1172,0
1132,1720,0
1133,1224,0
1138,1334,0
1138,1653,0
1138,1718,0
1142,1301,0
1142,1583,0
1142,1635,0
1144,1145,0
1144,1385,0
1144,1452,0
1144,1588,0
1145,1169,0
1145,1205,0
1145,1385,0
1145,1452,0
1145,1588,0
1145,1661,0
1146,1609,0
1149,1150,0
1149,1769,0
1150,1769,0
1151,1152,0
1151,1597,0
1155,1619,0
1157,1158,0
1157,1317,0
1158,1317,0
1161,1419,0
1162,1163,0
1162,1246,0
1162,1414,0
1167,1168,0
1167,1284,0
1167,1298,0
1167,1517,0
1168,1284,0
1168,1298,0
1168,1517,0
1170,1342,0
1170,1566,0
1171,1431,0
1171,1687,0
1172,1230,0
1172,1231,0
1172,1288,0
1176,1596,0
1177,1304,0
1177,1648,0
1179,1280,0
1180,1185,0
1187,1192,0
1187,1392,0
1187,1393,0
1188,1531,0
1188,1763,0
1192,1392,0
1192,1393,0
1193,1277,0
1193,1645,0
1193,1745,0
1194,1499,0
1195,1417,0
1198,1269,0
1199,1200,0
1201,1245,0
1202,1494,0
1202,1510,0
1202,1612,0
1204,1574,0
1206,1207,0
1209,1544,0
1211,1615,0
1213,1214,0
1215,1450,0
1217,1218,0
1217,1512,0
1218,1512,0
1220,1254,0
1221,1222,0
1224,1692,0
1229,1423,0
1230,1231,0
1230,1288,0
1231,1288,0
1232,1391,0
1232,1435,0
1233,1234,0
1233,1368,0
1233,1492,0
1233,1667,0
1234,1492,0
1234,1667,0
1235,1236,0
1235,1555,0
1236,1555,0
1237,1267,0
1237,1268,0
1239,1240,0
1241,1579,0
1242,1306,0
1246,1414,0
1247,1424,0
1249,1400,0
1250,1742,0
1251,1328,0
1252,1253,0
1252,1705,0
1253,1705,0
1255,1256,0
1255,1421,0
1255,1494,0
1259,1363,0
1260,1529,0
1261,1715,0
1263,1264,0
1263,1637,0
1264,1637,0
1266,1355,0
1266,1652,0
1267,1268,0
1271,1324,0
1272,1375,0
1273,1274,0
1273,1348,0
1274,1348,0
1278,1343,0
1280,1281,0
1280,1701,0
1281,1701,0
1282,1372,0
1283,1515,0
1284,1298,0
1284,1517,0
1285,1286,0
1285,1471,0
1286,1471,0
1289,1290,0
1289,1651,0
1290,1651,0
1292,1316,0
1293,1316,0
1294,1575,0
1298,1517,0
1299,1573,0
1301,1583,0
1304,1648,0
1305,1431,0
1308,1315,0
1310,1329,0
1312,1313,0
1312,1511,0
1312,1629,0
1313,1511,0
1313,1629,0
1322,1757,0
1323,1684,0
1326,1587,0
1327,1344,0
1327,1547,0
1331,1660,0
1335,1580,0
1338,1765,0
1339,1462,0
1341,1683,0
1342,1566,0
1345,1496,0
1346,1428,0
1349,1403,0
1349,1476,0
1349,1514,0
1350,1351,0
1355,1402,0
1355,1552,0
1356,1357,0
1356,1670,0
1357,1670,0
1360,1408,0
1360,1526,0
1360,1582,0
1366,1367,0
1370,1420,0
1373,1448,0
1377,1378,0
1380,1381,0
1383,1738,0
1385,1452,0
1385,1588,0
1387,1717,0
1391,1435,0
1392,1393,0
1395,1415,0
1397,1591,0
1398,1399,0
1398,1429,0
1398,1464,0
1399,1429,0
1399,1464,0
1402,1552,0
1402,1587,0
1403,1476,0
1404,1405,0
1404,1761,0
1405,1761,0
1406,1520,0
1408,1526,0
1408,1582,0
1410,1439,0
1421,1494,0
1427,1714,0
1429,1464,0
1431,1680,0
1433,1620,0
1434,1678,0
1437,1572,0
1440,1686,0
1441,1442,0
1444,1445,0
1448,1498,0
1448,1576,0
1448,1703,0
1450,1451,0
1450,1633,0
1452,1588,0
1455,1508,0
1459,1467,0
1466,1771,0
1481,1482,0
1481,1750,0
1482,1750,0
1489,1731,0
1490,1491,0
1490,1538,0
1491,1538,0
1492,1667,0
1494,1510,0
1497,1700,0
1498,1576,0
1498,1703,0
1500,1509,0
1502,1503,0
1502,1550,0
1503,1550,0
1507,1604,0
1511,1629,0
1513,1543,0
1518,1743,0
1526,1582,0
1529,1595,0
1531,1763,0
1532,1539,0
1534,1535,0
1534,1641,0
1534,1657,0
1535,1641,0
1539,1540,0
1539,1766,0
1540,1766,0
1554,1656,0
1558,1559,0
1558,1668,0
1559,1668,0
1560,1614,0
1561,1618,0
1564,1565,0
1564,1665,0
1565,1665,0
1576,1703,0
1578,1674,0
1578,1704,0
1584,1752,0
1585,1613,0
1593,1594,0
1600,1601,0
1605,1612,0
1610,1611,0
1615,1639,0
1627,1628,0
1638,1755,0
1642,1643,0
1645,1745,0
1647,1732,0
1649,1650,0
1653,1718,0
1654,1690,0
1672,1673,0
1674,1704,0
1696,1697,0
1696,1713,0
1697,1713,0
1698,1699,0
1726,1727,0
1746,1747,0
1746,1748,0
1747,1748,0
1764,1770,0
