1,2,0
3,2,0
4,2,0
5,2,0
6,2,0
7,2,0
8,2,0
9,10,0
11,10,0
12,10,0
13,10,0
14,10,0
15,10,0
16,10,0
17,10,0
18,10,0
19,10,0
20,21,0
22,21,0
23,21,0
24,21,0
25,21,0
26,21,0
27,21,0
28,21,0
29,21,0
30,21,0
31,32,0
33,32,0
34,32,0
35,32,0
36,32,0
37,32,0
38,32,0
39,32,0
40,32,0
41,32,0
42,43,0
44,43,0
45,43,0
46,43,0
47,43,0
48,43,0
49,43,0
50,43,0
51,43,0
52,43,0
53,54,0
55,54,0
56,54,0
57,54,0
58,54,0
59,54,0
60,61,0
62,63,0
64,61,0
65,61,0
66,67,0
68,69,0
70,71,0
72,73,0
74,75,0
76,77,0
78,73,0
79,73,0
80,81,0
82,83,0
84,85,0
86,87,0
88,87,0
89,73,0
90,81,0
91,73,0
92,93,0
94,95,0
96,97,0
98,99,0
100,101,0
102,103,0
104,105,0
106,107,0
108,109,0
110,109,0
111,112,0
113,114,0
115,116,0
117,118,0
119,120,0
121,122,0
123,124,0
125,126,0
127,128,0
129,85,0
130,109,0
131,132,0
133,124,0
134,135,0
136,109,0
137,138,0
139,140,0
141,142,0
143,144,0
145,146,0
147,54,0
148,149,0
150,151,0
152,54,0
153,146,0
154,155,0
156,54,0
157,73,0
158,159,0
160,161,0
162,163,0
164,114,0
165,166,0
167,114,0
168,169,0
170,169,0
171,172,0
173,109,0
174,175,0
176,175,0
177,99,0
178,179,0
180,181,0
182,183,0
184,75,0
185,146,0
186,54,0
187,73,0
188,73,0
189,109,0
190,191,0
192,191,0
193,191,0
194,191,0
195,191,0
196,191,0
197,191,0
198,191,0
199,191,0
200,191,0
201,202,0
203,202,0
204,202,0
205,202,0
206,202,0
207,202,0
208,202,0
209,202,0
210,202,0
211,202,0
212,213,0
214,213,0
215,213,0
216,213,0
217,213,0
218,213,0
219,213,0
220,213,0
221,213,0
222,213,0
223,224,0
225,224,0
226,224,0
227,224,0
228,224,0
229,224,0
230,224,0
231,224,0
232,224,0
233,224,0
234,235,0
236,235,0
237,235,0
238,235,0
239,235,0
240,235,0
241,235,0
242,235,0
243,235,0
244,235,0
245,246,0
247,246,0
248,246,0
249,246,0
250,246,0
251,246,0
252,246,0
253,246,0
254,246,0
255,246,0
256,257,0
258,257,0
259,257,0
260,257,0
261,257,0
262,257,0
263,257,0
264,257,0
181,257,0
265,257,0
266,267,0
268,267,0
269,267,0
270,267,0
271,267,0
272,267,0
273,267,0
274,267,0
275,267,0
276,267,0
277,278,0
279,278,0
280,278,0
281,278,0
282,278,0
283,278,0
284,278,0
285,278,0
286,278,0
287,278,0
288,289,0
290,289,0
291,289,0
292,289,0
293,289,0
294,289,0
295,289,0
296,289,0
297,289,0
298,289,0
299,300,0
301,300,0
302,300,0
303,300,0
304,300,0
305,300,0
306,300,0
307,300,0
142,300,0
308,300,0
63,309,0
310,309,0
69,309,0
311,309,0
101,309,0
312,309,0
138,309,0
140,309,0
313,309,0
314,309,0
87,315,0
146,315,0
316,317,0
318,319,0
320,315,0
321,315,0
322,315,0
323,315,0
324,319,0
325,315,0
93,315,0
105,315,0
326,315,0
116,327,0
95,328,0
329,327,0
97,327,0
330,327,0
331,327,0
332,327,0
333,327,0
334,327,0
335,327,0
336,327,0
120,337,0
338,337,0
339,337,0
340,337,0
341,337,0
342,337,0
343,337,0
344,337,0
345,337,0
346,337,0
347,348,0
349,348,0
350,348,0
351,348,0
352,348,0
353,348,0
354,348,0
355,348,0
356,348,0
357,348,0
358,359,0
360,359,0
361,359,0
362,359,0
363,359,0
364,359,0
365,359,0
366,359,0
367,359,0
368,359,0
369,370,0
371,370,0
372,370,0
373,370,0
374,370,0
375,370,0
376,370,0
377,370,0
378,370,0
379,370,0
380,381,0
382,381,0
383,381,0
384,381,0
385,381,0
386,381,0
387,381,0
388,381,0
389,381,0
390,381,0
391,392,0
393,392,0
394,392,0
395,392,0
396,392,0
397,392,0
398,392,0
399,392,0
400,392,0
401,392,0
402,403,0
404,403,0
405,403,0
406,403,0
407,403,0
408,403,0
409,403,0
410,403,0
411,403,0
412,403,0
413,414,0
415,414,0
416,414,0
417,414,0
418,414,0
419,414,0
420,414,0
421,414,0
422,414,0
423,414,0
424,425,0
426,425,0
427,425,0
428,425,0
429,425,0
430,425,0
431,425,0
432,425,0
433,425,0
434,425,0
435,436,0
437,436,0
438,436,0
439,436,0
440,436,0
441,436,0
442,436,0
443,436,0
444,436,0
445,436,0
446,447,0
448,447,0
449,447,0
450,447,0
451,447,0
452,447,0
453,447,0
454,447,0
455,447,0
456,447,0
457,458,0
459,458,0
460,458,0
461,458,0
462,458,0
463,458,0
464,458,0
465,458,0
466,458,0
467,458,0
468,469,0
470,469,0
471,469,0
472,469,0
473,469,0
474,469,0
475,469,0
61,469,0
67,469,0
476,469,0
477,478,0
479,478,0
71,478,0
480,478,0
481,478,0
482,478,0
483,478,0
484,478,0
485,478,0
486,478,0
487,488,0
489,488,0
490,488,0
491,488,0
492,488,0
493,488,0
494,488,0
495,488,0
496,488,0
497,488,0
498,499,0
500,499,0
501,499,0
502,499,0
114,499,0
124,499,0
126,499,0
503,499,0
99,499,0
504,499,0
505,506,0
507,506,0
508,506,0
107,506,0
509,506,0
510,506,0
511,506,0
512,506,0
513,506,0
112,506,0
514,515,0
516,515,0
118,515,0
128,515,0
517,515,0
122,515,0
132,515,0
518,515,0
519,515,0
520,515,0
521,522,0
523,522,0
524,522,0
525,522,0
526,522,0
527,522,0
135,522,0
528,522,0
529,522,0
530,522,0
531,532,0
533,532,0
534,532,0
535,532,0
83,532,0
103,532,0
536,532,0
537,532,0
538,532,0
539,532,0
540,541,0
542,541,0
543,541,0
544,541,0
545,541,0
546,541,0
547,541,0
548,541,0
549,541,0
550,541,0
551,552,0
553,552,0
554,552,0
555,552,0
556,552,0
557,552,0
558,552,0
559,552,0
560,552,0
561,552,0
562,563,0
564,563,0
565,566,0
567,568,0
569,563,0
570,563,0
571,572,0
573,563,0
574,563,0
575,563,0
576,563,0
577,563,0
578,563,0
579,580,0
581,580,0
582,580,0
583,580,0
584,580,0
585,580,0
586,580,0
587,580,0
588,580,0
589,590,0
591,592,0
593,594,0
595,594,0
596,594,0
597,594,0
598,580,0
599,590,0
600,594,0
601,594,0
602,594,0
603,594,0
604,605,0
606,605,0
607,594,0
608,609,0
610,609,0
611,609,0
612,594,0
613,605,0
614,609,0
615,609,0
616,609,0
617,609,0
618,609,0
619,609,0
620,609,0
621,622,0
623,622,0
624,622,0
625,622,0
626,622,0
627,622,0
628,622,0
629,622,0
630,622,0
631,622,0
632,633,0
634,633,0
635,633,0
636,633,0
637,633,0
638,633,0
639,633,0
640,633,0
641,633,0
642,633,0
643,644,0
645,644,0
646,644,0
647,644,0
648,644,0
649,644,0
650,644,0
651,644,0
652,644,0
653,644,0
654,317,0
655,317,0
656,317,0
657,317,0
658,317,0
659,317,0
660,661,0
662,317,0
663,317,0
664,317,0
665,319,0
666,319,0
667,319,0
668,319,0
669,319,0
670,319,0
671,319,0
672,319,0
673,674,0
675,674,0
676,674,0
677,674,0
678,674,0
679,674,0
680,674,0
681,674,0
682,674,0
683,674,0
684,685,0
686,685,0
687,685,0
688,685,0
689,685,0
690,685,0
691,685,0
692,685,0
693,685,0
694,685,0
695,696,0
697,696,0
698,696,0
699,696,0
700,696,0
701,696,0
702,696,0
703,696,0
704,696,0
705,696,0
706,707,0
708,707,0
709,707,0
710,707,0
711,707,0
712,707,0
713,707,0
714,707,0
715,707,0
716,707,0
717,718,0
719,718,0
720,718,0
721,718,0
722,718,0
723,718,0
724,718,0
725,718,0
144,718,0
726,718,0
727,728,0
729,728,0
730,728,0
731,728,0
732,728,0
733,728,0
734,728,0
735,728,0
736,728,0
737,728,0
738,739,0
740,739,0
741,739,0
742,739,0
743,739,0
744,739,0
745,739,0
149,739,0
746,739,0
747,739,0
748,749,0
750,749,0
751,749,0
752,749,0
753,749,0
754,749,0
755,749,0
756,749,0
757,749,0
758,749,0
151,759,0
159,759,0
760,759,0
761,759,0
762,759,0
763,759,0
764,759,0
765,759,0
766,759,0
767,759,0
768,590,0
769,590,0
770,590,0
771,590,0
772,590,0
773,590,0
161,605,0
774,605,0
166,590,0
775,605,0
776,592,0
777,592,0
778,590,0
779,592,0
780,592,0
781,592,0
782,592,0
169,783,0
172,784,0
785,783,0
786,787,0
788,789,0
790,783,0
791,783,0
792,783,0
793,783,0
794,783,0
795,783,0
796,605,0
797,798,0
799,783,0
800,801,0
802,801,0
803,801,0
804,783,0
805,605,0
806,801,0
807,801,0
808,801,0
809,801,0
810,801,0
811,801,0
812,801,0
813,814,0
815,798,0
816,817,0
818,814,0
819,814,0
820,814,0
821,814,0
822,814,0
823,817,0
824,814,0
825,814,0
826,814,0
827,814,0
828,829,0
830,831,0
832,829,0
833,829,0
834,829,0
835,829,0
179,836,0
837,838,0
839,829,0
840,817,0
75,829,0
841,829,0
842,829,0
843,829,0
844,845,0
846,845,0
847,845,0
848,845,0
849,845,0
850,845,0
851,845,0
852,845,0
853,845,0
854,845,0
855,856,0
857,856,0
858,856,0
859,856,0
860,856,0
861,856,0
862,856,0
863,856,0
864,856,0
865,856,0
866,85,0
867,868,0
869,870,0
871,872,0
873,868,0
874,868,0
875,868,0
876,868,0
877,868,0
878,868,0
879,868,0
880,868,0
881,868,0
882,883,0
884,817,0
885,817,0
886,883,0
887,883,0
888,883,0
889,817,0
890,883,0
891,883,0
892,883,0
893,883,0
894,661,0
895,817,0
896,817,0
897,898,0
899,900,0
901,883,0
183,817,0
902,903,0
904,903,0
905,906,0
907,906,0
908,592,0
909,592,0
910,911,0
912,883,0
913,906,0
914,906,0
915,592,0
916,906,0
917,918,0
919,906,0
920,817,0
921,922,0
923,906,0
924,900,0
925,926,0
927,906,0
928,922,0
929,906,0
930,906,0
903,931,0
932,931,0
933,931,0
934,931,0
935,931,0
936,931,0
937,931,0
938,931,0
939,931,0
940,931,0
941,942,0
943,942,0
944,942,0
945,942,0
946,942,0
947,922,0
948,922,0
949,942,0
950,922,0
951,942,0
952,953,0
926,953,0
954,942,0
955,942,0
956,942,0
957,953,0
958,953,0
959,953,0
960,953,0
961,953,0
962,963,0
964,963,0
965,963,0
966,963,0
967,963,0
968,963,0
969,963,0
970,963,0
971,963,0
972,963,0
973,974,0
975,974,0
976,974,0
977,974,0
978,974,0
979,974,0
980,974,0
981,974,0
982,974,0
983,974,0
984,985,0
986,985,0
987,985,0
988,985,0
989,985,0
155,985,0
990,985,0
991,985,0
992,985,0
993,985,0
994,995,0
996,995,0
997,995,0
998,995,0
999,995,0
1000,995,0
1001,995,0
1002,995,0
1003,995,0
1004,995,0
1005,1006,0
1007,1006,0
870,1006,0
1008,1006,0
1009,1006,0
1010,1006,0
1011,1006,0
1012,1006,0
1013,1006,0
1014,1006,0
831,1015,0
1016,1015,0
1017,1015,0
1018,1015,0
1019,1015,0
1020,1015,0
1021,1015,0
1022,1015,0
1023,1015,0
1024,1015,0
1025,1026,0
1027,1026,0
1028,1026,0
1029,1026,0
175,1026,0
1030,1026,0
1031,1026,0
1032,1026,0
1033,1026,0
1034,1026,0
1035,1036,0
1037,1036,0
1038,1036,0
1039,1036,0
77,1036,0
85,1036,0
1040,1036,0
1041,1036,0
1042,1036,0
1043,1036,0
1044,1045,0
1046,1045,0
1047,1045,0
1048,1045,0
1049,1045,0
1050,1045,0
1051,1045,0
1052,1045,0
1053,1045,0
1054,1045,0
1055,1056,0
1057,1056,0
1058,1056,0
1059,1056,0
1060,1056,0
1061,1056,0
1062,1056,0
1063,1056,0
1064,1056,0
1065,1056,0
1066,1067,0
1068,1067,0
1069,1067,0
1070,953,0
1071,953,0
1072,953,0
1073,1074,0
1075,1076,0
1077,922,0
1078,922,0
1079,1067,0
1080,1067,0
1081,1067,0
1082,922,0
1083,1067,0
1084,1085,0
1086,1067,0
1087,1085,0
1088,1089,0
1085,1090,0
1090,1091,0
1092,1093,0
1094,1095,0
1096,1067,0
1097,552,0
1098,661,0
1099,1100,0
1101,1102,0
1103,1104,0
1105,1100,0
1106,1100,0
1107,1100,0
81,1100,0
1108,1100,0
1109,1100,0
1110,1100,0
1111,1100,0
1112,1113,0
1114,1113,0
1115,1113,0
1116,1113,0
1117,1113,0
1118,1113,0
1119,1113,0
1120,1113,0
1121,1113,0
1122,1113,0
1123,328,0
1124,328,0
1125,328,0
1126,328,0
1127,328,0
1128,328,0
1129,328,0
1130,328,0
1131,328,0
1132,922,0
1133,1134,0
1135,1134,0
1136,1134,0
1137,1138,0
1139,605,0
1140,922,0
1141,605,0
1142,1134,0
1143,1138,0
1144,1138,0
1145,1138,0
838,1138,0
661,1138,0
2,1138,0
10,1138,0
21,1138,0
32,1138,0
43,1146,0
54,1146,0
73,1146,0
109,1146,0
191,1146,0
202,1146,0
213,1146,0
224,1146,0
235,1146,0
246,1146,0
257,1147,0
267,1147,0
278,1147,0
289,1147,0
300,1147,0
309,1134,0
315,1134,0
327,1134,0
337,1134,0
348,1148,0
359,1148,0
370,1147,0
381,1134,0
392,1147,0
403,1134,0
414,1147,0
425,1148,0
436,1148,0
447,1148,0
458,1148,0
469,1148,0
478,1148,0
488,1149,0
499,1147,0
506,1148,0
515,1147,0
522,1148,0
532,1150,0
541,1149,0
552,1151,0
563,1150,0
580,1150,0
594,1150,0
609,1152,0
622,1152,0
633,1150,0
644,1150,0
317,1150,0
319,1150,0
674,1150,0
685,1150,0
696,1153,0
707,1153,0
718,1153,0
728,1153,0
739,1153,0
749,1153,0
759,1153,0
590,1153,0
592,1153,0
783,1153,0
801,1154,0
814,1154,0
829,1154,0
845,1154,0
856,1154,0
868,1154,0
883,1154,0
906,1154,0
931,1154,0
942,1154,0
953,1155,0
963,1155,0
974,1155,0
985,1155,0
995,1155,0
1006,1155,0
1015,1155,0
1026,1155,0
1036,1155,0
1045,1155,0
1056,1156,0
1067,1156,0
1100,1156,0
1113,1156,0
328,1156,0
605,1156,0
1138,1156,0
1146,1156,0
1147,1156,0
1150,1156,0
1153,1157,0
1154,1157,0
1155,1157,0
1156,1157,0
1157,1158,0
1158,1159,0
1160,1161,0
1162,1163,0
1164,1165,0
1166,922,0
1159,1167,0
1168,1169,0
1170,1171,0
1172,1173,0
1174,918,0
1175,1176,0
1177,1178,0
1179,1180,0
1181,1182,0
1183,1184,0
1161,1185,0
1186,1187,0
1188,1189,0
1190,1191,0
1192,1193,0
1194,1195,0
1196,1197,0
1198,1199,0
1200,1201,0
1202,1203,0
1163,1204,0
1205,1206,0
1207,1208,0
1209,1210,0
1211,1212,0
1213,1214,0
1215,1216,0
1217,1218,0
1219,1220,0
1221,1222,0
1223,1224,0
1225,1226,0
1165,1227,0
1228,1229,0
1230,1231,0
1232,1233,0
1234,1235,0
1236,1237,0
1238,1239,0
1240,1241,0
1242,1243,0
1244,1245,0
798,1246,0
817,1247,0
922,1248,0
1134,1249,0
1148,1250,0
1149,1251,0
1252,1253,0
1254,1255,0
1256,1257,0
1258,1259,0
1260,1261,0
1262,1263,0
1264,1265,0
1266,1267,0
1167,1268,0
1269,1270,0
1271,1272,0
1273,1274,0
1275,1276,0
1277,1278,0
1279,1280,0
1281,1282,0
1283,1284,0
1285,1286,0
1169,1287,0
1288,1289,0
1290,1291,0
900,1292,0
1293,1294,0
1295,1296,0
1297,1298,0
1299,1300,0
1301,1302,0
1303,1304,0
1171,1305,0
1306,1307,0
1308,1309,0
1310,1311,0
1312,1313,0
1314,1315,0
1316,1317,0
1318,1319,0
1320,1321,0
1322,1323,0
1173,1324,0
1325,1326,0
1327,1328,0
1329,1330,0
1331,1332,0
1333,1334,0
1335,1336,0
1337,1338,0
1339,1340,0
1341,1342,0
918,1343,0
1344,1345,0
1346,1347,0
1348,1349,0
1089,1350,0
1351,1352,0
1353,1354,0
1355,1356,0
1357,1358,0
1359,1360,0
1176,1361,0
1362,1363,0
1364,1365,0
1366,1367,0
1368,1369,0
1370,1371,0
1372,1373,0
1374,1375,0
1376,1377,0
1378,1379,0
1178,1380,0
1381,1382,0
1383,1384,0
1195,1385,0
1197,1386,0
1387,1388,0
1389,1390,0
1369,1391,0
1377,1392,0
1393,1394,0
1395,1396,0
1397,1398,0
1399,1400,0
1401,1402,0
1403,1404,0
1405,1406,0
1407,1408,0
1199,1409,0
1410,1411,0
1412,1413,0
1414,1415,0
1416,1417,0
1418,1419,0
1420,1421,0
1422,1423,0
1424,1425,0
1426,1427,0
1201,1428,0
1429,1430,0
1431,1432,0
1433,1434,0
1435,1436,0
1437,1438,0
1439,1440,0
163,1441,0
1442,1443,0
1444,1445,0
1203,1446,0
1447,1448,0
1449,1450,0
1451,1452,0
1453,1454,0
1455,1456,0
1457,1458,0
1459,1460,0
1461,1462,0
1463,1464,0
1204,1465,0
1466,1467,0
