0,1,0
0,2,0
1,2,0
1,3,0
1,4,0
10,11,0
10,12,0
100,101,0
100,102,0
100,103,0
101,103,0
104,105,0
104,106,0
105,106,0
106,107,0
107,108,0
107,109,0
108,109,0
11,12,0
110,111,0
110,112,0
111,112,0
113,114,0
113,115,0
114,116,0
114,117,0
114,119,0
115,118,0
115,119,0
115,120,0
116,117,0
116,119,0
116,120,0
116,121,0
117,120,0
118,119,0
119,120,0
122,123,0
123,124,0
125,126,0
126,127,0
129,130,0
129,131,0
129,134,0
129,137,0
13,14,0
13,37,0
13,40,0
130,131,0
130,132,0
130,137,0
131,132,0
132,133,0
133,134,0
133,137,0
134,135,0
134,137,0
135,136,0
136,137,0
137,138,0
14,15,0
15,16,0
16,17,0
17,18,0
17,19,0
17,20,0
17,21,0
17,46,0
17,55,0
17,56,0
18,22,0
19,21,0
19,29,0
19,55,0
19,56,0
19,57,0
19,58,0
19,59,0
19,60,0
19,61,0
2,37,0
2,5,0
2,6,0
2,67,0
2,73,0
2,8,0
20,21,0
20,45,0
20,46,0
21,27,0
21,53,0
21,54,0
21,55,0
21,56,0
21,57,0
22,23,0
22,24,0
22,25,0
22,32,0
23,26,0
23,27,0
24,25,0
24,31,0
24,32,0
24,33,0
25,29,0
25,31,0
25,49,0
27,41,0
27,75,0
28,29,0
28,42,0
28,51,0
29,30,0
29,37,0
29,50,0
29,51,0
3,19,0
3,21,0
3,23,0
3,24,0
3,25,0
3,26,0
3,27,0
3,28,0
3,29,0
3,30,0
3,32,0
3,4,0
30,43,0
31,32,0
31,33,0
32,34,0
33,62,0
33,63,0
34,35,0
35,36,0
36,37,0
37,38,0
37,39,0
37,40,0
37,41,0
37,42,0
39,107,0
39,122,0
4,13,0
4,19,0
4,21,0
4,28,0
4,29,0
4,30,0
4,37,0
4,38,0
4,41,0
4,45,0
4,55,0
40,41,0
40,63,0
42,52,0
43,44,0
44,45,0
46,47,0
47,48,0
48,49,0
5,6,0
5,8,0
50,51,0
52,53,0
54,55,0
54,61,0
55,56,0
56,62,0
6,7,0
64,65,0
64,66,0
65,70,0
65,73,0
66,67,0
66,68,0
66,73,0
67,68,0
67,69,0
67,70,0
67,73,0
68,70,0
68,71,0
68,73,0
69,70,0
7,8,0
70,71,0
70,72,0
70,73,0
71,73,0
72,73,0
74,75,0
75,76,0
75,77,0
75,78,0
75,79,0
75,80,0
75,81,0
75,82,0
75,85,0
76,82,0
77,78,0
77,79,0
78,81,0
78,84,0
78,85,0
79,83,0
8,10,0
8,11,0
8,12,0
8,9,0
80,81,0
80,86,0
82,83,0
85,86,0
87,88,0
88,89,0
88,90,0
89,90,0
9,10,0
91,100,0
91,92,0
91,93,0
91,94,0
91,95,0
91,96,0
92,100,0
92,96,0
93,95,0
93,96,0
93,97,0
94,101,0
94,95,0
94,96,0
95,102,0
95,103,0
96,100,0
97,98,0
97,99,0
99,100,0
