0,1,0
0,10,0
0,1016,0
0,11,0
0,1100,0
0,1114,0
0,1119,0
0,1126,0
0,1143,0
0,1148,0
0,1149,0
0,1152,0
0,1154,0
0,1166,0
0,1173,0
0,1182,0
0,1187,0
0,1188,0
0,1189,0
0,1191,0
0,1192,0
0,1195,0
0,1198,0
0,12,0
0,1200,0
0,1215,0
0,1218,0
0,1219,0
0,1264,0
0,1265,0
0,13,0
0,1324,0
0,14,0
0,1434,0
0,1471,0
0,1473,0
0,1474,0
0,1476,0
0,1478,0
0,1480,0
0,1482,0
0,1483,0
0,1484,0
0,1485,0
0,1486,0
0,15,0
0,1508,0
0,1512,0
0,1514,0
0,1530,0
0,1531,0
0,1532,0
0,1533,0
0,1534,0
0,1535,0
0,1536,0
0,1537,0
0,1538,0
0,1539,0
0,1540,0
0,1541,0
0,1542,0
0,1543,0
0,1544,0
0,1545,0
0,1546,0
0,1547,0
0,1548,0
0,1560,0
0,1574,0
0,1599,0
0,16,0
0,1600,0
0,1601,0
0,17,0
0,1740,0
0,18,0
0,19,0
0,2,0
0,20,0
0,21,0
0,22,0
0,23,0
0,24,0
0,25,0
0,26,0
0,27,0
0,28,0
0,29,0
0,3,0
0,30,0
0,31,0
0,32,0
0,33,0
0,34,0
0,35,0
0,36,0
0,37,0
0,38,0
0,39,0
0,4,0
0,40,0
0,41,0
0,42,0
0,43,0
0,44,0
0,45,0
0,46,0
0,47,0
0,48,0
0,49,0
0,5,0
0,50,0
0,51,0
0,52,0
0,53,0
0,54,0
0,55,0
0,56,0
0,57,0
0,58,0
0,59,0
0,6,0
0,60,0
0,61,0
0,62,0
0,64,0
0,67,0
0,7,0
0,71,0
0,73,0
0,74,0
0,75,0
0,76,0
0,77,0
0,79,0
0,8,0
0,80,0
0,82,0
0,83,0
0,85,0
0,9,0
0,988,0
0,989,0
1,1109,0
1,1110,0
1,1111,0
1,1114,0
1,1125,0
1,1126,0
1,1129,0
1,1130,0
1,1148,0
1,1152,0
1,1156,0
1,1162,0
1,1171,0
1,1172,0
1,1187,0
1,1198,0
1,1206,0
1,1207,0
1,1211,0
1,1218,0
1,1600,0
1,1703,0
1,62,0
1,63,0
1,64,0
1,944,0
10,1227,0
10,1741,0
10,1742,0
10,26,0
10,56,0
10,943,0
10,949,0
10,950,0
10,989,0
10,995,0
100,101,0
1001,1004,0
1001,1005,0
1001,1116,0
1001,1511,0
1001,1513,0
1002,1003,0
1002,1262,0
1002,1263,0
1002,1506,0
1003,1268,0
1003,1506,0
1004,1006,0
1004,1007,0
1004,1008,0
1004,1239,0
1005,1054,0
1005,1243,0
1007,1017,0
1007,1115,0
1007,1239,0
1008,1235,0
1008,1236,0
1008,1237,0
1008,1287,0
1008,1326,0
1008,1394,0
1008,1407,0
1008,1432,0
1008,1574,0
1008,1705,0
101,104,0
1010,1011,0
1010,1012,0
1011,1013,0
1012,1026,0
1012,1028,0
1012,1287,0
1012,1326,0
1013,1028,0
1013,1090,0
1014,1015,0
1014,1016,0
1014,1238,0
1014,1264,0
1014,1265,0
1014,1335,0
1014,1512,0
1014,1514,0
1015,1018,0
1015,1020,0
1015,1049,0
1015,1051,0
1015,1068,0
1015,1239,0
1015,1335,0
1015,1514,0
1016,1017,0
1017,1097,0
1017,1098,0
1017,1102,0
1017,1182,0
1017,1229,0
1017,1233,0
1017,1246,0
1017,1247,0
1017,1248,0
1017,1249,0
1017,1250,0
1017,1251,0
1017,1252,0
1017,1253,0
1017,1263,0
1017,1264,0
1017,1423,0
1017,1426,0
1017,1464,0
1017,1465,0
1017,1466,0
1017,1467,0
1017,1468,0
1017,1469,0
1017,1470,0
1017,1472,0
1017,1477,0
1017,1479,0
1017,1481,0
1017,1491,0
1017,1492,0
1017,1493,0
1017,1494,0
1017,1495,0
1017,1496,0
1017,1497,0
1017,1498,0
1017,1499,0
1017,1500,0
1017,1502,0
1017,1503,0
1017,1504,0
1017,1506,0
1017,1519,0
1017,1568,0
1017,1599,0
1018,1019,0
1018,1020,0
1018,1226,0
1019,1021,0
1019,1022,0
1019,1023,0
1019,1024,0
1019,1025,0
102,103,0
102,104,0
1020,1049,0
1020,1050,0
1020,1051,0
1020,1149,0
1020,1200,0
1020,1282,0
1020,1294,0
1020,1306,0
1020,1308,0
1020,1335,0
1020,1339,0
1021,1022,0
1021,1063,0
1021,1065,0
1021,1564,0
1021,1565,0
1021,1566,0
1022,1023,0
1022,1024,0
1022,1071,0
1022,1602,0
1023,1051,0
1023,1069,0
1023,1071,0
1023,1598,0
1024,1025,0
1024,1106,0
1024,1563,0
1024,1564,0
1025,1026,0
1026,1027,0
1027,1568,0
1027,1569,0
1029,1030,0
103,104,0
1030,1031,0
1031,1032,0
1031,1703,0
1032,1125,0
1032,1126,0
1032,1129,0
1032,1162,0
1032,1206,0
1032,1207,0
1032,1703,0
1033,1035,0
1033,1036,0
1033,1037,0
1033,1038,0
1033,1039,0
1033,1315,0
1033,1575,0
1033,1576,0
1033,1577,0
1033,1580,0
1033,1581,0
1033,1583,0
1033,1585,0
1033,1586,0
1033,1587,0
1033,1590,0
1033,1593,0
1033,1594,0
1033,1595,0
1033,1596,0
1033,1604,0
1033,1614,0
1033,1652,0
1033,1656,0
1033,1703,0
1034,1253,0
1034,1254,0
1034,1257,0
1035,1036,0
1036,1039,0
1036,1040,0
1036,1041,0
1036,1044,0
1036,1128,0
1036,1130,0
1036,1208,0
1036,1296,0
1036,1297,0
1036,1312,0
1036,1315,0
1036,1356,0
1036,1421,0
1036,1575,0
1036,1576,0
1036,1577,0
1036,1578,0
1036,1579,0
1036,1580,0
1036,1581,0
1036,1582,0
1036,1583,0
1036,1584,0
1036,1585,0
1036,1586,0
1036,1587,0
1036,1588,0
1036,1589,0
1036,1590,0
1036,1591,0
1036,1592,0
1036,1593,0
1036,1594,0
1036,1595,0
1036,1596,0
1036,1603,0
1036,1604,0
1036,1607,0
1036,1608,0
1036,1614,0
1036,1619,0
1036,1620,0
1036,1621,0
1036,1622,0
1036,1623,0
1036,1624,0
1036,1625,0
1036,1626,0
1036,1649,0
1036,1650,0
1036,1652,0
1036,1653,0
1036,1670,0
1036,1682,0
1036,1683,0
1036,1684,0
1036,1685,0
1036,1727,0
1036,1728,0
1036,1729,0
1037,1038,0
1038,1039,0
1038,1040,0
1038,1125,0
1038,1126,0
1038,1129,0
1038,1162,0
1038,1206,0
1038,1207,0
1038,1604,0
1038,1620,0
1038,1703,0
1039,1040,0
1039,1081,0
1039,1083,0
1039,1128,0
1039,1135,0
1039,1163,0
1039,1208,0
1039,1315,0
1039,1430,0
1039,1603,0
1039,1604,0
1039,1608,0
1039,1612,0
1039,1613,0
1039,1614,0
1039,1620,0
1039,1621,0
1039,1622,0
1039,1623,0
1039,1626,0
1039,1638,0
1039,1652,0
1039,1654,0
1039,1711,0
1040,1208,0
1040,1209,0
1040,1620,0
1040,1625,0
1040,1652,0
1040,1718,0
1040,1725,0
1041,1042,0
1041,1043,0
1041,1044,0
1041,1663,0
1042,1043,0
1043,1045,0
1044,1624,0
1044,1652,0
1044,1663,0
1044,1689,0
1045,1046,0
1045,1047,0
1046,1047,0
1046,1327,0
1047,1048,0
1047,1327,0
1048,1149,0
1048,1272,0
1048,1279,0
1048,1338,0
1049,1051,0
1049,1067,0
1049,1149,0
1049,1200,0
1049,1282,0
1049,1306,0
1049,1308,0
1049,1339,0
105,106,0
1050,1052,0
1050,1053,0
1050,1054,0
1051,1066,0
1051,1067,0
1051,1068,0
1051,1202,0
1051,1599,0
1052,1055,0
1052,1259,0
1052,1346,0
1053,1054,0
1053,1056,0
1053,1239,0
1053,1255,0
1053,1259,0
1053,1324,0
1053,1347,0
1053,1508,0
1054,1056,0
1054,1255,0
1054,1259,0
1054,1347,0
1054,1350,0
1055,1056,0
1055,1058,0
1056,1057,0
1057,1058,0
1057,1259,0
1058,1059,0
1058,1346,0
1059,1060,0
1059,1286,0
1059,1326,0
1059,1328,0
1059,1331,0
1059,1389,0
106,107,0
1060,1061,0
1060,1259,0
1060,1284,0
1060,1286,0
1060,1326,0
1060,1328,0
1060,1330,0
1060,1335,0
1060,1340,0
1060,1346,0
1060,1348,0
1060,1350,0
1060,1389,0
1060,1414,0
1060,1416,0
1060,1417,0
1060,1420,0
1060,1432,0
1060,1433,0
1060,1436,0
1060,1450,0
1060,1527,0
1061,1062,0
1062,1063,0
1063,1064,0
1063,1065,0
1064,1065,0
1066,1067,0
1066,1068,0
1066,1200,0
1067,1068,0
1067,1069,0
1067,1200,0
1068,1071,0
1068,1202,0
1069,1070,0
1069,1071,0
1069,1200,0
1069,1598,0
1070,1071,0
1070,1072,0
1070,1200,0
1070,1598,0
1071,1598,0
1071,1602,0
1072,1073,0
1072,1074,0
1072,1080,0
1072,1082,0
1072,1219,0
1072,1455,0
1073,1075,0
1073,1219,0
1073,1441,0
1073,1455,0
1074,1075,0
1074,1077,0
1074,1079,0
1074,1218,0
1074,1220,0
1074,1224,0
1074,1225,0
1074,1226,0
1074,1228,0
1074,1229,0
1074,1441,0
1074,1446,0
1074,1447,0
1074,1547,0
1074,1736,0
1074,1737,0
1074,1738,0
1074,1742,0
1075,1076,0
1075,1219,0
1075,1230,0
1075,1447,0
1075,1458,0
1075,1737,0
1075,1738,0
1076,1077,0
1076,1219,0
1076,1228,0
1076,1230,0
1076,1441,0
1076,1458,0
1076,1742,0
1077,1078,0
1077,1079,0
1077,1219,0
1077,1226,0
1077,1231,0
1077,1460,0
1078,1079,0
1078,1080,0
1078,1219,0
1078,1226,0
1078,1231,0
1078,1441,0
1078,1460,0
1079,1225,0
1079,1226,0
1079,1441,0
1079,1447,0
1079,1736,0
1079,1738,0
108,109,0
108,126,0
1080,1081,0
1080,1082,0
1081,1083,0
1081,1084,0
1081,1085,0
1081,1604,0
1081,1652,0
1082,1226,0
1082,1737,0
1083,1085,0
1083,1604,0
1083,1751,0
1084,1085,0
1084,1609,0
1084,1610,0
1084,1611,0
1084,1614,0
1084,1615,0
1084,1616,0
1084,1617,0
1084,1618,0
1084,1619,0
1084,1649,0
1084,1749,0
1084,1750,0
1084,1751,0
1085,1615,0
1085,1616,0
1085,1617,0
1085,1618,0
1085,1751,0
1086,1087,0
1086,1132,0
1086,1294,0
1086,1299,0
1086,1480,0
1086,1513,0
1087,1088,0
1088,1089,0
1089,1132,0
1089,1294,0
1089,1301,0
1089,1480,0
109,110,0
109,111,0
1090,1091,0
1091,1092,0
1091,1093,0
1091,1094,0
1091,1095,0
1091,1096,0
1094,1096,0
1094,1236,0
1094,1238,0
1094,1239,0
1094,1343,0
1097,1102,0
1097,1479,0
1098,1257,0
1098,1505,0
1099,1268,0
1099,1506,0
11,1036,0
11,1039,0
11,1128,0
11,1163,0
11,1208,0
11,1210,0
11,1297,0
11,1607,0
11,1638,0
11,1652,0
11,1663,0
11,1682,0
11,1683,0
11,1684,0
11,1685,0
11,1686,0
11,1687,0
11,1689,0
11,21,0
11,62,0
11,940,0
110,111,0
1101,1103,0
1102,1481,0
1103,1104,0
1103,1236,0
1104,1236,0
1104,1566,0
1104,1570,0
1106,1108,0
1106,1432,0
1107,1733,0
1107,1734,0
1107,1735,0
1108,1562,0
111,135,0
111,136,0
111,2071,0
111,2074,0
1113,1260,0
1113,1472,0
1113,1473,0
1115,1265,0
1115,1268,0
1115,1472,0
1115,1474,0
112,113,0
112,114,0
112,115,0
112,116,0
112,117,0
112,118,0
112,119,0
112,120,0
112,121,0
112,122,0
112,123,0
112,124,0
1120,1314,0
1120,1316,0
1120,1317,0
1120,1318,0
1120,1319,0
1120,1320,0
1120,1321,0
1120,1322,0
1120,1323,0
1120,1324,0
1120,1325,0
1120,1326,0
1122,1144,0
1122,1287,0
1122,1477,0
1122,1478,0
1124,1567,0
1127,1179,0
1127,1182,0
1127,1565,0
1127,1740,0
1128,1163,0
1128,1208,0
1128,1293,0
1128,1295,0
1128,1296,0
1128,1297,0
1128,1425,0
1128,1544,0
1128,1638,0
1128,1654,0
1128,1711,0
113,114,0
113,125,0
1132,1294,0
1132,1306,0
1132,1477,0
1132,1479,0
1132,1480,0
1133,1134,0
1133,1135,0
1133,1136,0
1134,1135,0
1134,1136,0
1134,1138,0
1134,1636,0
1134,1637,0
1134,1646,0
1134,1647,0
1134,1702,0
1135,1163,0
1135,1604,0
1135,1654,0
1136,1163,0
1136,1210,0
1136,1315,0
1136,1424,0
1136,1425,0
1136,1707,0
1137,1138,0
1138,1428,0
114,115,0
114,116,0
114,117,0
114,118,0
114,119,0
114,120,0
114,121,0
114,122,0
114,123,0
114,124,0
114,126,0
114,134,0
114,1762,0
114,259,0
1141,1146,0
1141,1326,0
1141,1331,0
1141,1481,0
1141,1482,0
1143,1144,0
1144,1284,0
1144,1285,0
1144,1476,0
1146,1151,0
1146,1334,0
1146,1336,0
1146,1483,0
115,121,0
115,126,0
115,130,0
115,132,0
115,133,0
115,259,0
1151,1155,0
1151,1335,0
1151,1484,0
1155,1157,0
1155,1342,0
1155,1345,0
1155,1485,0
1157,1159,0
1157,1255,0
1157,1259,0
1157,1346,0
1157,1347,0
1157,1486,0
1159,1161,0
1159,1351,0
1159,1530,0
116,117,0
116,118,0
116,123,0
116,124,0
116,126,0
116,130,0
116,132,0
116,133,0
116,249,0
116,250,0
116,251,0
116,252,0
116,254,0
116,255,0
116,256,0
116,257,0
116,258,0
116,259,0
116,260,0
116,261,0
116,262,0
116,263,0
116,267,0
116,278,0
116,280,0
116,281,0
116,283,0
1161,1165,0
1161,1355,0
1161,1531,0
1163,1295,0
1163,1296,0
1163,1315,0
1163,1428,0
1163,1429,0
1163,1544,0
1163,1575,0
1163,1577,0
1163,1578,0
1163,1579,0
1163,1580,0
1163,1583,0
1163,1584,0
1163,1585,0
1163,1590,0
1163,1592,0
1163,1593,0
1163,1595,0
1163,1604,0
1163,1609,0
1163,1610,0
1163,1611,0
1163,1620,0
1163,1621,0
1163,1623,0
1163,1624,0
1163,1625,0
1163,1634,0
1163,1638,0
1163,1652,0
1163,1654,0
1163,1657,0
1163,1675,0
1163,1689,0
1163,1711,0
1163,1729,0
1165,1170,0
1165,1244,0
1165,1358,0
1165,1532,0
1168,1170,0
1168,1358,0
1168,1360,0
1168,1361,0
1169,1574,0
1169,1597,0
117,118,0
117,130,0
117,131,0
117,132,0
117,249,0
117,250,0
117,282,0
1170,1174,0
1170,1361,0
1170,1533,0
1174,1177,0
1174,1362,0
1174,1365,0
1174,1534,0
1177,1181,0
1177,1364,0
1177,1367,0
1177,1535,0
1179,1180,0
1179,1372,0
1179,1374,0
1179,1568,0
118,131,0
118,132,0
118,251,0
118,252,0
118,256,0
118,257,0
118,258,0
118,260,0
118,264,0
118,265,0
118,280,0
118,281,0
118,283,0
1180,1567,0
1180,1568,0
1181,1184,0
1181,1372,0
1181,1374,0
1181,1536,0
1184,1186,0
1184,1357,0
1184,1359,0
1184,1380,0
1184,1381,0
1184,1523,0
1184,1537,0
1186,1190,0
1186,1379,0
1186,1386,0
1186,1538,0
119,120,0
119,124,0
1190,1194,0
1190,1390,0
1190,1539,0
1194,1196,0
1194,1394,0
1194,1400,0
1194,1540,0
1196,1407,0
1196,1409,0
1196,1415,0
1196,1541,0
12,1100,0
12,26,0
12,62,0
12,943,0
120,122,0
1202,1203,0
1203,1599,0
1204,1295,0
1204,1415,0
1204,1417,0
1204,1543,0
1208,1210,0
1208,1297,0
1208,1638,0
1208,1711,0
1208,1719,0
1208,1720,0
1208,1721,0
1208,1722,0
1208,1723,0
1208,1724,0
1208,1725,0
1208,1726,0
1209,1210,0
1209,1606,0
1209,1607,0
1209,1611,0
1209,1620,0
1209,1712,0
1209,1717,0
121,122,0
121,1763,0
1210,1603,0
1210,1606,0
1210,1607,0
1210,1608,0
1210,1622,0
1210,1633,0
1210,1647,0
1210,1653,0
1210,1670,0
1210,1671,0
1210,1672,0
1210,1673,0
1210,1674,0
1210,1675,0
1210,1676,0
1210,1677,0
1210,1678,0
1210,1679,0
1210,1680,0
1210,1682,0
1210,1689,0
1210,1712,0
1210,1717,0
1214,1217,0
1214,1295,0
1214,1432,0
1214,1436,0
1214,1545,0
1217,1229,0
1217,1440,0
1217,1442,0
1217,1546,0
122,277,0
122,278,0
122,280,0
122,281,0
122,282,0
122,283,0
122,284,0
122,285,0
1221,1222,0
1221,1223,0
1221,1224,0
1222,1223,0
1222,1224,0
1222,1739,0
1223,1224,0
1223,1736,0
1223,1737,0
1223,1742,0
1224,1228,0
1224,1603,0
1224,1608,0
1224,1622,0
1224,1653,0
1224,1670,0
1224,1682,0
1224,1742,0
1225,1226,0
1226,1736,0
1226,1742,0
1227,1228,0
1227,1441,0
1228,1441,0
1228,1447,0
1228,1737,0
1228,1738,0
1228,1742,0
1229,1441,0
1229,1446,0
1229,1547,0
123,124,0
123,132,0
123,133,0
123,249,0
123,252,0
123,255,0
123,256,0
123,257,0
123,259,0
123,260,0
123,265,0
123,266,0
123,280,0
123,281,0
123,283,0
1233,1463,0
1233,1548,0
1237,1296,0
1237,1587,0
1237,1705,0
1239,1240,0
1239,1241,0
1239,1242,0
1239,1343,0
1239,1344,0
1239,1475,0
1239,1748,0
124,259,0
1240,1242,0
1240,1341,0
1240,1342,0
1240,1343,0
1240,1344,0
1241,1242,0
1241,1484,0
1241,1485,0
1242,1343,0
1242,1344,0
1242,1475,0
1242,1489,0
1242,1490,0
1242,1615,0
1242,1735,0
1242,1743,0
1242,1744,0
1242,1745,0
1242,1746,0
1243,1244,0
1244,1532,0
1244,1559,0
1245,1246,0
1245,1247,0
1245,1248,0
1245,1249,0
1245,1250,0
1245,1251,0
1245,1252,0
1245,1253,0
125,126,0
1254,1255,0
1254,1256,0
1254,1257,0
1254,1258,0
1254,1261,0
1254,1363,0
1254,1431,0
1254,1505,0
1255,1258,0
1255,1259,0
1256,1258,0
1256,1261,0
1256,1363,0
1256,1380,0
1256,1426,0
1256,1431,0
1256,1505,0
1257,1504,0
1258,1260,0
1258,1261,0
1259,1342,0
1259,1346,0
1259,1347,0
1259,1348,0
126,127,0
126,128,0
126,129,0
1260,1262,0
1261,1347,0
1261,1362,0
1261,1363,0
1261,1505,0
1264,1265,0
1265,1266,0
1265,1267,0
1265,1268,0
1265,1269,0
1265,1270,0
1265,1271,0
1265,1272,0
1265,1273,0
1268,1269,0
1268,1507,0
1268,1508,0
1268,1509,0
1269,1463,0
1269,1508,0
127,130,0
1274,1364,0
1274,1379,0
1274,1444,0
1274,1597,0
1274,1730,0
128,129,0
128,134,0
128,1757,0
128,1758,0
128,1759,0
128,1760,0
128,1764,0
128,1766,0
128,1767,0
128,258,0
128,266,0
1283,1284,0
1284,1285,0
1284,1286,0
1285,1306,0
1285,1509,0
1286,1287,0
1287,1288,0
1287,1289,0
1287,1290,0
1287,1291,0
1287,1292,0
129,134,0
129,1755,0
129,1756,0
129,1757,0
129,1758,0
129,1759,0
129,1760,0
129,1764,0
1293,1294,0
1293,1295,0
1293,1296,0
1293,1297,0
1293,1298,0
1294,1299,0
1294,1300,0
1294,1301,0
1294,1302,0
1294,1303,0
1294,1304,0
1294,1305,0
1294,1306,0
1294,1307,0
1294,1308,0
1294,1309,0
1295,1296,0
1295,1298,0
1295,1310,0
1295,1312,0
1295,1315,0
1295,1356,0
1295,1421,0
1295,1422,0
1295,1430,0
1295,1544,0
1296,1297,0
1296,1298,0
1296,1310,0
1296,1312,0
1296,1315,0
1296,1356,0
1296,1421,0
1296,1422,0
1296,1423,0
1296,1425,0
1296,1426,0
1296,1429,0
1296,1430,0
1297,1298,0
1297,1310,0
1297,1312,0
1297,1315,0
1297,1356,0
1297,1421,0
1297,1422,0
1297,1430,0
1297,1575,0
1297,1576,0
1297,1577,0
1297,1579,0
1297,1580,0
1297,1581,0
1297,1583,0
1297,1585,0
1297,1586,0
1297,1587,0
1297,1590,0
1297,1593,0
1297,1594,0
1297,1595,0
1297,1596,0
1297,1638,0
1297,1683,0
1298,1312,0
13,1103,0
13,1105,0
13,1106,0
13,1107,0
13,1108,0
13,27,0
13,30,0
13,39,0
13,62,0
130,131,0
1306,1510,0
1306,1511,0
1306,1512,0
1306,1513,0
1306,1514,0
1306,1515,0
1309,1310,0
131,132,0
131,250,0
131,253,0
131,277,0
131,282,0
1310,1311,0
1310,1312,0
1311,1313,0
1312,1315,0
1312,1356,0
1312,1421,0
1312,1422,0
1313,1314,0
1313,1315,0
1315,1356,0
1315,1407,0
1315,1421,0
1315,1427,0
1315,1428,0
1315,1544,0
1315,1575,0
1315,1576,0
1315,1577,0
1315,1578,0
1315,1579,0
1315,1580,0
1315,1581,0
1315,1582,0
1315,1583,0
1315,1584,0
1315,1585,0
1315,1586,0
1315,1587,0
1315,1588,0
1315,1589,0
1315,1590,0
1315,1591,0
1315,1592,0
1315,1593,0
1315,1594,0
1315,1595,0
1315,1596,0
1315,1607,0
1315,1628,0
1315,1648,0
1315,1656,0
1315,1683,0
1315,1700,0
1315,1701,0
1315,1706,0
1315,1727,0
1315,1728,0
1315,1729,0
1317,1331,0
1317,1522,0
132,255,0
132,259,0
132,260,0
132,280,0
132,281,0
1325,1326,0
1326,1327,0
1326,1328,0
1326,1329,0
1326,1330,0
1326,1331,0
1326,1332,0
1326,1333,0
133,249,0
133,252,0
133,264,0
133,265,0
133,268,0
133,271,0
133,272,0
133,273,0
133,274,0
133,285,0
1331,1336,0
1333,1334,0
1334,1335,0
1334,1336,0
1335,1337,0
1335,1338,0
1335,1339,0
1335,1340,0
1335,1341,0
1336,1343,0
134,1752,0
134,1754,0
134,1755,0
134,1756,0
134,1757,0
134,1758,0
134,1759,0
134,1760,0
134,1761,0
134,1762,0
134,1763,0
134,1764,0
134,1765,0
134,1768,0
1342,1345,0
1343,1345,0
1343,1472,0
1343,1479,0
1343,1487,0
1343,1489,0
1343,1490,0
1344,1550,0
1344,1555,0
1344,1556,0
1344,1557,0
1344,1558,0
1345,1523,0
1346,1348,0
1346,1349,0
1346,1350,0
1347,1360,0
135,136,0
1350,1351,0
1351,1352,0
1351,1353,0
1351,1354,0
1354,1355,0
1355,1356,0
1356,1357,0
1357,1358,0
1357,1359,0
1359,1378,0
1359,1379,0
1359,1380,0
1359,1381,0
1359,1523,0
1361,1363,0
1361,1523,0
1362,1364,0
1362,1365,0
1363,1365,0
1363,1505,0
1364,1366,0
1364,1367,0
1364,1368,0
1364,1369,0
1364,1370,0
1364,1371,0
1365,1367,0
137,138,0
137,143,0
137,163,0
1371,1372,0
1372,1373,0
1372,1374,0
1372,1375,0
1372,1376,0
1372,1377,0
1372,1378,0
1374,1381,0
1379,1382,0
1379,1383,0
1379,1384,0
1379,1385,0
1379,1386,0
1379,1387,0
1379,1388,0
1379,1389,0
138,139,0
138,140,0
138,141,0
138,142,0
138,143,0
138,144,0
138,145,0
138,146,0
138,147,0
138,148,0
138,149,0
138,163,0
1380,1432,0
1381,1386,0
1381,1523,0
1386,1524,0
1389,1390,0
139,148,0
1390,1391,0
1391,1392,0
1391,1393,0
1391,1394,0
1391,1395,0
1391,1396,0
1391,1400,0
1394,1396,0
1394,1397,0
1394,1398,0
1394,1399,0
1394,1400,0
1394,1401,0
1394,1402,0
1394,1403,0
1394,1404,0
1394,1405,0
1394,1406,0
14,1105,0
14,1109,0
14,1120,0
14,1265,0
14,1268,0
14,1294,0
14,1306,0
14,1364,0
14,1367,0
14,1391,0
14,1407,0
14,39,0
14,54,0
14,59,0
14,60,0
14,62,0
14,939,0
14,940,0
14,943,0
14,949,0
14,950,0
140,145,0
140,163,0
1400,1409,0
1400,1524,0
1406,1407,0
1407,1408,0
1407,1409,0
1407,1410,0
1407,1411,0
1407,1412,0
1407,1413,0
1409,1525,0
141,142,0
141,143,0
141,152,0
141,159,0
141,160,0
1413,1414,0
1414,1415,0
1414,1416,0
1415,1542,0
1416,1417,0
1417,1418,0
1417,1419,0
1417,1420,0
142,143,0
142,152,0
142,157,0
142,159,0
142,160,0
142,163,0
142,164,0
142,165,0
142,166,0
142,167,0
142,783,0
1420,1421,0
1422,1489,0
1422,1525,0
1423,1424,0
1423,1425,0
1424,1425,0
1424,1636,0
1424,1638,0
1425,1577,0
1425,1635,0
1425,1638,0
1425,1707,0
1426,1427,0
1426,1428,0
1426,1429,0
1427,1428,0
1427,1429,0
1427,1587,0
1427,1706,0
1428,1429,0
1428,1648,0
1429,1657,0
1429,1659,0
1429,1660,0
143,145,0
143,146,0
143,147,0
143,148,0
143,149,0
1430,1653,0
1431,1436,0
1431,1489,0
1432,1433,0
1432,1434,0
1432,1435,0
1432,1436,0
1432,1437,0
1432,1438,0
1432,1439,0
1436,1526,0
1436,1527,0
1436,1528,0
1439,1440,0
144,146,0
144,149,0
144,150,0
144,151,0
1440,1441,0
1440,1442,0
1441,1443,0
1441,1444,0
1441,1445,0
1441,1446,0
1441,1447,0
1441,1448,0
1441,1449,0
1441,1450,0
1441,1451,0
1441,1452,0
1441,1453,0
1441,1454,0
1441,1455,0
1441,1456,0
1441,1457,0
1441,1458,0
1441,1459,0
1441,1460,0
1441,1461,0
1441,1462,0
1442,1446,0
1442,1528,0
1446,1490,0
1447,1736,0
1447,1737,0
1447,1738,0
1447,1739,0
145,162,0
146,151,0
146,152,0
146,159,0
146,161,0
146,167,0
1462,1463,0
147,151,0
147,152,0
147,163,0
1471,1473,0
1472,1487,0
1472,1489,0
1472,1490,0
1473,1474,0
1474,1476,0
1475,1746,0
1475,1747,0
1475,1748,0
1476,1478,0
1478,1480,0
1479,1487,0
1479,1489,0
1480,1482,0
1482,1483,0
1483,1484,0
1485,1486,0
1486,1530,0
1487,1488,0
1487,1489,0
1487,1490,0
1488,1491,0
1488,1492,0
1488,1493,0
1488,1494,0
1488,1495,0
1488,1496,0
1488,1497,0
1488,1498,0
1488,1499,0
1488,1500,0
1488,1501,0
1488,1502,0
1488,1503,0
1488,1504,0
1489,1490,0
15,1109,0
15,1110,0
15,37,0
15,53,0
15,62,0
15,939,0
15,940,0
15,943,0
15,949,0
15,950,0
15,956,0
150,151,0
1515,1516,0
1516,1517,0
1516,1518,0
1516,1519,0
1516,1520,0
1516,1521,0
1516,1522,0
152,156,0
152,159,0
153,154,0
153,155,0
153,156,0
1530,1531,0
1531,1532,0
1532,1533,0
1533,1534,0
1534,1535,0
1535,1536,0
1536,1537,0
1537,1538,0
1538,1539,0
1539,1540,0
154,155,0
1540,1541,0
1541,1542,0
1542,1543,0
1543,1544,0
1544,1545,0
1545,1546,0
1546,1547,0
1547,1548,0
1549,1550,0
1549,1556,0
155,157,0
1550,1553,0
1550,1554,0
1550,1558,0
1553,1554,0
1554,1555,0
1554,1556,0
1554,1557,0
1555,1556,0
1556,1557,0
1556,1558,0
156,170,0
156,171,0
1560,1561,0
1561,1562,0
1565,1566,0
1567,1747,0
1569,1570,0
1569,1576,0
1569,1577,0
1569,1581,0
1569,1591,0
1569,1594,0
157,158,0
1571,1572,0
1571,1573,0
1572,1573,0
1575,1623,0
1575,1627,0
1575,1628,0
1575,1629,0
1576,1577,0
1576,1579,0
1576,1588,0
1576,1607,0
1576,1661,0
1577,1579,0
1577,1581,0
1577,1588,0
1577,1590,0
1577,1591,0
1577,1594,0
1577,1595,0
1577,1596,0
1577,1727,0
1577,1728,0
1578,1579,0
1578,1582,0
1578,1589,0
1578,1635,0
1579,1581,0
1579,1588,0
1579,1590,0
1579,1591,0
1579,1594,0
1579,1595,0
1579,1596,0
1579,1636,0
1579,1727,0
1579,1728,0
158,164,0
158,174,0
158,176,0
1580,1581,0
1580,1592,0
1580,1593,0
1580,1626,0
1580,1655,0
1581,1590,0
1581,1591,0
1581,1656,0
1582,1664,0
1582,1665,0
1583,1586,0
1583,1587,0
1583,1590,0
1583,1610,0
1583,1613,0
1583,1655,0
1583,1657,0
1583,1658,0
1584,1585,0
1584,1637,0
1584,1660,0
1585,1586,0
1585,1607,0
1585,1624,0
1586,1587,0
1586,1588,0
1586,1591,0
1586,1607,0
1586,1658,0
1587,1590,0
1587,1658,0
1588,1625,0
1589,1625,0
1589,1691,0
1590,1591,0
1590,1592,0
1590,1655,0
1590,1658,0
1590,1702,0
1590,1708,0
1590,1709,0
1591,1607,0
1591,1655,0
1591,1691,0
1592,1593,0
1592,1621,0
1592,1655,0
1593,1612,0
1593,1613,0
1593,1621,0
1593,1655,0
1594,1655,0
1594,1727,0
1594,1728,0
1595,1596,0
1595,1613,0
1595,1655,0
16,1053,0
16,1110,0
16,1111,0
16,31,0
16,62,0
16,939,0
16,940,0
16,943,0
16,949,0
16,950,0
160,161,0
1603,1604,0
1604,1605,0
1604,1608,0
1604,1609,0
1604,1612,0
1604,1613,0
1604,1614,0
1604,1619,0
1604,1620,0
1604,1621,0
1604,1622,0
1604,1652,0
1605,1606,0
1605,1607,0
1606,1607,0
1606,1620,0
1606,1716,0
1606,1717,0
1606,1718,0
1607,1652,0
1607,1661,0
1607,1700,0
1607,1701,0
1609,1610,0
1609,1611,0
1609,1612,0
1609,1613,0
161,162,0
1610,1612,0
1610,1613,0
1610,1656,0
1611,1612,0
1611,1613,0
1611,1633,0
1612,1710,0
1613,1633,0
1613,1710,0
1613,1729,0
1614,1615,0
1614,1616,0
1614,1617,0
1614,1618,0
1615,1616,0
1615,1617,0
1615,1618,0
1615,1619,0
1615,1649,0
1615,1749,0
1616,1617,0
1616,1618,0
1616,1749,0
1616,1751,0
1617,1618,0
1617,1619,0
1617,1649,0
1618,1619,0
1618,1649,0
1620,1648,0
1620,1649,0
1620,1650,0
1620,1651,0
1620,1652,0
1620,1653,0
1621,1673,0
1622,1623,0
1623,1624,0
1623,1625,0
1623,1626,0
1624,1652,0
1624,1691,0
1629,1647,0
1629,1706,0
1633,1697,0
1635,1690,0
1635,1697,0
1636,1637,0
1637,1702,0
1638,1639,0
1638,1640,0
1638,1641,0
1638,1642,0
1638,1643,0
1638,1644,0
1638,1645,0
1638,1646,0
1638,1711,0
164,166,0
164,167,0
164,168,0
164,169,0
165,450,0
165,768,0
165,782,0
165,785,0
165,786,0
165,787,0
165,788,0
1652,1669,0
1652,1670,0
1652,1675,0
1652,1681,0
1652,1682,0
1652,1684,0
1652,1685,0
1655,1657,0
1655,1658,0
1655,1729,0
1658,1726,0
166,168,0
166,179,0
1661,1662,0
1662,1663,0
1663,1664,0
1665,1666,0
1666,1667,0
1666,1668,0
1666,1669,0
167,168,0
167,169,0
168,169,0
168,170,0
1687,1688,0
1688,1696,0
1688,1697,0
1688,1698,0
1689,1690,0
1690,1693,0
1690,1694,0
1690,1696,0
1690,1697,0
1690,1698,0
1692,1693,0
1692,1694,0
1692,1695,0
1692,1696,0
1693,1695,0
1693,1696,0
1694,1695,0
1694,1696,0
1694,1697,0
1694,1699,0
1695,1696,0
1695,1697,0
1695,1698,0
1695,1699,0
1696,1697,0
1696,1699,0
1697,1698,0
1697,1699,0
17,1107,0
17,1111,0
17,1112,0
17,1113,0
17,1260,0
17,20,0
17,62,0
17,949,0
17,999,0
1702,1707,0
1708,1709,0
1708,1712,0
1708,1728,0
171,172,0
1712,1713,0
1712,1714,0
1712,1715,0
1712,1716,0
172,173,0
173,174,0
1730,1731,0
1730,1732,0
1730,1733,0
1736,1737,0
1736,1738,0
174,175,0
1747,1748,0
1749,1750,0
175,176,0
175,177,0
1752,1753,0
1752,1754,0
1752,1755,0
1753,1754,0
1754,1755,0
1756,1757,0
1756,1759,0
1757,1759,0
1758,1761,0
1758,1764,0
1759,1760,0
1759,1761,0
1760,1761,0
1760,1762,0
1760,1764,0
1760,1766,0
1761,1764,0
1761,1767,0
1763,1765,0
1763,1768,0
1764,1765,0
1765,1766,0
1769,1770,0
1770,1771,0
1774,1775,0
1774,1776,0
1775,1776,0
1775,1777,0
1776,1777,0
1776,1778,0
1776,1779,0
1776,1845,0
1776,1846,0
1776,1847,0
1776,1851,0
1778,1780,0
1778,1781,0
1778,1782,0
1778,1783,0
1778,1784,0
1778,1785,0
1778,1786,0
1778,1787,0
1778,1788,0
1778,1789,0
1778,1790,0
1778,1798,0
1778,1807,0
1778,1818,0
1778,1845,0
1778,1846,0
1778,1847,0
1778,1851,0
1779,1791,0
1779,1794,0
1779,1831,0
1779,1835,0
1779,1841,0
1779,1842,0
1779,1845,0
1779,1846,0
1779,1847,0
1779,1850,0
1779,1851,0
1779,1855,0
1779,1856,0
1779,1857,0
1779,1858,0
1779,1859,0
1779,1860,0
1779,1861,0
1779,1862,0
1779,1863,0
1779,1876,0
1780,1781,0
1782,1783,0
1782,1784,0
1782,1785,0
1782,1786,0
1782,1788,0
1782,1789,0
1782,1799,0
1782,1805,0
1782,1806,0
1782,1807,0
1782,1808,0
1782,1809,0
1782,1814,0
1782,1815,0
1782,1816,0
1782,1817,0
1782,1818,0
1783,1786,0
1783,1789,0
1783,1799,0
1783,1802,0
1783,1805,0
1783,1806,0
1783,1808,0
1783,1809,0
1783,1814,0
1783,1815,0
1783,1816,0
1784,1785,0
1784,1786,0
1784,1800,0
1784,1807,0
1784,1811,0
1784,1813,0
1784,1818,0
1784,1819,0
1784,1821,0
1785,1786,0
1785,1807,0
1785,1818,0
1785,1821,0
1786,1791,0
1786,1800,0
1786,1802,0
1786,1805,0
1786,1806,0
1786,1807,0
1786,1808,0
1786,1809,0
1786,1810,0
1786,1811,0
1786,1812,0
1786,1813,0
1787,1788,0
1787,1789,0
1787,1790,0
1787,1798,0
1787,1799,0
1787,1800,0
1787,1801,0
1788,1789,0
1788,1798,0
1788,1799,0
1788,1800,0
1788,1818,0
1788,1824,0
1788,1825,0
1789,1790,0
1789,1798,0
1789,1826,0
1790,1798,0
1790,1826,0
1790,1827,0
1791,1792,0
1791,1793,0
1791,1794,0
1792,1793,0
1792,1794,0
1792,1796,0
1792,1839,0
1792,1847,0
1792,1865,0
1792,1868,0
1792,1869,0
1792,1874,0
1792,1966,0
1792,1999,0
1792,2004,0
1792,2007,0
1792,2009,0
1792,2013,0
1792,2018,0
1792,2038,0
1792,2076,0
1793,1794,0
1793,1804,0
1793,1815,0
1793,1816,0
1793,1839,0
1793,1846,0
1793,1851,0
1793,1854,0
1793,1875,0
1793,1972,0
1793,1998,0
1793,2003,0
1793,2004,0
1793,2005,0
1793,2010,0
1793,2012,0
1793,2016,0
1793,2017,0
1793,2018,0
1793,2019,0
1793,2021,0
1793,2038,0
1793,2039,0
1793,2040,0
1793,2050,0
1793,2054,0
1793,2063,0
1793,2068,0
1793,2076,0
1794,1795,0
1794,1796,0
1794,1797,0
1795,1798,0
1796,1847,0
1796,1966,0
1796,2002,0
1796,2005,0
1796,2018,0
1797,1833,0
1797,1941,0
1797,1945,0
1797,2024,0
1798,1799,0
1798,1800,0
1799,1800,0
1799,1803,0
1799,1806,0
1799,1822,0
1799,1828,0
18,1001,0
18,1005,0
18,1014,0
18,1048,0
18,1062,0
18,1112,0
18,1114,0
18,1115,0
18,1116,0
18,1265,0
18,1474,0
18,1508,0
18,59,0
18,62,0
18,940,0
18,949,0
18,953,0
18,956,0
18,961,0
18,963,0
18,997,0
180,181,0
180,182,0
1800,1805,0
1800,1820,0
1800,1822,0
1800,1839,0
1800,1847,0
1801,1802,0
1801,1803,0
1802,1804,0
1803,1827,0
1804,1811,0
1804,1838,0
1804,1840,0
1804,1843,0
1804,1853,0
1804,1864,0
1804,1935,0
1804,1938,0
1804,1939,0
1804,1947,0
1804,1950,0
1804,1959,0
1804,1962,0
1804,1963,0
1804,1967,0
1804,1970,0
1804,1975,0
1804,1976,0
1804,1980,0
1804,1986,0
1804,1993,0
1804,1995,0
1804,2040,0
1804,2046,0
1804,2048,0
1804,2051,0
1804,2063,0
1804,2068,0
1804,2077,0
1804,2078,0
1804,2079,0
1804,2080,0
1804,2082,0
1804,2083,0
1806,1814,0
1806,1828,0
1807,1809,0
1807,1818,0
1808,1809,0
1808,1823,0
1809,1814,0
1809,1816,0
181,182,0
181,183,0
1810,1811,0
1810,1815,0
1810,1824,0
1811,1812,0
1811,1831,0
1811,1839,0
1811,1846,0
1811,1847,0
1811,1851,0
1811,1866,0
1812,1827,0
1812,1831,0
1812,1834,0
1812,1837,0
1812,1839,0
1812,1847,0
1812,1851,0
1812,1856,0
1812,1864,0
1812,1865,0
1812,1874,0
1812,1875,0
1812,2040,0
1812,2050,0
1812,2051,0
1812,2068,0
1813,1817,0
1813,1819,0
1813,1820,0
1814,1815,0
1814,1816,0
1818,1822,0
182,183,0
182,186,0
182,187,0
182,188,0
182,191,0
182,193,0
182,195,0
182,196,0
182,197,0
182,202,0
182,203,0
1820,1825,0
1822,1823,0
1824,1825,0
1829,1830,0
1829,1845,0
1829,1847,0
183,184,0
1830,1846,0
1830,1851,0
1831,1832,0
1831,1833,0
1831,1834,0
1831,1835,0
1831,1836,0
1831,1837,0
1832,1834,0
1832,1838,0
1832,1839,0
1833,1845,0
1833,1846,0
1833,1847,0
1833,1851,0
1833,1941,0
1833,1944,0
1833,1945,0
1833,2018,0
1833,2021,0
1833,2022,0
1834,1835,0
1834,1836,0
1834,1837,0
1834,1839,0
1834,1845,0
1834,1846,0
1834,1847,0
1834,1851,0
1834,1856,0
1834,1864,0
1834,1866,0
1834,1867,0
1834,1872,0
1834,1874,0
1834,1875,0
1835,1846,0
1835,1851,0
1835,1871,0
1836,1845,0
1836,1847,0
1836,1864,0
1837,1842,0
1837,1845,0
1837,1846,0
1837,1847,0
1837,1851,0
1837,1856,0
1837,1865,0
1838,1840,0
1838,1841,0
1838,1842,0
1838,1843,0
1839,1844,0
1839,1847,0
1839,1851,0
184,185,0
184,186,0
1840,1841,0
1840,1842,0
1840,1843,0
1840,1844,0
1841,1842,0
1841,1851,0
1841,1857,0
1841,1859,0
1841,1861,0
1842,1847,0
1842,1857,0
1842,1862,0
1843,1848,0
1843,1849,0
1843,1853,0
1843,1940,0
1843,1980,0
1843,1993,0
1843,1995,0
1843,2078,0
1845,1846,0
1845,1847,0
1845,1848,0
1845,1849,0
1846,1850,0
1846,1851,0
1846,1852,0
1846,1853,0
1846,1854,0
1847,1848,0
1847,1849,0
1847,1850,0
1847,1851,0
1847,1856,0
1847,1868,0
1847,1869,0
1847,1870,0
1847,1875,0
1848,1852,0
1848,1975,0
1848,1977,0
1848,1980,0
1848,1986,0
1848,1988,0
1848,1991,0
1848,1997,0
1848,1998,0
1848,1999,0
1848,2009,0
1849,1853,0
1849,1991,0
1849,1999,0
1849,2009,0
185,186,0
1850,1851,0
1850,1855,0
1850,1856,0
1850,1857,0
1850,1858,0
1851,1852,0
1851,1853,0
1851,1856,0
1851,1872,0
1851,1873,0
1851,1874,0
1852,1975,0
1852,1991,0
1852,1993,0
1852,1994,0
1852,1998,0
1852,2016,0
1853,1975,0
1853,1978,0
1853,1990,0
1853,1991,0
1853,1992,0
1853,1995,0
1853,1996,0
1853,1998,0
1853,2016,0
1854,1868,0
1854,1875,0
1854,2004,0
1854,2010,0
1854,2012,0
1854,2018,0
1854,2021,0
1855,1856,0
1855,1857,0
1855,1858,0
1855,1859,0
1855,1860,0
1855,1861,0
1856,1857,0
1856,1858,0
1856,1859,0
1856,1860,0
1856,1861,0
1856,1862,0
1856,1863,0
1856,1867,0
1856,1876,0
1857,1858,0
1857,1859,0
1857,1860,0
1857,1861,0
1857,1862,0
1857,1863,0
1857,1871,0
1857,1872,0
1857,1876,0
1858,1859,0
1858,1860,0
1858,1862,0
1858,1863,0
1858,1867,0
1858,1876,0
1859,1860,0
1859,1862,0
186,188,0
186,191,0
186,193,0
186,194,0
186,195,0
186,196,0
186,199,0
186,202,0
186,207,0
1860,1862,0
1860,1863,0
1861,1870,0
1865,1871,0
1868,1874,0
1868,2018,0
1869,2017,0
1869,2018,0
187,188,0
187,189,0
1872,1873,0
1874,1875,0
1875,1876,0
1877,1878,0
1877,1879,0
1877,1880,0
1877,1881,0
1877,1882,0
1877,1883,0
1877,1884,0
1878,1882,0
1878,1884,0
1878,1885,0
1878,1886,0
1878,1887,0
1878,1893,0
1878,1896,0
1878,1906,0
1878,1913,0
1879,1880,0
1879,1882,0
1879,1895,0
1879,1896,0
1879,1918,0
1879,1919,0
1879,1921,0
188,190,0
188,191,0
1880,1895,0
1880,1896,0
1880,1897,0
1880,1898,0
1880,1913,0
1881,1895,0
1881,1896,0
1881,1913,0
1881,1915,0
1881,1916,0
1881,1918,0
1881,1922,0
1882,1883,0
1882,1890,0
1882,1895,0
1882,1896,0
1882,1903,0
1882,1906,0
1882,1913,0
1882,1918,0
1882,1920,0
1882,1923,0
1882,1924,0
1882,1925,0
1882,1928,0
1883,1890,0
1883,1895,0
1883,1904,0
1883,1920,0
1883,1928,0
1883,1929,0
1884,1888,0
1884,1890,0
1884,1891,0
1884,1892,0
1884,1900,0
1884,1902,0
1884,1906,0
1884,1930,0
1884,1932,0
1884,1933,0
1885,1893,0
1885,1904,0
1885,1909,0
1886,1893,0
1886,1909,0
1887,1888,0
1887,1890,0
1887,1893,0
1887,1894,0
1887,1906,0
1887,1910,0
1887,1913,0
1888,1889,0
1888,1890,0
1888,1891,0
1888,1892,0
1888,1893,0
1889,1894,0
1889,1895,0
1889,1896,0
1889,1903,0
189,191,0
189,214,0
1890,1891,0
1890,1892,0
1890,1893,0
1890,1895,0
1890,1899,0
1890,1900,0
1890,1901,0
1890,1902,0
1890,1906,0
1890,1910,0
1891,1892,0
1891,1896,0
1891,1899,0
1891,1900,0
1892,1896,0
1892,1900,0
1892,1901,0
1893,1896,0
1893,1903,0
1893,1910,0
1895,1896,0
1895,1897,0
1895,1900,0
1895,1902,0
1895,1903,0
1895,1905,0
1895,1906,0
1895,1907,0
1895,1908,0
1895,1911,0
1895,1912,0
1895,1913,0
1895,1915,0
1895,1917,0
1895,1918,0
1895,1924,0
1895,1929,0
1895,1931,0
1896,1897,0
1896,1898,0
1896,1899,0
1896,1900,0
1896,1901,0
1896,1902,0
1896,1903,0
1896,1904,0
1896,1909,0
1896,1913,0
1896,1914,0
1896,1915,0
1896,1916,0
1896,1917,0
1896,1918,0
1896,1920,0
1896,1929,0
1897,1913,0
1898,1919,0
1898,1921,0
1899,1900,0
1899,1901,0
1899,1913,0
19,1010,0
19,1012,0
19,1118,0
19,1121,0
19,1122,0
19,1143,0
19,1287,0
19,25,0
19,27,0
19,32,0
19,62,0
19,949,0
190,192,0
190,193,0
190,194,0
190,195,0
190,204,0
190,205,0
190,206,0
1900,1901,0
1900,1902,0
1900,1904,0
1900,1914,0
1900,1917,0
1900,1918,0
1900,1929,0
1900,1930,0
1900,1931,0
1901,1913,0
1901,1931,0
1902,1903,0
1902,1904,0
1903,1904,0
1903,1905,0
1903,1906,0
1903,1907,0
1903,1908,0
1903,1909,0
1903,1911,0
1903,1912,0
1904,1930,0
1905,1907,0
1906,1907,0
1906,1908,0
1906,1910,0
1906,1911,0
1907,1908,0
191,199,0
191,214,0
191,215,0
191,216,0
1913,1914,0
1913,1915,0
1913,1918,0
1913,1929,0
1914,1931,0
1915,1917,0
1915,1929,0
1916,1920,0
1916,1922,0
1917,1918,0
1919,1920,0
192,196,0
1920,1921,0
1920,1923,0
1920,1924,0
1920,1925,0
1921,1922,0
1923,1925,0
1923,1926,0
1924,1927,0
1925,1926,0
1926,1927,0
193,194,0
193,195,0
193,199,0
193,204,0
1930,1932,0
1932,1933,0
1934,1935,0
1934,1937,0
1935,1936,0
1935,1938,0
1936,1937,0
1936,1938,0
1937,1938,0
1937,1939,0
1938,1939,0
194,195,0
194,199,0
194,205,0
194,206,0
1941,1942,0
1941,1943,0
1942,1943,0
1942,1945,0
1943,1944,0
1943,1945,0
1944,1945,0
1946,1947,0
1946,1948,0
1946,1956,0
1946,1957,0
1947,1948,0
1947,1949,0
1947,1950,0
1947,1951,0
1947,1952,0
1947,1953,0
1947,1962,0
1947,1967,0
1948,1950,0
1948,1953,0
1948,1954,0
1948,1956,0
1948,1958,0
1948,1959,0
1948,1961,0
1948,1962,0
1948,1963,0
1948,1964,0
1948,1966,0
1948,1967,0
1948,1968,0
1948,1969,0
1948,1971,0
1948,1972,0
1949,1950,0
1949,1953,0
1949,1954,0
195,196,0
195,199,0
195,207,0
195,216,0
195,217,0
1950,1951,0
1950,1952,0
1950,1953,0
1950,1956,0
1950,1959,0
1950,1960,0
1950,1961,0
1950,1962,0
1950,1963,0
1950,1964,0
1950,1966,0
1950,1967,0
1950,1970,0
1950,1971,0
1951,1953,0
1951,1962,0
1951,1963,0
1952,1953,0
1952,1957,0
1952,1959,0
1952,1961,0
1952,1962,0
1952,1963,0
1952,1967,0
1952,1971,0
1953,1958,0
1953,1959,0
1953,1960,0
1953,1961,0
1953,1962,0
1953,1963,0
1953,1964,0
1953,1965,0
1953,1966,0
1953,1972,0
1954,1955,0
1954,1956,0
1954,1957,0
1954,1958,0
1954,2033,0
1955,1957,0
1956,1957,0
1956,1959,0
1956,1963,0
1956,1964,0
1956,1966,0
1956,1968,0
1956,1972,0
1956,2040,0
1956,2051,0
1956,2054,0
1956,2068,0
1958,1966,0
1958,1967,0
1959,1960,0
1959,1961,0
1959,1962,0
1959,1966,0
196,197,0
196,198,0
196,199,0
196,200,0
196,201,0
1960,1962,0
1960,1967,0
1960,1968,0
1961,1963,0
1961,1967,0
1961,1971,0
1961,1972,0
1962,1967,0
1962,2055,0
1963,1964,0
1964,1967,0
1965,1972,0
1967,1971,0
1967,2033,0
1968,1969,0
1969,1970,0
197,198,0
197,200,0
197,226,0
197,227,0
197,228,0
197,229,0
197,230,0
197,231,0
197,232,0
197,233,0
197,234,0
1973,1974,0
1973,1975,0
1973,1998,0
1974,1990,0
1974,1993,0
1974,1998,0
1974,1999,0
1975,1976,0
1975,1977,0
1975,1978,0
1975,1979,0
1975,1980,0
1975,1981,0
1975,1982,0
1975,1983,0
1975,1984,0
1975,1985,0
1975,1986,0
1975,1987,0
1975,1988,0
1975,1989,0
1975,1990,0
1975,1991,0
1975,1994,0
1975,1995,0
1975,1996,0
1975,1997,0
1976,1977,0
1976,1978,0
1976,1979,0
1976,1980,0
1976,1993,0
1977,1978,0
1977,1981,0
1977,1993,0
1978,1979,0
1978,1980,0
1978,1981,0
1978,1982,0
1978,1983,0
1978,1984,0
1978,1985,0
1978,1986,0
1978,1987,0
1978,1988,0
1978,1989,0
1978,1991,0
1978,1995,0
1978,2001,0
1979,1980,0
1979,1984,0
1979,1987,0
1979,1993,0
198,201,0
198,227,0
198,228,0
198,230,0
198,231,0
198,234,0
1980,1989,0
1980,1993,0
1981,1982,0
1981,1993,0
1982,1983,0
1982,1984,0
1982,1985,0
1982,1993,0
1983,1986,0
1983,1993,0
1984,1988,0
1985,1986,0
1985,1987,0
1985,1993,0
1986,1993,0
1987,1993,0
1988,1989,0
1988,1993,0
1989,1993,0
199,224,0
1990,1991,0
1990,1992,0
1990,1993,0
1990,1995,0
1990,2000,0
1991,1994,0
1991,1995,0
1991,1996,0
1991,1997,0
1991,1998,0
1991,1999,0
1991,2000,0
1991,2001,0
1991,2016,0
1992,1993,0
1992,1998,0
1993,1996,0
1994,1995,0
1995,1996,0
1996,1997,0
1996,1998,0
1998,1999,0
1998,2000,0
1998,2001,0
1999,2000,0
2,1260,0
2,17,0
2,33,0
2,943,0
2,949,0
2,998,0
2,999,0
20,1106,0
20,1107,0
20,1108,0
20,1121,0
20,1123,0
20,1124,0
20,22,0
20,27,0
20,30,0
20,32,0
20,39,0
20,61,0
20,62,0
200,201,0
200,202,0
200,220,0
200,222,0
2000,2001,0
2002,2003,0
2002,2004,0
2003,2008,0
2003,2014,0
2003,2015,0
2004,2006,0
2004,2007,0
2004,2008,0
2004,2009,0
2004,2012,0
2004,2013,0
2004,2014,0
2004,2015,0
2004,2016,0
2004,2019,0
2005,2012,0
2005,2018,0
2005,2021,0
2006,2007,0
2006,2008,0
2006,2012,0
2008,2012,0
2008,2015,0
2008,2019,0
2009,2016,0
2009,2018,0
201,202,0
201,203,0
201,220,0
201,222,0
2010,2011,0
2010,2012,0
2010,2013,0
2010,2014,0
2010,2015,0
2011,2013,0
2011,2014,0
2012,2014,0
2012,2015,0
2012,2017,0
2012,2019,0
2012,2020,0
2014,2015,0
2016,2018,0
2016,2021,0
2017,2018,0
2017,2021,0
2018,2021,0
2018,2022,0
2018,2024,0
2019,2020,0
202,203,0
202,207,0
202,220,0
202,221,0
202,223,0
202,224,0
2021,2022,0
2021,2023,0
2022,2024,0
2023,2024,0
2025,2026,0
2025,2027,0
2025,2028,0
2025,2061,0
2026,2029,0
2026,2030,0
2026,2037,0
2027,2028,0
2027,2060,0
2027,2061,0
2028,2038,0
2028,2042,0
2028,2061,0
2029,2031,0
2029,2032,0
2029,2033,0
2029,2034,0
2029,2035,0
2029,2036,0
2029,2039,0
2029,2048,0
2029,2071,0
203,220,0
203,222,0
203,223,0
203,224,0
2030,2035,0
2030,2037,0
2030,2059,0
2030,2062,0
2031,2035,0
2031,2036,0
2031,2037,0
2031,2038,0
2032,2053,0
2033,2039,0
2033,2055,0
2033,2067,0
2034,2043,0
2034,2044,0
2034,2045,0
2034,2046,0
2034,2047,0
2035,2037,0
2035,2038,0
2035,2039,0
2035,2040,0
2035,2041,0
2035,2047,0
2035,2050,0
2035,2053,0
2035,2054,0
2035,2055,0
2035,2063,0
2035,2067,0
2035,2068,0
2035,2071,0
2035,2076,0
2035,2077,0
2036,2037,0
2036,2039,0
2037,2039,0
2037,2040,0
2037,2068,0
2038,2039,0
2038,2040,0
2038,2041,0
2038,2063,0
2038,2068,0
2038,2071,0
2038,2076,0
2039,2063,0
2039,2072,0
204,206,0
204,218,0
204,219,0
2040,2041,0
2040,2043,0
2040,2062,0
2040,2063,0
2040,2064,0
2040,2068,0
2041,2059,0
2041,2060,0
2041,2061,0
2041,2063,0
2041,2067,0
2041,2068,0
2041,2072,0
2042,2050,0
2043,2045,0
2043,2048,0
2043,2068,0
2044,2049,0
2044,2051,0
2044,2052,0
2044,2054,0
2044,2071,0
2045,2049,0
2046,2051,0
2047,2050,0
2047,2053,0
2047,2054,0
2047,2055,0
2048,2052,0
2049,2050,0
2054,2056,0
2054,2057,0
2054,2073,0
2056,2058,0
2057,2064,0
2057,2065,0
2058,2059,0
2058,2060,0
2059,2061,0
206,218,0
206,219,0
2060,2066,0
2060,2068,0
2061,2066,0
2063,2068,0
2065,2069,0
2065,2070,0
2066,2067,0
2069,2070,0
207,220,0
207,222,0
207,223,0
207,224,0
2070,2071,0
2072,2073,0
2073,2074,0
2074,2075,0
2078,2079,0
2078,2080,0
2078,2081,0
2078,2082,0
2078,2083,0
2078,2084,0
2078,2087,0
2079,2083,0
2079,2085,0
2080,2082,0
2080,2083,0
2080,2087,0
2081,2083,0
2081,2085,0
2081,2087,0
2081,2088,0
2082,2083,0
2082,2084,0
2082,2087,0
2082,2088,0
2083,2085,0
2084,2086,0
2084,2088,0
2085,2086,0
2085,2088,0
2086,2087,0
2087,2088,0
21,1041,0
21,1043,0
21,1123,0
21,1125,0
21,1126,0
21,1127,0
21,1128,0
21,1129,0
21,1208,0
21,1684,0
21,1685,0
21,1686,0
21,1725,0
21,49,0
21,50,0
21,52,0
21,62,0
21,949,0
21,953,0
21,989,0
214,217,0
215,216,0
216,217,0
216,223,0
22,1086,0
22,1088,0
22,1089,0
22,1107,0
22,1130,0
22,1131,0
22,1132,0
22,1294,0
22,1306,0
22,1480,0
22,62,0
22,943,0
22,949,0
22,953,0
22,960,0
220,221,0
220,222,0
220,223,0
220,224,0
221,222,0
221,225,0
222,223,0
222,224,0
223,224,0
226,227,0
226,228,0
227,228,0
227,229,0
227,230,0
228,229,0
228,230,0
228,231,0
228,232,0
228,233,0
228,234,0
229,231,0
23,1039,0
23,1127,0
23,1131,0
23,1133,0
23,1134,0
23,1137,0
23,1138,0
23,1189,0
23,1637,0
23,1647,0
23,44,0
23,50,0
23,51,0
23,940,0
23,949,0
23,950,0
230,231,0
230,233,0
230,234,0
231,232,0
233,234,0
235,236,0
236,237,0
237,245,0
238,239,0
238,243,0
239,240,0
239,241,0
239,242,0
24,1106,0
24,1107,0
24,1108,0
24,1124,0
24,1137,0
24,1139,0
24,1432,0
24,27,0
24,30,0
24,39,0
24,62,0
242,243,0
243,244,0
245,246,0
246,247,0
247,248,0
249,252,0
249,267,0
249,268,0
249,269,0
249,270,0
249,275,0
249,284,0
25,1010,0
25,1012,0
25,1046,0
25,1047,0
25,1103,0
25,1106,0
25,1120,0
25,1124,0
25,1139,0
25,1140,0
25,1141,0
25,1143,0
25,1284,0
25,1317,0
25,1326,0
25,1331,0
25,27,0
25,30,0
25,32,0
25,39,0
25,62,0
25,943,0
25,949,0
25,989,0
250,251,0
250,252,0
250,253,0
250,277,0
250,282,0
251,257,0
251,260,0
251,263,0
251,280,0
251,281,0
251,282,0
251,283,0
252,256,0
252,261,0
252,262,0
252,264,0
252,265,0
252,267,0
252,268,0
252,269,0
252,270,0
252,271,0
252,272,0
252,273,0
252,274,0
252,275,0
252,276,0
252,279,0
252,282,0
252,284,0
252,285,0
253,256,0
253,263,0
254,257,0
254,280,0
255,257,0
255,259,0
255,260,0
255,266,0
255,280,0
255,281,0
255,283,0
256,257,0
256,267,0
256,280,0
256,281,0
256,283,0
257,263,0
257,278,0
257,280,0
257,281,0
257,283,0
258,1757,0
258,1758,0
258,259,0
259,266,0
26,1016,0
26,1142,0
26,1145,0
26,1146,0
26,1264,0
26,1334,0
26,1336,0
26,1512,0
26,1514,0
26,1599,0
26,62,0
26,943,0
26,949,0
26,950,0
260,279,0
260,280,0
261,262,0
261,264,0
262,265,0
263,278,0
264,265,0
264,267,0
264,270,0
264,275,0
264,284,0
265,271,0
265,273,0
265,275,0
265,284,0
265,285,0
266,1757,0
266,1758,0
267,269,0
267,271,0
267,275,0
267,284,0
268,269,0
268,275,0
268,284,0
269,270,0
269,271,0
269,272,0
269,273,0
27,1106,0
27,1145,0
27,1147,0
27,39,0
27,58,0
27,62,0
27,949,0
270,275,0
270,284,0
271,272,0
271,275,0
271,284,0
272,275,0
272,284,0
272,285,0
273,285,0
274,275,0
274,276,0
274,284,0
275,276,0
275,279,0
275,284,0
275,285,0
276,279,0
28,1014,0
28,1015,0
28,1018,0
28,1020,0
28,1028,0
28,1049,0
28,1107,0
28,1127,0
28,1147,0
28,1148,0
28,1149,0
28,1150,0
28,1151,0
28,1265,0
28,1269,0
28,1294,0
28,1304,0
28,1335,0
28,1484,0
28,1514,0
28,1515,0
28,57,0
28,59,0
28,62,0
28,949,0
28,953,0
28,954,0
28,959,0
28,962,0
286,287,0
286,290,0
286,299,0
286,312,0
286,327,0
286,337,0
286,352,0
286,391,0
287,288,0
287,289,0
287,337,0
287,391,0
288,289,0
288,290,0
288,291,0
289,291,0
289,337,0
289,338,0
289,355,0
289,373,0
289,380,0
289,381,0
289,382,0
289,385,0
289,391,0
289,394,0
289,397,0
289,408,0
289,409,0
289,410,0
289,411,0
289,412,0
289,461,0
29,1008,0
29,1053,0
29,1058,0
29,1120,0
29,1150,0
29,1152,0
29,1153,0
29,1317,0
29,1346,0
29,1349,0
29,30,0
29,31,0
29,35,0
29,42,0
29,62,0
29,939,0
29,940,0
29,949,0
29,950,0
29,951,0
29,953,0
290,292,0
290,299,0
290,312,0
290,327,0
290,337,0
290,352,0
290,462,0
290,463,0
290,465,0
291,299,0
291,337,0
291,338,0
291,352,0
291,353,0
291,355,0
291,381,0
291,394,0
291,411,0
291,412,0
291,447,0
291,448,0
292,293,0
292,294,0
292,295,0
292,299,0
292,312,0
292,327,0
292,337,0
292,352,0
292,462,0
292,463,0
292,465,0
293,296,0
293,297,0
293,298,0
293,299,0
293,300,0
293,301,0
293,302,0
293,420,0
294,295,0
294,339,0
294,340,0
294,341,0
294,342,0
294,343,0
294,344,0
294,345,0
294,346,0
294,347,0
294,351,0
294,357,0
294,366,0
294,367,0
294,385,0
294,423,0
294,424,0
294,425,0
294,426,0
294,427,0
294,433,0
294,434,0
294,435,0
294,436,0
294,437,0
295,298,0
295,299,0
295,341,0
295,342,0
295,343,0
295,344,0
295,351,0
295,357,0
295,366,0
295,385,0
295,392,0
296,297,0
296,301,0
296,384,0
296,422,0
297,298,0
297,299,0
297,300,0
297,301,0
297,302,0
297,420,0
297,422,0
298,299,0
298,311,0
298,312,0
298,313,0
298,337,0
298,352,0
298,354,0
298,356,0
298,357,0
298,361,0
298,364,0
298,368,0
298,369,0
298,370,0
298,371,0
298,372,0
298,373,0
298,374,0
298,376,0
298,377,0
298,380,0
298,381,0
298,383,0
298,384,0
298,393,0
298,395,0
298,396,0
298,397,0
298,398,0
298,408,0
298,409,0
298,412,0
298,422,0
298,428,0
298,432,0
298,438,0
298,444,0
298,455,0
298,462,0
298,463,0
298,465,0
299,305,0
299,309,0
299,312,0
299,313,0
299,320,0
299,337,0
299,339,0
299,340,0
299,341,0
299,342,0
299,343,0
299,344,0
299,351,0
299,352,0
299,360,0
299,361,0
299,364,0
299,367,0
299,368,0
299,371,0
299,372,0
299,373,0
299,374,0
299,375,0
299,377,0
299,378,0
299,379,0
299,380,0
299,381,0
299,382,0
299,383,0
299,384,0
299,385,0
299,421,0
299,422,0
299,452,0
299,455,0
299,457,0
299,464,0
3,1245,0
3,14,0
3,60,0
3,939,0
3,949,0
3,950,0
3,989,0
30,1008,0
30,1027,0
30,1053,0
30,1054,0
30,1120,0
30,1153,0
30,1154,0
30,1155,0
30,1324,0
30,1342,0
30,31,0
30,35,0
30,39,0
30,62,0
30,949,0
300,301,0
300,303,0
300,384,0
300,422,0
301,384,0
301,422,0
302,341,0
302,344,0
302,384,0
302,422,0
303,304,0
303,305,0
304,306,0
304,307,0
304,308,0
304,309,0
304,310,0
304,311,0
304,312,0
304,313,0
304,314,0
304,315,0
304,316,0
304,317,0
304,318,0
304,319,0
304,320,0
304,321,0
304,322,0
304,323,0
304,324,0
304,325,0
304,326,0
304,328,0
304,329,0
304,330,0
304,331,0
304,332,0
304,333,0
304,334,0
304,335,0
304,404,0
305,337,0
305,352,0
305,358,0
305,359,0
305,360,0
305,361,0
305,365,0
306,321,0
306,322,0
306,323,0
306,324,0
306,325,0
306,326,0
307,320,0
307,339,0
307,389,0
307,390,0
308,320,0
308,327,0
308,342,0
309,310,0
309,312,0
309,313,0
309,322,0
309,327,0
309,328,0
309,329,0
309,330,0
309,331,0
309,333,0
309,335,0
309,337,0
309,352,0
309,355,0
309,407,0
309,462,0
309,463,0
309,465,0
31,1008,0
31,1050,0
31,1052,0
31,1053,0
31,1054,0
31,1056,0
31,1057,0
31,1154,0
31,1156,0
31,1157,0
31,1255,0
31,1259,0
31,1347,0
31,35,0
31,38,0
31,62,0
31,939,0
31,940,0
31,943,0
31,949,0
31,950,0
31,951,0
31,953,0
310,312,0
310,313,0
310,315,0
310,319,0
310,321,0
310,322,0
310,323,0
310,328,0
310,329,0
310,344,0
310,357,0
310,407,0
310,416,0
311,313,0
311,318,0
311,345,0
311,351,0
311,352,0
311,353,0
311,354,0
311,355,0
311,356,0
312,313,0
312,327,0
312,328,0
312,329,0
312,331,0
312,332,0
312,338,0
312,339,0
312,340,0
312,341,0
312,342,0
312,364,0
312,385,0
312,422,0
313,314,0
313,318,0
313,327,0
313,331,0
313,332,0
313,338,0
313,342,0
313,346,0
313,350,0
313,354,0
313,355,0
313,356,0
313,385,0
313,388,0
313,399,0
313,400,0
313,401,0
313,402,0
313,403,0
313,404,0
313,405,0
313,406,0
313,407,0
314,315,0
314,316,0
314,317,0
314,346,0
314,356,0
314,400,0
314,401,0
314,402,0
314,417,0
314,419,0
315,322,0
315,329,0
315,346,0
315,407,0
315,416,0
315,417,0
315,418,0
316,322,0
316,329,0
316,331,0
316,407,0
316,417,0
316,419,0
317,322,0
317,329,0
317,332,0
317,346,0
317,417,0
317,418,0
317,419,0
318,356,0
318,399,0
318,400,0
318,402,0
318,403,0
318,404,0
318,405,0
318,406,0
318,413,0
319,320,0
319,323,0
319,324,0
319,325,0
319,326,0
319,328,0
319,330,0
319,331,0
319,333,0
319,336,0
319,337,0
319,339,0
32,1156,0
32,1158,0
32,1159,0
32,1351,0
32,1530,0
32,1561,0
32,61,0
32,62,0
32,943,0
32,949,0
320,323,0
320,324,0
320,325,0
320,326,0
320,333,0
320,336,0
320,337,0
320,345,0
320,350,0
320,352,0
320,366,0
320,391,0
320,392,0
321,322,0
321,323,0
321,324,0
321,326,0
321,328,0
321,331,0
322,323,0
322,324,0
322,325,0
322,326,0
322,327,0
322,328,0
322,329,0
322,330,0
322,331,0
322,332,0
322,333,0
322,334,0
322,335,0
323,324,0
323,329,0
323,333,0
323,336,0
323,344,0
324,328,0
324,329,0
324,332,0
324,333,0
325,326,0
325,329,0
325,330,0
325,333,0
325,337,0
325,391,0
326,329,0
326,331,0
326,332,0
326,333,0
326,337,0
327,336,0
327,337,0
327,338,0
327,339,0
327,340,0
327,341,0
328,329,0
328,332,0
328,334,0
328,339,0
328,407,0
328,418,0
329,330,0
329,331,0
329,332,0
329,334,0
329,339,0
33,1158,0
33,1160,0
33,1161,0
33,1188,0
33,1189,0
33,1191,0
33,1192,0
33,1294,0
33,1306,0
33,1355,0
33,37,0
33,62,0
33,949,0
330,331,0
330,335,0
330,337,0
330,338,0
330,355,0
330,369,0
330,370,0
330,371,0
330,373,0
330,376,0
330,377,0
330,381,0
330,394,0
330,407,0
331,332,0
331,407,0
331,419,0
332,368,0
332,417,0
332,418,0
332,419,0
333,339,0
333,391,0
334,407,0
334,417,0
334,418,0
335,407,0
335,416,0
335,418,0
335,419,0
336,337,0
336,339,0
336,343,0
336,355,0
336,389,0
336,391,0
336,392,0
337,339,0
337,340,0
337,341,0
337,343,0
337,351,0
337,353,0
337,355,0
337,364,0
337,366,0
337,367,0
337,382,0
337,389,0
337,390,0
337,391,0
337,392,0
338,351,0
338,353,0
338,355,0
338,364,0
338,366,0
338,382,0
338,394,0
339,352,0
339,367,0
339,391,0
339,392,0
339,462,0
339,463,0
339,465,0
34,1039,0
34,1127,0
34,1160,0
34,1162,0
34,1163,0
34,50,0
34,51,0
34,62,0
34,949,0
34,950,0
340,349,0
340,352,0
340,384,0
340,462,0
340,463,0
340,465,0
341,352,0
341,462,0
341,463,0
341,465,0
342,343,0
342,352,0
342,462,0
342,463,0
342,465,0
343,344,0
343,352,0
343,373,0
343,377,0
343,392,0
343,438,0
343,462,0
343,463,0
343,465,0
343,470,0
344,352,0
344,462,0
344,463,0
344,465,0
345,348,0
345,349,0
345,350,0
345,360,0
346,400,0
346,401,0
346,402,0
346,405,0
346,415,0
346,416,0
347,423,0
347,424,0
347,425,0
347,426,0
347,427,0
347,428,0
347,433,0
347,434,0
347,435,0
347,436,0
347,437,0
348,376,0
348,397,0
349,350,0
35,1027,0
35,1053,0
35,1054,0
35,1057,0
35,1062,0
35,1153,0
35,1162,0
35,1164,0
35,1165,0
35,1166,0
35,1358,0
35,1508,0
35,1532,0
35,62,0
35,940,0
35,949,0
351,352,0
351,353,0
351,355,0
351,357,0
351,381,0
351,391,0
351,394,0
351,447,0
351,448,0
351,462,0
351,463,0
351,465,0
352,354,0
352,364,0
352,367,0
352,378,0
352,379,0
352,381,0
352,382,0
352,383,0
352,384,0
352,385,0
352,447,0
352,448,0
352,462,0
353,354,0
353,355,0
353,369,0
353,370,0
353,371,0
353,372,0
353,373,0
353,375,0
353,376,0
353,377,0
353,381,0
353,382,0
353,394,0
354,355,0
354,360,0
354,380,0
355,369,0
355,370,0
355,371,0
355,372,0
355,373,0
355,375,0
355,376,0
355,377,0
355,381,0
355,382,0
355,391,0
355,394,0
355,420,0
356,399,0
356,400,0
357,383,0
358,361,0
359,363,0
359,365,0
36,1166,0
36,1167,0
36,1168,0
36,1169,0
36,1170,0
36,62,0
36,947,0
36,948,0
36,949,0
36,950,0
36,953,0
36,983,0
360,368,0
360,378,0
360,386,0
360,387,0
361,362,0
361,363,0
361,364,0
361,365,0
361,366,0
361,367,0
362,363,0
363,365,0
363,366,0
364,365,0
364,367,0
364,368,0
364,369,0
364,370,0
364,371,0
364,372,0
364,373,0
364,374,0
364,375,0
364,376,0
364,377,0
364,378,0
367,371,0
367,373,0
367,374,0
367,462,0
367,463,0
367,465,0
369,372,0
369,393,0
369,394,0
369,395,0
37,1167,0
37,1171,0
37,53,0
37,62,0
37,939,0
37,940,0
37,943,0
37,949,0
37,950,0
37,974,0
37,990,0
370,372,0
370,393,0
370,394,0
370,395,0
370,396,0
371,375,0
371,379,0
371,394,0
371,408,0
371,445,0
371,446,0
371,448,0
371,451,0
371,453,0
371,455,0
371,456,0
371,457,0
372,376,0
372,394,0
372,395,0
372,396,0
373,382,0
373,394,0
373,409,0
373,423,0
373,424,0
373,425,0
373,427,0
373,430,0
373,431,0
373,432,0
373,433,0
373,434,0
373,435,0
373,436,0
373,437,0
373,438,0
373,439,0
373,440,0
374,427,0
374,428,0
374,429,0
374,430,0
374,431,0
374,432,0
374,433,0
374,434,0
374,435,0
374,436,0
375,379,0
375,394,0
375,408,0
375,445,0
375,447,0
375,448,0
375,449,0
375,455,0
375,456,0
375,464,0
375,466,0
375,467,0
375,468,0
376,394,0
376,395,0
376,398,0
377,394,0
377,470,0
378,381,0
379,449,0
379,456,0
379,459,0
38,1053,0
38,1171,0
38,1172,0
38,62,0
38,939,0
38,940,0
38,943,0
38,949,0
38,950,0
38,990,0
380,381,0
380,387,0
380,412,0
381,382,0
381,386,0
381,462,0
382,383,0
382,391,0
382,394,0
382,411,0
382,447,0
382,448,0
382,462,0
383,462,0
383,463,0
383,465,0
384,420,0
384,421,0
385,440,0
385,462,0
385,463,0
385,465,0
387,388,0
39,1106,0
39,1172,0
39,1173,0
39,1174,0
39,1175,0
39,1362,0
39,1574,0
39,58,0
39,62,0
39,949,0
39,987,0
392,420,0
393,395,0
395,396,0
395,397,0
395,398,0
399,401,0
399,403,0
399,413,0
399,414,0
399,415,0
4,1014,0
4,1015,0
4,1263,0
4,1264,0
4,26,0
4,28,0
4,949,0
4,950,0
4,959,0
4,974,0
4,989,0
40,1127,0
40,1175,0
40,1176,0
40,1177,0
40,1180,0
40,1182,0
40,1364,0
40,1444,0
40,41,0
40,62,0
40,949,0
40,953,0
40,983,0
40,989,0
401,402,0
401,403,0
402,404,0
402,405,0
402,413,0
403,413,0
403,414,0
403,415,0
404,405,0
405,406,0
405,413,0
407,416,0
407,418,0
407,419,0
408,446,0
408,447,0
408,448,0
408,456,0
409,436,0
41,1127,0
41,1176,0
41,1178,0
41,1179,0
41,1180,0
41,1181,0
41,1182,0
41,1372,0
41,1374,0
41,1444,0
41,47,0
41,57,0
41,62,0
41,949,0
41,974,0
410,470,0
411,412,0
412,427,0
412,428,0
413,414,0
414,415,0
416,417,0
417,418,0
417,419,0
42,1166,0
42,1182,0
42,1183,0
42,1184,0
42,1215,0
42,1359,0
42,1380,0
42,1381,0
42,62,0
42,949,0
42,950,0
420,421,0
420,422,0
423,424,0
423,438,0
424,425,0
424,438,0
425,426,0
425,438,0
425,441,0
426,427,0
426,440,0
427,428,0
427,438,0
428,429,0
428,430,0
428,431,0
428,432,0
428,433,0
428,434,0
428,435,0
428,436,0
429,439,0
43,1183,0
43,1185,0
43,1186,0
43,1379,0
43,1382,0
43,1386,0
43,62,0
43,947,0
43,948,0
43,949,0
43,950,0
43,953,0
43,983,0
430,431,0
430,433,0
430,438,0
430,442,0
430,443,0
431,432,0
431,433,0
431,437,0
431,438,0
432,438,0
432,440,0
432,441,0
433,438,0
434,438,0
435,438,0
435,439,0
435,441,0
436,438,0
437,438,0
437,439,0
437,440,0
437,441,0
438,439,0
438,440,0
439,440,0
439,441,0
44,1185,0
44,1187,0
44,1188,0
44,1189,0
44,1190,0
44,1191,0
44,1192,0
44,1390,0
44,62,0
44,947,0
44,949,0
44,953,0
44,958,0
44,964,0
44,965,0
44,966,0
44,967,0
440,441,0
442,444,0
443,444,0
445,446,0
445,447,0
445,448,0
445,449,0
446,448,0
446,450,0
447,448,0
447,449,0
447,450,0
447,451,0
447,452,0
447,464,0
447,465,0
447,466,0
448,450,0
448,451,0
448,452,0
448,453,0
448,456,0
449,451,0
449,452,0
449,453,0
449,455,0
449,456,0
449,457,0
45,1192,0
45,1193,0
45,1194,0
45,1391,0
45,1394,0
45,1540,0
45,62,0
45,949,0
450,458,0
450,462,0
450,463,0
450,464,0
450,465,0
450,467,0
450,468,0
450,768,0
450,783,0
450,784,0
450,789,0
450,790,0
450,791,0
450,806,0
450,807,0
451,453,0
451,454,0
451,464,0
452,454,0
454,455,0
454,458,0
455,456,0
455,457,0
456,457,0
457,458,0
459,460,0
459,461,0
459,462,0
459,463,0
459,465,0
46,1027,0
46,1193,0
46,1195,0
46,1196,0
46,1197,0
46,1407,0
46,1541,0
46,62,0
46,943,0
46,947,0
46,948,0
46,949,0
46,950,0
46,953,0
460,461,0
462,463,0
462,464,0
462,465,0
462,466,0
462,467,0
462,468,0
462,469,0
463,464,0
463,465,0
463,468,0
464,466,0
464,467,0
464,468,0
464,469,0
466,467,0
466,468,0
466,469,0
467,468,0
47,1008,0
47,1015,0
47,1018,0
47,1020,0
47,1021,0
47,1022,0
47,1023,0
47,1028,0
47,1049,0
47,1051,0
47,1063,0
47,1065,0
47,1066,0
47,1067,0
47,1068,0
47,1069,0
47,1070,0
47,1071,0
47,1107,0
47,1127,0
47,1197,0
47,1198,0
47,1200,0
47,1201,0
47,1202,0
47,1203,0
47,1204,0
47,1205,0
47,1417,0
47,1600,0
47,48,0
47,62,0
47,689,0
47,728,0
47,940,0
47,948,0
47,949,0
47,956,0
47,957,0
47,968,0
47,971,0
47,993,0
471,472,0
471,473,0
471,474,0
472,473,0
472,474,0
472,475,0
473,474,0
473,479,0
473,482,0
473,483,0
473,484,0
473,487,0
473,488,0
473,489,0
473,490,0
473,491,0
473,492,0
473,493,0
473,494,0
473,495,0
473,496,0
473,497,0
473,498,0
473,499,0
473,500,0
473,502,0
473,503,0
473,504,0
473,505,0
473,506,0
473,507,0
473,508,0
473,509,0
473,510,0
473,511,0
473,516,0
473,517,0
473,518,0
473,519,0
473,520,0
473,521,0
473,526,0
473,528,0
473,529,0
473,530,0
473,537,0
473,538,0
473,539,0
473,541,0
473,542,0
473,543,0
473,546,0
473,548,0
473,554,0
473,555,0
473,556,0
473,557,0
473,558,0
473,559,0
473,561,0
473,562,0
473,563,0
473,564,0
473,565,0
473,567,0
473,568,0
473,570,0
473,571,0
473,572,0
474,500,0
474,563,0
475,476,0
475,477,0
475,478,0
475,560,0
476,479,0
476,480,0
476,481,0
476,484,0
476,494,0
476,524,0
477,478,0
477,559,0
477,560,0
477,561,0
478,555,0
478,556,0
478,560,0
479,482,0
479,483,0
479,484,0
479,565,0
479,567,0
48,1023,0
48,1049,0
48,1066,0
48,1067,0
48,1068,0
48,1202,0
48,1203,0
48,1414,0
48,1415,0
48,1600,0
48,1601,0
48,62,0
48,948,0
48,949,0
480,481,0
480,484,0
480,494,0
480,503,0
480,505,0
481,490,0
481,495,0
481,512,0
481,515,0
482,485,0
483,484,0
483,485,0
483,486,0
483,487,0
483,490,0
483,491,0
483,492,0
483,494,0
483,495,0
483,497,0
483,501,0
483,502,0
483,503,0
483,545,0
483,554,0
483,558,0
483,559,0
483,565,0
483,566,0
483,567,0
483,568,0
483,572,0
483,573,0
484,486,0
484,487,0
484,488,0
484,489,0
484,490,0
484,491,0
484,492,0
484,493,0
484,494,0
484,495,0
484,496,0
484,497,0
484,498,0
484,499,0
484,500,0
484,501,0
484,502,0
484,503,0
484,504,0
484,505,0
484,506,0
484,507,0
484,529,0
484,538,0
484,546,0
484,548,0
484,565,0
484,566,0
484,567,0
484,568,0
484,572,0
484,905,0
485,486,0
485,487,0
486,487,0
486,488,0
486,494,0
486,497,0
487,490,0
487,497,0
487,529,0
487,530,0
487,545,0
487,547,0
489,494,0
49,1039,0
49,1127,0
49,1163,0
49,1205,0
49,1206,0
49,50,0
49,52,0
49,62,0
49,949,0
49,989,0
490,492,0
490,493,0
490,494,0
490,495,0
490,496,0
490,498,0
490,503,0
490,504,0
490,507,0
490,508,0
490,510,0
490,511,0
490,512,0
490,513,0
490,514,0
490,515,0
490,516,0
490,517,0
490,529,0
490,565,0
491,492,0
491,522,0
491,523,0
491,524,0
491,525,0
491,526,0
492,515,0
492,522,0
492,523,0
492,525,0
493,496,0
493,532,0
493,538,0
493,539,0
493,540,0
493,545,0
494,495,0
494,496,0
494,497,0
494,498,0
494,499,0
494,500,0
494,503,0
494,504,0
494,505,0
494,506,0
494,507,0
494,528,0
494,567,0
494,570,0
495,496,0
495,498,0
495,499,0
495,500,0
495,503,0
495,504,0
495,507,0
495,511,0
495,512,0
495,513,0
495,515,0
495,516,0
495,517,0
495,518,0
495,567,0
495,570,0
496,532,0
496,539,0
496,540,0
496,542,0
497,498,0
497,505,0
498,508,0
498,510,0
498,512,0
498,514,0
499,569,0
499,570,0
5,1001,0
5,1020,0
5,1053,0
5,1269,0
5,1273,0
5,1274,0
5,1275,0
5,1276,0
5,1277,0
5,1278,0
5,1279,0
5,1280,0
5,1281,0
5,1282,0
5,1283,0
5,1508,0
5,18,0
5,28,0
5,35,0
5,41,0
5,62,0
5,949,0
5,963,0
50,1028,0
50,1031,0
50,1032,0
50,1033,0
50,1038,0
50,1039,0
50,1107,0
50,1127,0
50,1136,0
50,1163,0
50,1237,0
50,1293,0
50,1295,0
50,1296,0
50,1297,0
50,1315,0
50,1424,0
50,1425,0
50,1427,0
50,1428,0
50,1429,0
50,1544,0
50,1621,0
50,1637,0
50,1648,0
50,1660,0
50,1703,0
50,1704,0
50,1705,0
50,1706,0
50,1729,0
50,1740,0
50,51,0
50,52,0
50,62,0
50,689,0
50,728,0
50,940,0
50,941,0
50,949,0
50,953,0
500,563,0
500,567,0
501,502,0
501,560,0
501,566,0
501,567,0
501,571,0
502,567,0
502,568,0
502,573,0
504,518,0
504,519,0
506,507,0
506,563,0
506,572,0
507,508,0
507,510,0
507,561,0
508,509,0
508,510,0
508,512,0
508,513,0
508,514,0
509,511,0
51,1002,0
51,1039,0
51,1127,0
51,1206,0
51,1207,0
51,1740,0
51,57,0
51,62,0
51,940,0
51,949,0
51,950,0
51,953,0
51,956,0
51,983,0
51,989,0
510,512,0
510,514,0
511,512,0
511,513,0
512,514,0
512,547,0
512,565,0
512,566,0
512,568,0
512,569,0
513,516,0
513,520,0
515,521,0
516,517,0
517,519,0
52,1039,0
52,1040,0
52,1127,0
52,1128,0
52,1207,0
52,1208,0
52,1209,0
52,1210,0
52,53,0
52,66,0
52,943,0
52,949,0
520,521,0
522,523,0
522,524,0
522,525,0
522,526,0
522,527,0
523,524,0
523,525,0
524,525,0
524,526,0
527,543,0
527,553,0
528,529,0
53,1211,0
53,1212,0
53,62,0
53,939,0
53,940,0
53,943,0
53,949,0
53,950,0
530,554,0
530,555,0
530,556,0
531,532,0
531,533,0
531,534,0
531,535,0
531,536,0
531,537,0
532,533,0
532,534,0
532,535,0
532,536,0
532,537,0
532,538,0
532,542,0
532,546,0
533,534,0
533,546,0
534,535,0
535,547,0
536,537,0
536,547,0
536,549,0
537,541,0
537,549,0
538,539,0
539,540,0
539,541,0
54,1212,0
54,1213,0
54,1214,0
54,1215,0
54,1432,0
54,1433,0
54,1527,0
54,62,0
54,940,0
54,949,0
54,950,0
540,541,0
540,542,0
540,543,0
540,544,0
541,544,0
542,543,0
543,544,0
543,553,0
544,550,0
544,551,0
544,552,0
545,546,0
545,547,0
546,548,0
548,562,0
548,564,0
55,1215,0
55,1216,0
55,1217,0
55,62,0
55,949,0
550,552,0
550,576,0
550,578,0
550,583,0
550,584,0
550,592,0
550,593,0
550,604,0
550,605,0
551,575,0
551,580,0
551,583,0
551,585,0
551,590,0
551,591,0
551,753,0
551,754,0
552,582,0
552,585,0
554,557,0
554,558,0
554,559,0
555,562,0
557,559,0
558,559,0
559,560,0
56,1008,0
56,1028,0
56,1073,0
56,1074,0
56,1076,0
56,1077,0
56,1078,0
56,1079,0
56,1080,0
56,1082,0
56,1107,0
56,1127,0
56,1216,0
56,1218,0
56,1219,0
56,1220,0
56,1221,0
56,1223,0
56,1224,0
56,1225,0
56,1226,0
56,1227,0
56,1228,0
56,1229,0
56,1230,0
56,1231,0
56,1441,0
56,1547,0
56,62,0
56,940,0
56,949,0
56,953,0
56,956,0
56,968,0
56,971,0
56,994,0
56,995,0
560,564,0
565,566,0
565,567,0
565,568,0
566,568,0
567,570,0
567,571,0
568,569,0
57,1127,0
57,1178,0
57,1180,0
57,1231,0
57,1232,0
57,1233,0
57,1234,0
57,62,0
57,947,0
57,949,0
57,953,0
57,974,0
57,975,0
571,572,0
572,573,0
574,575,0
574,576,0
576,583,0
576,590,0
576,591,0
576,596,0
576,754,0
577,578,0
577,579,0
577,580,0
577,581,0
578,582,0
578,583,0
578,584,0
579,581,0
579,587,0
579,588,0
579,589,0
579,590,0
579,606,0
58,1106,0
58,1107,0
58,1108,0
58,1234,0
58,1235,0
58,62,0
580,581,0
580,590,0
580,591,0
580,606,0
580,609,0
581,606,0
582,583,0
583,592,0
583,593,0
583,594,0
583,596,0
584,585,0
584,594,0
584,597,0
584,603,0
585,586,0
586,587,0
586,588,0
586,590,0
586,591,0
586,607,0
586,608,0
587,588,0
588,589,0
59,1003,0
59,1268,0
59,1505,0
59,939,0
59,943,0
59,949,0
59,950,0
59,989,0
590,591,0
590,592,0
590,593,0
590,594,0
591,592,0
591,593,0
591,594,0
592,593,0
592,594,0
592,595,0
592,596,0
592,597,0
592,607,0
593,605,0
594,601,0
595,598,0
595,599,0
596,602,0
597,599,0
597,600,0
597,601,0
597,602,0
6,62,0
6,949,0
6,983,0
6,985,0
6,987,0
6,988,0
6,989,0
60,1367,0
60,1374,0
60,939,0
60,949,0
60,950,0
60,989,0
600,601,0
602,603,0
604,605,0
606,607,0
61,1559,0
61,1560,0
61,1561,0
61,62,0
610,611,0
610,612,0
610,613,0
610,614,0
610,615,0
610,616,0
610,617,0
610,618,0
610,619,0
610,620,0
610,621,0
610,622,0
610,623,0
610,624,0
610,625,0
610,626,0
610,627,0
610,628,0
610,629,0
610,630,0
610,631,0
610,632,0
610,633,0
610,634,0
610,635,0
610,636,0
610,637,0
610,638,0
610,639,0
610,640,0
610,641,0
610,642,0
610,643,0
610,644,0
610,645,0
610,646,0
610,647,0
610,648,0
610,649,0
610,650,0
610,651,0
610,652,0
610,653,0
610,654,0
610,655,0
610,656,0
610,657,0
610,658,0
610,659,0
610,660,0
610,661,0
610,662,0
610,663,0
610,664,0
610,665,0
610,666,0
610,667,0
610,668,0
610,669,0
610,670,0
610,671,0
610,672,0
610,673,0
610,674,0
610,675,0
610,676,0
610,677,0
610,678,0
610,679,0
610,680,0
610,681,0
610,682,0
610,683,0
610,684,0
610,685,0
610,686,0
610,687,0
610,688,0
610,689,0
610,690,0
610,691,0
610,711,0
610,728,0
611,612,0
611,613,0
611,614,0
611,615,0
611,686,0
611,687,0
611,688,0
611,689,0
611,690,0
611,691,0
611,692,0
611,693,0
611,694,0
611,695,0
611,696,0
611,728,0
611,737,0
612,614,0
612,617,0
612,619,0
612,626,0
612,628,0
612,648,0
612,649,0
612,650,0
612,652,0
612,653,0
612,657,0
612,659,0
612,661,0
612,674,0
612,679,0
612,684,0
612,685,0
612,687,0
612,689,0
612,692,0
612,697,0
613,614,0
613,617,0
613,620,0
613,622,0
613,623,0
613,624,0
613,625,0
613,627,0
613,628,0
613,629,0
613,630,0
613,631,0
613,633,0
613,634,0
613,636,0
613,637,0
613,639,0
613,640,0
613,641,0
613,642,0
613,644,0
613,645,0
613,647,0
613,648,0
613,649,0
613,650,0
613,652,0
613,653,0
613,654,0
613,655,0
613,656,0
613,657,0
613,659,0
613,660,0
613,661,0
613,665,0
613,674,0
613,679,0
613,684,0
613,685,0
613,688,0
613,689,0
613,693,0
613,699,0
614,617,0
614,620,0
614,625,0
614,627,0
614,628,0
614,629,0
614,630,0
614,633,0
614,636,0
614,640,0
614,642,0
614,644,0
614,648,0
614,649,0
614,650,0
614,652,0
614,653,0
614,654,0
614,657,0
614,659,0
614,661,0
614,665,0
614,674,0
614,679,0
614,682,0
614,684,0
614,685,0
614,687,0
614,688,0
614,689,0
614,694,0
615,618,0
615,662,0
615,663,0
615,664,0
615,666,0
615,667,0
615,668,0
615,669,0
615,670,0
615,671,0
615,672,0
615,673,0
615,675,0
615,677,0
615,678,0
615,680,0
615,689,0
615,690,0
615,695,0
615,728,0
616,620,0
616,621,0
616,632,0
616,635,0
616,638,0
616,643,0
616,658,0
616,702,0
616,704,0
617,618,0
617,698,0
618,619,0
618,663,0
618,672,0
618,698,0
619,620,0
619,646,0
619,698,0
62,1100,0
62,1105,0
62,1109,0
62,1110,0
62,1111,0
62,1112,0
62,1114,0
62,1119,0
62,1121,0
62,1123,0
62,1125,0
62,1126,0
62,1129,0
62,1131,0
62,1139,0
62,1140,0
62,1142,0
62,1143,0
62,1145,0
62,1147,0
62,1148,0
62,1149,0
62,1152,0
62,1154,0
62,1156,0
62,1158,0
62,1160,0
62,1162,0
62,1164,0
62,1167,0
62,1171,0
62,1172,0
62,1173,0
62,1176,0
62,1178,0
62,1183,0
62,1185,0
62,1187,0
62,1193,0
62,1195,0
62,1198,0
62,1200,0
62,1206,0
62,1207,0
62,1211,0
62,1213,0
62,1216,0
62,1218,0
62,1219,0
62,1232,0
62,1235,0
62,1560,0
62,1600,0
62,1601,0
62,1703,0
62,63,0
62,64,0
62,67,0
62,69,0
62,70,0
62,71,0
62,72,0
62,73,0
62,74,0
62,75,0
62,76,0
62,77,0
62,78,0
62,79,0
62,80,0
62,82,0
62,83,0
62,85,0
62,87,0
62,944,0
62,949,0
62,985,0
62,986,0
62,988,0
62,996,0
620,621,0
620,630,0
620,633,0
620,636,0
620,654,0
620,684,0
620,699,0
621,622,0
621,701,0
622,623,0
622,697,0
623,624,0
623,697,0
624,625,0
624,697,0
625,626,0
625,703,0
625,738,0
626,627,0
626,640,0
626,704,0
627,628,0
627,698,0
628,629,0
628,654,0
628,659,0
628,698,0
629,630,0
629,646,0
629,647,0
629,697,0
63,65,0
63,66,0
630,631,0
630,632,0
630,633,0
630,636,0
630,699,0
631,632,0
631,634,0
631,637,0
631,645,0
631,699,0
632,633,0
632,636,0
632,701,0
633,634,0
633,635,0
633,636,0
633,699,0
633,705,0
634,635,0
634,637,0
634,645,0
634,699,0
635,636,0
635,701,0
636,637,0
636,638,0
636,699,0
637,638,0
637,645,0
637,699,0
638,639,0
638,701,0
639,640,0
639,704,0
64,1129,0
64,1130,0
64,69,0
64,75,0
64,83,0
64,85,0
640,641,0
640,704,0
641,642,0
641,682,0
641,704,0
642,643,0
642,699,0
643,644,0
643,699,0
644,645,0
644,654,0
644,698,0
645,646,0
645,647,0
645,675,0
645,677,0
645,680,0
645,698,0
645,726,0
646,647,0
646,675,0
646,676,0
646,677,0
646,698,0
647,648,0
648,649,0
648,652,0
648,653,0
648,698,0
649,650,0
649,698,0
65,67,0
65,68,0
65,69,0
65,70,0
650,651,0
651,652,0
651,702,0
651,706,0
651,707,0
651,708,0
651,709,0
651,710,0
652,653,0
652,698,0
652,710,0
653,654,0
653,698,0
654,655,0
654,657,0
654,661,0
654,684,0
654,685,0
654,698,0
655,656,0
655,699,0
656,657,0
656,699,0
657,658,0
657,665,0
657,699,0
658,659,0
658,701,0
659,660,0
659,698,0
66,1036,0
66,1039,0
66,1040,0
66,1135,0
66,1145,0
66,1187,0
66,1209,0
66,1210,0
66,1315,0
66,1560,0
66,1576,0
66,1579,0
66,1585,0
66,1586,0
66,1591,0
66,1603,0
66,1604,0
66,1605,0
66,1606,0
66,1607,0
66,1608,0
66,1620,0
66,1621,0
66,1622,0
66,1623,0
66,1624,0
66,1625,0
66,1628,0
66,1630,0
66,1631,0
66,1632,0
66,1633,0
66,1634,0
66,1649,0
66,1651,0
66,1652,0
66,1653,0
66,1654,0
66,1666,0
66,1670,0
66,1681,0
66,1682,0
66,1691,0
66,1703,0
66,1712,0
66,1717,0
66,1718,0
66,1725,0
66,73,0
66,75,0
66,944,0
660,661,0
660,704,0
661,662,0
661,701,0
662,663,0
662,699,0
663,664,0
663,699,0
664,665,0
664,698,0
665,666,0
665,698,0
666,667,0
666,704,0
667,668,0
667,675,0
667,677,0
667,698,0
668,669,0
668,704,0
669,670,0
669,704,0
67,1105,0
67,1109,0
67,1110,0
67,1111,0
67,1112,0
67,1114,0
67,1119,0
67,1121,0
67,1123,0
67,1125,0
67,1126,0
67,1129,0
67,1131,0
67,1139,0
67,1140,0
67,1142,0
67,1145,0
67,1147,0
67,1148,0
67,1149,0
67,1152,0
67,1154,0
67,1156,0
67,1158,0
67,1160,0
67,1162,0
67,1164,0
67,1167,0
67,1171,0
67,1172,0
67,1173,0
67,1176,0
67,1178,0
67,1183,0
67,1185,0
67,1187,0
67,1193,0
67,1195,0
67,1198,0
67,1200,0
67,1206,0
67,1207,0
67,1211,0
67,1213,0
67,1216,0
67,1218,0
67,1219,0
67,1232,0
67,1235,0
67,1560,0
67,1600,0
67,1601,0
67,1703,0
67,71,0
67,72,0
67,944,0
67,985,0
67,986,0
67,996,0
670,671,0
670,704,0
671,672,0
671,703,0
672,673,0
672,703,0
673,674,0
673,704,0
673,728,0
674,675,0
674,700,0
675,676,0
675,677,0
675,683,0
675,698,0
676,677,0
676,683,0
676,698,0
677,678,0
677,683,0
678,679,0
678,703,0
679,680,0
679,698,0
68,1145,0
68,78,0
68,82,0
68,944,0
680,681,0
680,699,0
681,682,0
681,698,0
682,683,0
682,704,0
683,684,0
683,698,0
684,685,0
684,698,0
685,698,0
686,687,0
686,688,0
686,689,0
686,690,0
686,697,0
687,692,0
687,696,0
687,698,0
687,714,0
687,716,0
688,693,0
688,696,0
688,715,0
688,731,0
689,694,0
689,696,0
689,715,0
689,725,0
689,740,0
69,1100,0
69,1109,0
69,1110,0
69,1111,0
69,1112,0
69,1114,0
69,1119,0
69,1121,0
69,1131,0
69,1140,0
69,1142,0
69,1145,0
69,1147,0
69,1148,0
69,1149,0
69,1152,0
69,1154,0
69,1156,0
69,1158,0
69,1160,0
69,1162,0
69,1164,0
69,1167,0
69,1171,0
69,1172,0
69,1173,0
69,1176,0
69,1178,0
69,1183,0
69,1185,0
69,1187,0
69,1193,0
69,1195,0
69,1198,0
69,1200,0
69,1211,0
69,1213,0
69,1216,0
69,1218,0
69,1219,0
69,1232,0
69,1560,0
69,1600,0
69,1601,0
69,1703,0
69,74,0
69,75,0
69,77,0
69,85,0
69,86,0
69,985,0
69,986,0
69,996,0
690,695,0
690,696,0
690,700,0
690,728,0
690,733,0
691,692,0
691,693,0
691,694,0
691,695,0
691,696,0
691,698,0
692,693,0
693,694,0
694,695,0
695,699,0
696,703,0
696,704,0
699,701,0
7,1265,0
7,1335,0
7,1414,0
7,1417,0
7,1441,0
7,1574,0
7,59,0
7,62,0
7,955,0
7,996,0
70,1100,0
70,1114,0
70,1119,0
70,1123,0
70,1139,0
70,1148,0
70,1149,0
70,1154,0
70,1167,0
70,1176,0
70,1185,0
70,1193,0
70,1198,0
70,1207,0
70,1213,0
70,1218,0
70,1560,0
70,1574,0
70,1600,0
70,1703,0
70,72,0
70,74,0
70,944,0
700,701,0
701,702,0
705,714,0
705,715,0
705,716,0
705,717,0
705,718,0
705,719,0
705,720,0
705,721,0
705,722,0
705,723,0
705,724,0
705,728,0
705,737,0
705,740,0
705,741,0
71,1109,0
71,1110,0
71,1111,0
71,1112,0
71,1114,0
71,1119,0
71,1121,0
71,1125,0
71,1126,0
71,1129,0
71,1131,0
71,1140,0
71,1142,0
71,1145,0
71,1147,0
71,1149,0
71,1152,0
71,1154,0
71,1156,0
71,1158,0
71,1160,0
71,1162,0
71,1164,0
71,1167,0
71,1171,0
71,1172,0
71,1173,0
71,1176,0
71,1178,0
71,1183,0
71,1185,0
71,1187,0
71,1193,0
71,1195,0
71,1200,0
71,1206,0
71,1207,0
71,1211,0
71,1213,0
71,1216,0
71,1219,0
71,1232,0
71,1601,0
71,1703,0
71,73,0
71,81,0
71,82,0
71,944,0
711,712,0
711,713,0
712,713,0
712,714,0
712,715,0
713,715,0
713,724,0
713,725,0
713,728,0
713,736,0
713,742,0
714,715,0
714,716,0
714,735,0
715,723,0
715,724,0
715,725,0
715,726,0
715,727,0
715,728,0
715,731,0
715,732,0
716,738,0
716,739,0
72,1100,0
72,1114,0
72,1119,0
72,1123,0
72,1125,0
72,1139,0
72,1148,0
72,1149,0
72,1154,0
72,1167,0
72,1176,0
72,1185,0
72,1193,0
72,1198,0
72,1206,0
72,1207,0
72,1213,0
72,1218,0
72,1560,0
72,1574,0
72,1600,0
72,1703,0
72,87,0
72,944,0
724,735,0
725,735,0
725,736,0
726,731,0
726,732,0
726,734,0
727,730,0
727,732,0
727,733,0
727,734,0
728,732,0
728,733,0
728,734,0
728,736,0
728,737,0
728,738,0
728,739,0
728,740,0
729,730,0
729,731,0
729,732,0
729,733,0
73,1125,0
73,1126,0
73,1129,0
73,1162,0
73,1187,0
73,1206,0
73,1207,0
73,1703,0
73,75,0
730,731,0
730,732,0
733,734,0
736,737,0
737,740,0
738,741,0
739,740,0
74,1114,0
74,1148,0
74,1149,0
74,1152,0
74,1154,0
74,1195,0
74,1198,0
74,1200,0
74,1218,0
74,1219,0
74,1600,0
741,742,0
743,744,0
744,745,0
744,746,0
745,747,0
745,749,0
745,750,0
747,748,0
748,749,0
748,750,0
749,750,0
749,751,0
75,1109,0
75,1110,0
75,1111,0
75,1125,0
75,1126,0
75,1129,0
75,1145,0
75,1148,0
75,1152,0
75,1156,0
75,1162,0
75,1171,0
75,1172,0
75,1187,0
75,1198,0
75,1206,0
75,1207,0
75,1211,0
75,1218,0
75,1560,0
75,1600,0
75,1703,0
75,80,0
75,84,0
75,85,0
75,944,0
750,751,0
751,752,0
753,754,0
755,756,0
755,757,0
755,758,0
755,759,0
756,757,0
756,758,0
756,760,0
756,761,0
756,762,0
756,764,0
756,766,0
757,758,0
757,759,0
757,762,0
757,765,0
757,766,0
758,762,0
758,763,0
758,764,0
759,760,0
759,761,0
759,762,0
759,763,0
759,766,0
76,1109,0
76,1110,0
76,1111,0
76,1140,0
76,1142,0
76,1148,0
76,1152,0
76,1156,0
76,1167,0
76,1171,0
76,1172,0
76,1176,0
76,1185,0
76,1187,0
76,1193,0
76,1198,0
76,1211,0
76,1218,0
76,1560,0
76,1600,0
76,84,0
76,944,0
760,762,0
761,764,0
762,763,0
765,766,0
767,768,0
767,790,0
768,782,0
768,783,0
768,809,0
769,770,0
769,771,0
769,772,0
769,773,0
769,774,0
769,775,0
769,776,0
769,777,0
769,778,0
769,779,0
769,780,0
769,781,0
77,1100,0
77,1145,0
77,1148,0
77,82,0
77,85,0
77,944,0
770,772,0
770,773,0
770,774,0
770,775,0
770,776,0
770,779,0
770,780,0
770,781,0
770,790,0
770,806,0
770,819,0
770,822,0
770,823,0
771,777,0
771,817,0
772,773,0
772,778,0
773,774,0
774,775,0
775,776,0
776,779,0
777,778,0
777,779,0
778,819,0
779,780,0
78,1145,0
78,86,0
78,944,0
780,781,0
782,783,0
782,784,0
783,786,0
783,787,0
783,788,0
783,789,0
783,790,0
783,791,0
784,787,0
787,789,0
789,791,0
79,1200,0
79,80,0
79,81,0
79,87,0
790,794,0
790,798,0
790,805,0
790,806,0
792,793,0
792,794,0
792,795,0
792,796,0
793,794,0
793,795,0
794,795,0
794,796,0
794,802,0
794,803,0
794,804,0
794,805,0
794,806,0
795,796,0
796,797,0
797,798,0
797,799,0
797,801,0
798,799,0
798,800,0
798,806,0
8,1011,0
8,1014,0
8,1015,0
8,1016,0
8,1512,0
8,1514,0
8,26,0
8,28,0
8,949,0
8,950,0
8,959,0
8,974,0
80,1199,0
800,801,0
801,802,0
802,803,0
802,804,0
803,804,0
804,805,0
81,1200,0
81,83,0
810,811,0
810,812,0
810,816,0
811,812,0
812,813,0
812,814,0
812,815,0
812,816,0
813,814,0
813,816,0
814,815,0
814,816,0
815,816,0
817,818,0
818,819,0
818,820,0
818,821,0
818,822,0
818,823,0
819,820,0
819,821,0
819,822,0
819,823,0
82,1119,0
82,1145,0
82,944,0
820,822,0
821,823,0
824,825,0
824,826,0
824,833,0
825,827,0
825,828,0
825,829,0
825,830,0
825,834,0
825,838,0
826,827,0
826,829,0
826,832,0
826,836,0
826,848,0
826,850,0
827,831,0
827,832,0
827,833,0
827,834,0
827,836,0
827,842,0
827,848,0
827,852,0
827,854,0
828,829,0
828,834,0
828,838,0
828,851,0
829,830,0
829,838,0
829,839,0
829,842,0
829,854,0
83,1125,0
83,1126,0
83,1129,0
83,1162,0
83,1206,0
83,1207,0
83,1703,0
83,84,0
830,834,0
830,838,0
830,839,0
830,841,0
830,843,0
831,832,0
831,833,0
831,834,0
832,833,0
832,835,0
832,836,0
833,834,0
833,837,0
833,840,0
833,841,0
833,842,0
833,847,0
833,850,0
834,836,0
834,838,0
834,841,0
834,842,0
834,845,0
834,846,0
834,847,0
834,852,0
834,853,0
835,837,0
835,838,0
835,839,0
836,841,0
836,842,0
836,845,0
836,846,0
836,847,0
836,848,0
837,838,0
837,840,0
837,841,0
837,842,0
837,843,0
837,844,0
837,849,0
838,839,0
838,840,0
838,841,0
838,842,0
838,848,0
838,854,0
839,840,0
84,1162,0
84,1703,0
840,841,0
840,842,0
840,845,0
840,847,0
841,842,0
841,845,0
842,843,0
842,846,0
842,849,0
844,845,0
845,846,0
845,847,0
846,852,0
847,848,0
849,852,0
85,1129,0
851,855,0
851,856,0
851,857,0
851,859,0
851,860,0
851,861,0
851,862,0
851,865,0
851,890,0
851,891,0
852,853,0
853,854,0
855,856,0
855,857,0
855,858,0
855,890,0
856,857,0
856,859,0
856,861,0
856,862,0
856,863,0
856,864,0
856,865,0
856,866,0
856,867,0
856,868,0
856,869,0
856,870,0
856,871,0
857,858,0
857,859,0
857,860,0
857,862,0
857,865,0
857,867,0
857,875,0
857,882,0
859,860,0
860,868,0
860,891,0
862,864,0
862,867,0
862,869,0
862,870,0
862,871,0
862,875,0
862,881,0
862,882,0
863,872,0
863,873,0
863,878,0
864,865,0
864,866,0
864,867,0
864,869,0
864,870,0
864,872,0
864,875,0
864,876,0
864,881,0
864,885,0
864,886,0
865,869,0
865,870,0
865,873,0
865,874,0
865,875,0
865,876,0
865,882,0
866,869,0
866,888,0
866,889,0
867,869,0
867,870,0
867,875,0
867,881,0
867,882,0
867,883,0
868,869,0
869,870,0
869,875,0
869,888,0
870,876,0
871,890,0
872,874,0
872,877,0
872,878,0
872,879,0
872,880,0
874,877,0
875,876,0
875,880,0
875,881,0
875,882,0
876,881,0
876,887,0
878,879,0
878,882,0
878,883,0
878,884,0
879,884,0
879,885,0
88,89,0
88,91,0
881,886,0
881,887,0
883,884,0
883,889,0
89,90,0
89,91,0
89,92,0
89,93,0
890,891,0
892,893,0
892,894,0
892,895,0
892,896,0
893,897,0
893,898,0
894,895,0
894,897,0
894,898,0
895,898,0
896,900,0
897,898,0
898,899,0
898,900,0
898,901,0
898,936,0
899,903,0
899,904,0
899,910,0
899,912,0
899,913,0
899,915,0
899,919,0
899,920,0
899,921,0
9,1203,0
9,1598,0
9,1599,0
9,26,0
9,47,0
9,949,0
9,950,0
9,974,0
90,91,0
90,92,0
90,93,0
90,94,0
90,95,0
900,901,0
900,937,0
901,936,0
902,903,0
902,904,0
902,905,0
902,906,0
902,907,0
902,908,0
902,909,0
903,904,0
903,905,0
903,906,0
903,910,0
903,911,0
903,912,0
903,913,0
903,914,0
903,915,0
903,916,0
903,917,0
903,918,0
903,919,0
904,915,0
904,916,0
904,935,0
905,906,0
905,917,0
905,930,0
906,912,0
906,917,0
906,918,0
906,930,0
906,931,0
907,923,0
907,926,0
907,927,0
908,909,0
908,923,0
908,924,0
909,923,0
91,1805,0
91,1829,0
91,1830,0
91,1946,0
91,1956,0
91,92,0
91,94,0
91,95,0
91,96,0
91,97,0
91,98,0
910,911,0
910,913,0
910,920,0
910,921,0
911,912,0
911,913,0
911,920,0
912,913,0
912,921,0
913,914,0
913,920,0
913,933,0
913,934,0
914,920,0
914,922,0
915,935,0
916,922,0
916,931,0
916,935,0
917,919,0
917,930,0
918,931,0
918,932,0
918,934,0
918,935,0
918,936,0
919,932,0
92,94,0
921,922,0
923,924,0
923,925,0
923,926,0
923,927,0
924,925,0
927,928,0
928,929,0
93,100,0
93,102,0
93,94,0
931,933,0
931,935,0
932,933,0
933,934,0
937,1772,0
937,1773,0
938,1288,0
938,1289,0
938,1290,0
938,1291,0
938,1292,0
938,1300,0
938,1302,0
938,1303,0
938,1305,0
938,1307,0
938,1309,0
938,1316,0
938,1318,0
938,1319,0
938,1320,0
938,1322,0
938,1323,0
938,1382,0
938,1454,0
938,1456,0
938,1457,0
938,1459,0
938,1461,0
938,1462,0
938,1510,0
938,1639,0
938,1640,0
938,1641,0
938,1642,0
938,1643,0
938,1644,0
938,1645,0
938,1646,0
938,1684,0
938,1685,0
938,1719,0
938,1720,0
938,1721,0
938,1722,0
938,1723,0
938,1724,0
938,1725,0
938,1726,0
938,939,0
938,940,0
938,941,0
938,942,0
938,943,0
939,1034,0
939,1254,0
939,1256,0
939,1257,0
939,1261,0
939,1311,0
939,1363,0
939,1431,0
939,1432,0
939,1505,0
939,940,0
939,943,0
939,944,0
939,945,0
939,947,0
939,948,0
939,949,0
939,950,0
939,951,0
939,952,0
939,953,0
939,990,0
94,1956,0
94,95,0
94,96,0
940,1107,0
940,1120,0
940,1128,0
940,1133,0
940,1208,0
940,1237,0
940,1240,0
940,1288,0
940,1289,0
940,1290,0
940,1291,0
940,1292,0
940,1294,0
940,1300,0
940,1302,0
940,1303,0
940,1305,0
940,1307,0
940,1309,0
940,1316,0
940,1318,0
940,1319,0
940,1320,0
940,1322,0
940,1323,0
940,1382,0
940,1448,0
940,1454,0
940,1456,0
940,1457,0
940,1459,0
940,1461,0
940,1462,0
940,1510,0
940,1574,0
940,1637,0
940,1638,0
940,1639,0
940,1640,0
940,1641,0
940,1642,0
940,1643,0
940,1644,0
940,1645,0
940,1646,0
940,1684,0
940,1685,0
940,1719,0
940,1720,0
940,1721,0
940,1722,0
940,1723,0
940,1724,0
940,1725,0
940,1726,0
940,941,0
940,949,0
940,958,0
940,968,0
941,1639,0
941,1640,0
941,1641,0
941,1642,0
941,1643,0
941,1644,0
941,1645,0
941,1646,0
941,1684,0
941,1685,0
941,1709,0
941,1719,0
941,1720,0
941,1721,0
941,1722,0
941,1723,0
941,1724,0
941,1725,0
941,1726,0
941,1729,0
942,1065,0
942,1066,0
942,1226,0
943,1088,0
943,1089,0
943,1096,0
943,1097,0
943,1098,0
943,1099,0
943,1107,0
943,1120,0
943,1239,0
943,1242,0
943,1259,0
943,1261,0
943,1294,0
943,1301,0
943,1314,0
943,1317,0
943,1334,0
943,1343,0
943,1351,0
943,1386,0
943,1407,0
943,1441,0
943,1469,0
943,1475,0
943,1516,0
943,1517,0
943,1518,0
943,1519,0
943,1520,0
943,1521,0
943,1522,0
943,1555,0
943,1556,0
943,1574,0
943,1585,0
943,1712,0
943,969,0
943,982,0
943,995,0
945,946,0
945,947,0
945,948,0
946,948,0
946,953,0
946,954,0
946,955,0
946,956,0
946,957,0
947,1000,0
947,1026,0
947,1027,0
947,1033,0
947,1034,0
947,1054,0
947,1111,0
947,1152,0
947,1156,0
947,1168,0
947,1172,0
947,1178,0
947,1187,0
947,1188,0
947,1189,0
947,1191,0
947,1192,0
947,1195,0
947,1197,0
947,1209,0
947,1260,0
947,1342,0
947,1346,0
947,1349,0
947,1360,0
947,1368,0
947,1372,0
947,1373,0
947,1377,0
947,1378,0
947,1379,0
947,1383,0
947,1407,0
947,1413,0
947,1424,0
947,1425,0
947,1560,0
947,1606,0
947,1717,0
947,948,0
947,951,0
947,958,0
947,964,0
947,983,0
947,984,0
947,992,0
947,999,0
948,1000,0
948,1026,0
948,1034,0
948,1051,0
948,1054,0
948,1067,0
948,1156,0
948,1178,0
948,1187,0
948,1189,0
948,1195,0
948,1197,0
948,1200,0
948,1349,0
948,1360,0
948,1368,0
948,1373,0
948,1377,0
948,1378,0
948,1383,0
948,1413,0
948,1424,0
948,1443,0
948,1560,0
948,1717,0
948,957,0
948,984,0
948,992,0
949,1004,0
949,1006,0
949,1007,0
949,1008,0
949,1010,0
949,1012,0
949,1016,0
949,1029,0
949,1030,0
949,1034,0
949,1094,0
949,1096,0
949,1101,0
949,1104,0
949,1107,0
949,1108,0
949,1116,0
949,1119,0
949,1120,0
949,1143,0
949,1166,0
949,1168,0
949,1182,0
949,1188,0
949,1189,0
949,1191,0
949,1192,0
949,1215,0
949,1239,0
949,1241,0
949,1242,0
949,1254,0
949,1255,0
949,1256,0
949,1257,0
949,1258,0
949,1259,0
949,1260,0
949,1261,0
949,1264,0
949,1265,0
949,1268,0
949,1284,0
949,1285,0
949,1286,0
949,1287,0
949,1293,0
949,1294,0
949,1296,0
949,1298,0
949,1306,0
949,1310,0
949,1312,0
949,1313,0
949,1317,0
949,1324,0
949,1326,0
949,1331,0
949,1334,0
949,1335,0
949,1336,0
949,1342,0
949,1343,0
949,1344,0
949,1345,0
949,1346,0
949,1347,0
949,1351,0
949,1355,0
949,1356,0
949,1357,0
949,1358,0
949,1359,0
949,1361,0
949,1362,0
949,1363,0
949,1364,0
949,1365,0
949,1367,0
949,1372,0
949,1374,0
949,1379,0
949,1380,0
949,1381,0
949,1386,0
949,1390,0
949,1394,0
949,1400,0
949,1407,0
949,1409,0
949,1414,0
949,1417,0
949,1421,0
949,1422,0
949,1431,0
949,1432,0
949,1436,0
949,1440,0
949,1441,0
949,1442,0
949,1446,0
949,1463,0
949,1471,0
949,1473,0
949,1474,0
949,1475,0
949,1476,0
949,1478,0
949,1480,0
949,1482,0
949,1483,0
949,1484,0
949,1485,0
949,1486,0
949,1505,0
949,1508,0
949,1512,0
949,1514,0
949,1523,0
949,1530,0
949,1531,0
949,1532,0
949,1533,0
949,1534,0
949,1535,0
949,1536,0
949,1537,0
949,1538,0
949,1539,0
949,1540,0
949,1541,0
949,1542,0
949,1543,0
949,1544,0
949,1545,0
949,1546,0
949,1547,0
949,1548,0
949,1554,0
949,1558,0
949,1574,0
949,1599,0
949,1730,0
949,1740,0
949,953,0
949,956,0
949,968,0
949,971,0
949,974,0
949,975,0
949,988,0
949,989,0
949,998,0
95,97,0
95,99,0
950,1016,0
950,1166,0
950,1215,0
950,1264,0
950,1315,0
950,1328,0
950,1364,0
950,1367,0
950,1407,0
950,1409,0
950,1432,0
950,1436,0
950,1504,0
950,1512,0
950,1514,0
950,1573,0
950,1574,0
950,1575,0
950,1576,0
950,1577,0
950,1578,0
950,1579,0
950,1580,0
950,1581,0
950,1582,0
950,1583,0
950,1584,0
950,1585,0
950,1586,0
950,1587,0
950,1588,0
950,1589,0
950,1590,0
950,1591,0
950,1592,0
950,1593,0
950,1594,0
950,1595,0
950,1596,0
950,1599,0
950,1727,0
950,1728,0
950,1740,0
951,1212,0
951,955,0
951,990,0
951,992,0
952,1113,0
952,1157,0
952,1254,0
952,1255,0
952,1256,0
952,1257,0
952,1258,0
952,1259,0
952,1261,0
952,1346,0
952,1347,0
952,1363,0
952,1431,0
952,1470,0
952,1471,0
952,1486,0
952,1505,0
952,989,0
953,1000,0
953,1018,0
953,1026,0
953,1038,0
953,1041,0
953,1051,0
953,1054,0
953,1226,0
953,1274,0
953,1424,0
953,1598,0
953,1604,0
953,1652,0
953,1717,0
953,1742,0
953,954,0
953,958,0
953,984,0
953,992,0
954,1511,0
954,1513,0
954,958,0
954,959,0
954,960,0
954,961,0
954,962,0
954,963,0
955,956,0
955,957,0
955,993,0
955,994,0
955,995,0
956,1009,0
956,992,0
956,993,0
956,994,0
957,1032,0
957,1200,0
957,1441,0
957,1443,0
957,995,0
958,964,0
958,965,0
958,966,0
958,967,0
959,1001,0
959,1005,0
959,1014,0
959,1015,0
959,1335,0
959,1511,0
959,1513,0
959,1514,0
959,960,0
959,961,0
959,962,0
959,963,0
960,1048,0
960,1292,0
960,1293,0
960,1294,0
961,1001,0
961,1005,0
961,1009,0
961,1010,0
961,1673,0
962,1016,0
962,1018,0
962,1673,0
963,1048,0
963,1049,0
963,1149,0
963,1265,0
963,1272,0
963,1279,0
963,1335,0
963,1338,0
964,965,0
964,966,0
964,967,0
965,1188,0
965,1566,0
965,966,0
965,967,0
966,1191,0
966,967,0
967,1192,0
967,1571,0
968,1239,0
968,1240,0
968,1306,0
968,1574,0
968,969,0
968,970,0
968,971,0
969,974,0
969,975,0
969,979,0
969,982,0
969,983,0
97,98,0
970,1017,0
970,981,0
971,1004,0
971,1007,0
971,1008,0
971,1100,0
971,1101,0
971,1102,0
971,1239,0
971,1574,0
972,1246,0
972,1247,0
972,1248,0
972,1249,0
972,1250,0
972,1251,0
972,1253,0
972,1464,0
972,1465,0
972,1466,0
972,1467,0
972,1468,0
972,1469,0
972,1470,0
972,1491,0
972,1492,0
972,1493,0
972,1494,0
972,1495,0
972,1496,0
972,1497,0
972,1498,0
972,1499,0
972,1500,0
972,1501,0
972,1502,0
972,1503,0
972,1504,0
972,973,0
972,974,0
972,975,0
972,976,0
972,977,0
972,978,0
972,979,0
972,980,0
972,982,0
973,1464,0
973,974,0
973,980,0
974,1119,0
974,1242,0
974,1245,0
974,1246,0
974,1247,0
974,1248,0
974,1249,0
974,1250,0
974,1251,0
974,1252,0
974,1253,0
974,1391,0
974,1432,0
974,1436,0
974,1464,0
974,1465,0
974,1466,0
974,1467,0
974,1468,0
974,1469,0
974,1470,0
974,1475,0
974,1488,0
974,1491,0
974,1492,0
974,1493,0
974,1494,0
974,1495,0
974,1496,0
974,1497,0
974,1498,0
974,1499,0
974,1500,0
974,1501,0
974,1502,0
974,1503,0
974,1504,0
974,1740,0
974,975,0
974,976,0
974,977,0
974,978,0
974,979,0
974,980,0
974,981,0
974,982,0
975,1465,0
975,1740,0
975,976,0
976,1466,0
976,1469,0
976,977,0
976,982,0
977,1467,0
977,978,0
978,1468,0
978,982,0
979,1470,0
979,980,0
98,101,0
980,982,0
981,1017,0
981,1464,0
981,1465,0
981,1466,0
981,1467,0
981,1468,0
981,1469,0
981,1470,0
982,1469,0
983,984,0
984,1006,0
984,992,0
986,987,0
987,990,0
987,991,0
988,989,0
989,1007,0
989,1017,0
989,1113,0
989,1115,0
989,1120,0
989,1122,0
989,1132,0
989,1141,0
989,1144,0
989,1146,0
989,1151,0
989,1155,0
989,1157,0
989,1159,0
989,1161,0
989,1165,0
989,1168,0
989,1170,0
989,1174,0
989,1177,0
989,1181,0
989,1184,0
989,1186,0
989,1190,0
989,1194,0
989,1196,0
989,1204,0
989,1214,0
989,1215,0
989,1217,0
989,1229,0
989,1233,0
989,1241,0
989,1242,0
989,1254,0
989,1255,0
989,1256,0
989,1257,0
989,1258,0
989,1259,0
989,1260,0
989,1261,0
989,1265,0
989,1268,0
989,1284,0
989,1285,0
989,1287,0
989,1293,0
989,1294,0
989,1295,0
989,1296,0
989,1298,0
989,1306,0
989,1310,0
989,1312,0
989,1317,0
989,1326,0
989,1331,0
989,1334,0
989,1335,0
989,1336,0
989,1342,0
989,1344,0
989,1345,0
989,1346,0
989,1347,0
989,1351,0
989,1355,0
989,1356,0
989,1357,0
989,1358,0
989,1359,0
989,1361,0
989,1362,0
989,1363,0
989,1364,0
989,1365,0
989,1367,0
989,1372,0
989,1374,0
989,1379,0
989,1380,0
989,1381,0
989,1386,0
989,1390,0
989,1394,0
989,1400,0
989,1407,0
989,1409,0
989,1414,0
989,1415,0
989,1417,0
989,1421,0
989,1422,0
989,1430,0
989,1431,0
989,1432,0
989,1436,0
989,1440,0
989,1441,0
989,1442,0
989,1446,0
989,1463,0
989,1471,0
989,1473,0
989,1474,0
989,1475,0
989,1476,0
989,1478,0
989,1480,0
989,1482,0
989,1483,0
989,1484,0
989,1485,0
989,1486,0
989,1505,0
989,1523,0
989,1530,0
989,1531,0
989,1532,0
989,1533,0
989,1534,0
989,1535,0
989,1536,0
989,1537,0
989,1538,0
989,1539,0
989,1540,0
989,1541,0
989,1542,0
989,1543,0
989,1544,0
989,1545,0
989,1546,0
989,1547,0
989,1548,0
989,1740,0
99,100,0
99,101,0
990,992,0
991,1017,0
991,1269,0
992,1212,0
992,1673,0
993,1202,0
993,1203,0
993,1600,0
994,1227,0
994,1441,0
994,1736,0
994,995,0
995,1074,0
995,1077,0
995,1078,0
995,1222,0
995,1274,0
995,1740,0
995,1741,0
996,997,0
997,1001,0
997,1002,0
997,1003,0
997,1263,0
997,1265,0
997,1268,0
997,1506,0
998,999,0
999,1000,0
