1,2,0
2,3,0
2,17,0
3,4,0
4,5,0
4,855,0
6,7,0
6,880,0
7,8,0
7,22,0
7,23,0
7,411,0
7,453,0
7,454,0
7,889,0
8,9,0
8,479,0
8,480,0
8,561,0
9,10,0
9,537,0
9,561,0
9,1074,0
10,11,0
10,536,0
10,561,0
11,12,0
11,560,0
12,13,0
12,27,0
12,30,0
12,559,0
13,14,0
13,596,0
13,1138,0
14,34,0
15,16,0
16,17,0
17,18,0
18,19,0
18,823,0
19,20,0
19,388,0
19,389,0
19,627,0
20,21,0
22,409,0
22,885,0
23,24,0
23,537,0
23,538,0
23,1078,0
23,1109,0
24,25,0
24,1110,0
25,26,0
26,27,0
27,28,0
27,561,0
28,29,0
29,30,0
30,31,0
31,32,0
32,33,0
33,34,0
34,1159,0
35,36,0
35,392,0
36,37,0
36,631,0
37,38,0
37,628,0
37,863,0
37,1011,0
38,39,0
39,40,0
39,412,0
39,413,0
39,628,0
39,875,0
39,876,0
39,881,0
40,41,0
41,42,0
42,43,0
42,876,0
42,881,0
42,882,0
43,44,0
43,50,0
43,51,0
43,411,0
43,454,0
43,455,0
44,45,0
45,46,0
45,888,0
46,47,0
46,485,0
46,889,0
46,1036,0
47,48,0
47,73,0
47,486,0
47,890,0
48,49,0
48,74,0
49,50,0
49,485,0
49,629,0
50,51,0
50,629,0
51,52,0
51,538,0
51,901,0
52,53,0
53,54,0
53,629,0
54,55,0
54,540,0
55,56,0
56,57,0
56,540,0
56,541,0
56,912,0
57,86,0
57,541,0
57,562,0
58,59,0
59,60,0
61,62,0
62,63,0
62,1144,0
64,65,0
64,394,0
64,411,0
64,842,0
65,66,0
65,393,0
65,394,0
65,1012,0
66,67,0
67,68,0
68,69,0
68,669,0
68,863,0
69,70,0
69,414,0
69,415,0
69,630,0
69,633,0
70,71,0
70,417,0
70,456,0
70,670,0
70,879,0
71,72,0
72,73,0
72,671,0
72,888,0
73,1037,0
74,75,0
75,76,0
75,486,0
76,77,0
77,78,0
77,677,0
78,79,0
79,80,0
80,81,0
81,82,0
81,540,0
81,541,0
81,542,0
81,904,0
82,83,0
83,84,0
83,632,0
84,85,0
84,115,0
84,116,0
85,86,0
85,914,0
86,154,0
86,1143,0
87,88,0
88,89,0
89,90,0
90,91,0
90,604,0
90,798,0
91,92,0
92,93,0
93,374,0
93,375,0
93,600,0
94,95,0
95,96,0
95,668,0
96,97,0
97,98,0
98,99,0
99,100,0
100,101,0
100,137,0
100,633,0
100,681,0
101,102,0
101,397,0
101,398,0
102,103,0
103,104,0
103,669,0
104,105,0
105,106,0
105,670,0
105,671,0
105,673,0
106,107,0
106,457,0
106,458,0
106,693,0
106,891,0
107,108,0
107,144,0
107,673,0
107,674,0
107,695,0
107,1040,0
107,1044,0
108,109,0
108,496,0
109,110,0
109,1079,0
110,111,0
110,493,0
110,494,0
110,495,0
110,1042,0
111,112,0
112,113,0
112,905,0
113,114,0
114,115,0
115,149,0
115,542,0
116,117,0
117,118,0
117,150,0
117,151,0
118,119,0
119,120,0
120,121,0
120,1145,0
121,122,0
121,1145,0
122,123,0
122,1150,0
123,124,0
123,1149,0
125,126,0
125,573,0
126,127,0
126,1161,0
127,128,0
128,572,0
129,130,0
130,131,0
130,164,0
130,372,0
131,132,0
132,133,0
133,134,0
133,678,0
134,135,0
136,137,0
136,681,0
136,843,0
137,138,0
137,169,0
137,171,0
137,399,0
137,690,0
137,994,0
138,139,0
138,864,0
139,140,0
139,422,0
139,423,0
140,141,0
141,142,0
141,178,0
141,179,0
141,459,0
141,687,0
141,715,0
142,143,0
143,144,0
143,497,0
143,498,0
143,893,0
144,145,0
144,496,0
144,497,0
144,1080,0
145,146,0
145,701,0
145,906,0
145,907,0
146,147,0
147,148,0
148,149,0
148,543,0
149,150,0
151,152,0
152,153,0
152,917,0
153,154,0
154,155,0
155,156,0
155,1146,0
156,157,0
156,576,0
157,576,0
158,159,0
158,577,0
159,160,0
160,161,0
160,210,0
161,162,0
162,163,0
163,212,0
164,165,0
164,373,0
164,599,0
164,844,0
166,167,0
167,168,0
168,169,0
168,856,0
169,170,0
170,171,0
171,172,0
171,400,0
172,173,0
173,174,0
173,423,0
173,424,0
173,864,0
174,175,0
175,176,0
176,177,0
177,178,0
177,715,0
177,1030,0
179,180,0
179,499,0
180,181,0
180,460,0
180,499,0
180,1031,0
180,1032,0
181,182,0
181,234,0
181,235,0
181,499,0
181,735,0
181,1049,0
182,183,0
183,184,0
184,185,0
185,186,0
186,187,0
186,188,0
186,718,0
187,188,0
187,1083,0
188,189,0
188,545,0
188,546,0
188,699,0
189,190,0
189,719,0
190,191,0
190,543,0
190,1113,0
191,192,0
191,719,0
192,193,0
192,194,0
193,194,0
193,1153,0
194,195,0
194,196,0
194,1116,0
195,196,0
195,1124,0
196,197,0
196,241,0
196,1153,0
197,198,0
197,242,0
197,243,0
198,199,0
199,200,0
200,201,0
201,202,0
202,203,0
203,204,0
203,246,0
203,577,0
204,205,0
204,206,0
204,247,0
204,931,0
204,932,0
205,206,0
206,207,0
206,248,0
206,1170,0
207,208,0
208,209,0
210,211,0
211,212,0
211,933,0
212,1171,0
213,214,0
214,249,0
215,216,0
216,217,0
217,218,0
217,288,0
217,616,0
218,219,0
219,220,0
220,221,0
221,222,0
221,703,0
222,223,0
223,224,0
223,802,0
224,225,0
224,808,0
225,226,0
225,708,0
225,709,0
226,227,0
227,228,0
228,811,0
228,834,0
228,835,0
229,230,0
229,730,0
229,731,0
229,858,0
230,231,0
230,400,0
231,232,0
232,233,0
232,401,0
232,424,0
233,234,0
233,427,0
233,428,0
233,1033,0
234,1031,0
235,236,0
235,1051,0
236,237,0
236,501,0
236,502,0
236,717,0
236,718,0
236,720,0
236,735,0
237,238,0
237,910,0
238,239,0
238,1092,0
239,240,0
240,241,0
240,546,0
240,547,0
240,1118,0
241,242,0
241,549,0
241,563,0
242,1154,0
243,244,0
244,245,0
245,246,0
246,247,0
246,276,0
246,747,0
249,250,0
250,251,0
252,253,0
252,1009,0
253,254,0
253,401,0
253,711,0
253,995,0
254,255,0
254,403,0
254,860,0
254,995,0
255,256,0
256,257,0
257,258,0
258,259,0
259,260,0
259,466,0
259,467,0
260,261,0
261,262,0
262,263,0
262,748,0
262,894,0
263,264,0
264,265,0
264,510,0
265,266,0
265,509,0
265,512,0
265,551,0
265,753,0
266,267,0
267,268,0
267,552,0
268,269,0
268,754,0
269,270,0
269,553,0
269,1125,0
270,271,0
270,760,0
270,1126,0
271,272,0
272,273,0
273,274,0
274,275,0
275,276,0
276,578,0
277,278,0
277,284,0
277,290,0
277,378,0
277,837,0
278,279,0
278,711,0
279,280,0
279,1008,0
280,281,0
280,287,0
280,292,0
280,433,0
280,434,0
281,756,0
281,896,0
281,897,0
282,283,0
282,555,0
284,285,0
284,291,0
284,296,0
284,297,0
284,310,0
284,404,0
284,405,0
284,847,0
284,848,0
285,286,0
286,287,0
287,865,0
288,289,0
289,290,0
291,292,0
292,293,0
292,435,0
293,294,0
294,295,0
297,298,0
297,865,0
297,866,0
298,782,0
298,783,0
299,300,0
299,314,0
299,474,0
300,301,0
301,302,0
302,303,0
303,304,0
304,305,0
304,519,0
304,520,0
305,306,0
305,942,0
306,307,0
307,308,0
308,309,0
310,311,0
311,312,0
312,313,0
312,435,0
313,314,0
313,321,0
314,315,0
315,316,0
316,317,0
316,522,0
317,318,0
317,945,0
319,320,0
319,406,0
319,407,0
320,321,0
320,866,0
320,867,0
321,322,0
321,436,0
322,323,0
323,324,0
324,325,0
325,326,0
326,327,0
327,328,0
328,523,0
329,330,0
329,407,0
329,408,0
330,331,0
331,332,0
332,333,0
333,334,0
334,335,0
334,343,0
335,336,0
335,870,0
336,337,0
336,444,0
337,338,0
337,443,0
337,954,0
338,339,0
338,954,0
339,340,0
339,531,0
339,532,0
339,957,0
341,342,0
341,350,0
341,408,0
341,854,0
342,343,0
342,976,0
343,344,0
343,351,0
344,345,0
345,346,0
346,347,0
346,445,0
346,965,0
347,348,0
347,444,0
347,956,0
348,349,0
350,351,0
351,352,0
351,977,0
352,353,0
353,354,0
353,449,0
353,450,0
355,356,0
357,358,0
358,359,0
359,360,0
360,361,0
361,362,0
361,611,0
361,612,0
362,363,0
363,364,0
364,800,0
364,801,0
365,366,0
366,367,0
367,382,0
367,590,0
368,369,0
369,370,0
369,840,0
370,371,0
370,623,0
373,374,0
373,793,0
375,376,0
375,831,0
375,832,0
376,796,0
376,797,0
377,378,0
377,711,0
377,998,0
377,1006,0
379,380,0
379,986,0
380,381,0
381,382,0
383,384,0
384,385,0
385,386,0
386,387,0
387,388,0
389,390,0
389,861,0
390,391,0
390,855,0
392,393,0
394,395,0
394,987,0
395,396,0
396,397,0
397,669,0
398,399,0
399,682,0
400,401,0
400,424,0
401,402,0
401,731,0
401,732,0
401,1019,0
402,403,0
402,452,0
402,475,0
403,404,0
403,1008,0
405,406,0
407,851,0
409,410,0
409,862,0
409,1024,0
410,411,0
411,412,0
412,1014,0
413,414,0
413,876,0
413,1029,0
414,1015,0
415,416,0
416,417,0
416,669,0
416,670,0
416,883,0
417,418,0
418,419,0
419,420,0
420,421,0
421,422,0
421,690,0
421,691,0
422,683,0
424,425,0
424,712,0
425,426,0
426,427,0
428,429,0
428,732,0
428,733,0
429,430,0
429,732,0
429,1016,0
430,431,0
431,432,0
432,433,0
432,465,0
432,1019,0
433,434,0
433,1020,0
434,468,0
436,437,0
437,438,0
438,439,0
439,440,0
439,523,0
439,950,0
440,441,0
440,527,0
440,528,0
440,950,0
441,442,0
442,443,0
442,953,0
445,446,0
445,969,0
446,447,0
447,448,0
448,449,0
448,973,0
450,451,0
452,453,0
453,478,0
453,479,0
453,885,0
454,874,0
454,881,0
454,885,0
455,456,0
455,882,0
456,457,0
458,459,0
459,687,0
459,688,0
459,694,0
460,461,0
460,1045,0
461,462,0
461,1018,0
462,463,0
462,464,0
462,717,0
462,735,0
463,464,0
464,465,0
464,1047,0
465,466,0
465,748,0
467,468,0
468,469,0
468,1067,0
469,470,0
470,471,0
470,896,0
470,1068,0
471,472,0
472,473,0
473,474,0
473,899,0
475,476,0
476,477,0
477,478,0
477,900,0
478,479,0
479,620,0
480,481,0
481,482,0
482,483,0
482,628,0
483,484,0
484,485,0
486,487,0
487,488,0
487,672,0
488,489,0
489,490,0
489,675,0
490,491,0
490,674,0
491,492,0
491,494,0
491,495,0
492,493,0
497,696,0
497,893,0
498,499,0
499,500,0
499,689,0
499,698,0
500,501,0
502,503,0
503,504,0
503,1046,0
504,505,0
504,737,0
504,738,0
504,749,0
504,910,0
505,506,0
505,750,0
505,1052,0
506,507,0
506,751,0
507,508,0
508,509,0
508,752,0
508,753,0
508,1048,0
509,1053,0
510,511,0
510,758,0
511,512,0
512,513,0
512,554,0
512,759,0
513,1095,0
514,515,0
514,558,0
515,516,0
515,785,0
516,517,0
516,1108,0
517,518,0
518,519,0
520,521,0
521,522,0
523,524,0
523,951,0
524,525,0
525,526,0
526,527,0
528,529,0
529,530,0
530,531,0
532,533,0
532,959,0
533,534,0
534,956,0
535,536,0
535,591,0
536,1139,0
537,621,0
537,622,0
538,539,0
538,1110,0
539,540,0
540,1112,0
541,542,0
543,544,0
543,545,0
544,545,0
545,699,0
545,702,0
547,548,0
548,549,0
548,910,0
549,550,0
550,551,0
550,741,0
550,742,0
550,753,0
552,553,0
553,554,0
554,760,0
555,556,0
556,557,0
557,558,0
559,560,0
559,593,0
559,594,0
561,562,0
562,911,0
563,564,0
563,745,0
563,746,0
563,1154,0
564,565,0
565,566,0
566,567,0
566,580,0
567,568,0
567,775,0
568,569,0
569,570,0
570,571,0
572,573,0
574,575,0
575,576,0
575,1150,0
577,931,0
577,1164,0
578,766,0
578,767,0
579,580,0
580,581,0
580,1155,0
581,582,0
581,775,0
581,928,0
582,583,0
583,584,0
584,585,0
586,587,0
587,588,0
587,812,0
587,820,0
588,589,0
589,590,0
591,592,0
592,593,0
593,918,0
594,595,0
595,596,0
597,598,0
597,884,0
598,1072,0
598,1073,0
600,601,0
600,819,0
600,829,0
600,830,0
601,602,0
602,603,0
603,604,0
603,985,0
604,605,0
604,634,0
605,606,0
606,607,0
607,608,0
608,609,0
608,800,0
609,610,0
612,613,0
613,614,0
614,615,0
614,716,0
615,616,0
617,618,0
618,619,0
619,1139,0
620,621,0
623,624,0
623,841,0
624,625,0
625,626,0
626,627,0
628,862,0
629,902,0
633,842,0
633,991,0
633,992,0
634,635,0
635,636,0
636,637,0
637,638,0
638,639,0
639,640,0
641,642,0
642,643,0
643,644,0
643,984,0
644,645,0
646,647,0
647,648,0
649,650,0
650,651,0
651,652,0
651,813,0
653,654,0
654,655,0
655,656,0
657,658,0
658,659,0
659,660,0
660,661,0
661,662,0
662,663,0
663,664,0
664,665,0
665,824,0
666,667,0
667,668,0
671,672,0
671,673,0
673,674,0
674,890,0
675,676,0
676,677,0
679,680,0
680,681,0
682,683,0
682,1026,0
683,684,0
683,692,0
684,685,0
685,686,0
686,687,0
686,887,0
687,1030,0
688,689,0
688,1043,0
691,692,0
692,693,0
693,886,0
693,887,0
694,695,0
696,697,0
696,1081,0
697,698,0
698,699,0
698,700,0
698,907,0
698,908,0
699,700,0
701,702,0
702,1082,0
703,704,0
704,705,0
705,706,0
706,707,0
707,708,0
709,710,0
709,809,0
709,811,0
710,810,0
711,728,0
711,845,0
711,846,0
712,713,0
713,714,0
714,715,0
715,1031,0
717,736,0
720,721,0
721,722,0
722,723,0
722,1092,0
723,724,0
724,725,0
725,726,0
725,1091,0
725,1116,0
726,727,0
728,729,0
728,1009,0
728,1010,0
729,730,0
729,859,0
733,734,0
734,735,0
736,737,0
738,739,0
739,740,0
739,752,0
739,910,0
740,741,0
743,744,0
744,745,0
745,755,0
746,747,0
748,749,0
749,750,0
751,752,0
752,753,0
754,755,0
756,757,0
757,758,0
758,759,0
758,1069,0
760,761,0
761,762,0
762,763,0
763,764,0
764,765,0
765,766,0
766,922,0
767,768,0
768,769,0
768,935,0
768,1156,0
768,1157,0
769,770,0
770,771,0
771,772,0
772,773,0
773,774,0
776,777,0
777,778,0
778,779,0
779,780,0
781,782,0
781,897,0
781,898,0
783,784,0
784,785,0
786,787,0
787,788,0
788,789,0
789,790,0
790,791,0
791,792,0
792,949,0
793,794,0
794,795,0
795,796,0
795,844,0
797,798,0
798,799,0
799,800,0
801,802,0
802,807,0
803,804,0
804,805,0
805,806,0
806,807,0
808,809,0
809,810,0
813,814,0
814,815,0
815,816,0
816,817,0
817,818,0
818,819,0
821,822,0
822,823,0
824,825,0
825,826,0
826,827,0
827,828,0
828,829,0
829,983,0
830,831,0
832,833,0
835,836,0
836,837,0
838,839,0
839,840,0
842,987,0
843,993,0
846,847,0
846,996,0
846,997,0
848,849,0
849,850,0
850,851,0
851,852,0
852,853,0
853,854,0
856,857,0
857,858,0
859,860,0
862,1027,0
867,868,0
868,869,0
869,870,0
871,872,0
872,873,0
873,874,0
874,875,0
874,1028,0
876,877,0
877,878,0
878,879,0
880,881,0
882,883,0
884,885,0
884,1023,0
891,892,0
892,893,0
893,1044,0
894,895,0
894,1065,0
894,1066,0
895,896,0
896,1064,0
896,1069,0
898,899,0
900,901,0
902,903,0
903,904,0
905,906,0
907,1082,0
908,909,0
911,912,0
913,914,0
915,916,0
916,917,0
918,919,0
918,1128,0
918,1129,0
919,920,0
919,1131,0
920,921,0
922,923,0
924,925,0
925,926,0
926,927,0
928,929,0
929,930,0
933,934,0
935,936,0
936,937,0
938,939,0
939,940,0
940,941,0
942,943,0
943,944,0
945,946,0
946,947,0
947,948,0
948,949,0
950,952,0
954,955,0
955,956,0
957,958,0
958,959,0
959,960,0
959,962,0
960,961,0
962,963,0
963,964,0
965,966,0
965,968,0
966,967,0
968,969,0
969,970,0
971,972,0
974,975,0
974,978,0
975,976,0
979,980,0
980,981,0
981,982,0
982,983,0
984,985,0
987,988,0
988,989,0
990,991,0
993,994,0
995,996,0
995,1010,0
998,999,0
998,1001,0
998,1002,0
999,1000,0
1002,1003,0
1003,1004,0
1004,1005,0
1006,1007,0
1011,1012,0
1011,1013,0
1014,1015,0
1016,1017,0
1017,1018,0
1019,1020,0
1021,1022,0
1024,1025,0
1025,1026,0
1031,1033,0
1034,1035,0
1038,1039,0
1040,1041,0
1041,1042,0
1046,1047,0
1049,1050,0
1050,1051,0
1054,1055,0
1055,1056,0
1056,1057,0
1057,1058,0
1058,1059,0
1059,1060,0
1061,1062,0
1062,1063,0
1063,1064,0
1066,1067,0
1070,1071,0
1073,1074,0
1074,1075,0
1076,1077,0
1079,1080,0
1084,1085,0
1085,1086,0
1086,1087,0
1087,1088,0
1088,1089,0
1089,1090,0
1090,1091,0
1090,1115,0
1093,1094,0
1095,1096,0
1097,1098,0
1098,1099,0
1099,1100,0
1100,1101,0
1101,1102,0
1102,1103,0
1103,1104,0
1104,1105,0
1105,1106,0
1107,1108,0
1109,1111,0
1113,1114,0
1116,1117,0
1117,1118,0
1118,1119,0
1118,1124,0
1119,1120,0
1120,1121,0
1121,1122,0
1122,1123,0
1127,1128,0
1129,1130,0
1129,1140,0
1131,1132,0
1132,1133,0
1132,1142,0
1133,1134,0
1134,1135,0
1135,1136,0
1137,1138,0
1141,1142,0
1145,1146,0
1147,1148,0
1151,1152,0
1155,1156,0
1158,1159,0
1160,1161,0
1162,1163,0
1164,1165,0
1165,1166,0
1167,1168,0
1168,1169,0
1169,1170,0
1171,1172,0
1173,1174,0
