1,2,0
1,3,0
1,4,0
1,5,0
1,6,0
1,7,0
1,8,0
1,9,0
1,10,0
1,11,0
1,12,0
1,13,0
1,14,0
1,15,0
1,16,0
1,17,0
1,18,0
1,19,0
10,20,0
11,20,0
12,20,0
14,20,0
21,20,0
22,20,0
23,20,0
17,20,0
24,20,0
25,20,0
26,20,0
27,20,0
28,20,0
29,20,0
30,20,0
31,20,0
32,20,0
33,20,0
34,20,0
35,20,0
36,20,0
37,20,0
38,20,0
39,20,0
40,20,0
41,20,0
42,20,0
43,20,0
44,20,0
45,20,0
46,20,0
47,20,0
48,20,0
49,20,0
50,20,0
51,20,0
52,20,0
53,20,0
54,20,0
55,20,0
56,57,0
58,57,0
59,57,0
60,57,0
61,57,0
62,57,0
63,57,0
16,57,0
64,57,0
65,57,0
66,57,0
67,57,0
68,57,0
69,57,0
70,57,0
71,57,0
72,57,0
73,57,0
74,57,0
75,57,0
76,57,0
77,57,0
78,57,0
79,57,0
80,57,0
81,57,0
82,57,0
83,57,0
84,57,0
85,57,0
21,57,0
86,57,0
22,57,0
87,57,0
88,57,0
89,57,0
23,57,0
17,57,0
24,57,0
25,57,0
26,57,0
27,57,0
90,57,0
91,57,0
92,57,0
28,57,0
29,57,0
93,57,0
30,57,0
94,57,0
31,57,0
32,57,0
95,57,0
96,57,0
97,57,0
33,57,0
98,57,0
99,57,0
100,57,0
101,57,0
102,57,0
34,57,0
35,57,0
36,57,0
37,57,0
38,57,0
39,57,0
40,57,0
41,57,0
42,57,0
43,57,0
44,57,0
45,57,0
46,57,0
47,57,0
48,57,0
49,57,0
50,57,0
103,57,0
104,57,0
105,57,0
51,57,0
52,57,0
53,57,0
54,57,0
55,57,0
106,57,0
107,57,0
108,57,0
109,57,0
110,57,0
111,57,0
112,57,0
113,57,0
114,57,0
115,57,0
116,57,0
117,57,0
118,57,0
119,57,0
120,57,0
121,57,0
122,57,0
123,57,0
124,57,0
125,57,0
126,57,0
127,57,0
18,57,0
128,57,0
2,58,0
2,59,0
2,60,0
2,61,0
2,62,0
2,63,0
2,64,0
2,68,0
2,71,0
2,72,0
2,78,0
2,95,0
2,97,0
2,98,0
2,19,0
3,58,0
3,59,0
3,60,0
3,61,0
3,62,0
3,63,0
3,64,0
3,68,0
3,71,0
3,72,0
3,73,0
3,76,0
3,78,0
3,79,0
3,80,0
3,81,0
3,21,0
3,87,0
3,98,0
3,42,0
3,47,0
3,49,0
3,19,0
4,60,0
4,61,0
4,62,0
4,64,0
4,71,0
4,98,0
4,42,0
4,47,0
4,49,0
4,19,0
5,58,0
5,59,0
5,60,0
5,61,0
5,62,0
5,63,0
5,64,0
5,68,0
5,69,0
5,72,0
5,78,0
5,19,0
6,59,0
6,60,0
6,61,0
6,62,0
6,64,0
6,68,0
6,69,0
6,72,0
6,78,0
6,21,0
6,95,0
6,97,0
6,98,0
6,19,0
7,59,0
7,60,0
7,61,0
7,62,0
7,16,0
7,64,0
7,68,0
7,72,0
7,78,0
7,95,0
7,97,0
7,98,0
7,19,0
8,59,0
8,60,0
8,61,0
8,62,0
8,64,0
8,68,0
8,71,0
8,72,0
8,78,0
8,95,0
8,97,0
8,98,0
8,19,0
9,65,0
9,66,0
9,67,0
9,71,0
9,73,0
9,76,0
9,77,0
9,79,0
9,80,0
9,81,0
9,82,0
9,84,0
9,21,0
9,87,0
9,98,0
9,55,0
9,128,0
10,82,0
10,83,0
10,85,0
10,21,0
10,88,0
10,31,0
10,42,0
10,55,0
10,114,0
10,115,0
10,124,0
10,127,0
10,18,0
10,128,0
10,19,0
11,82,0
11,83,0
11,85,0
11,21,0
11,88,0
11,31,0
11,42,0
11,55,0
11,114,0
11,115,0
11,127,0
11,18,0
11,128,0
11,19,0
12,82,0
12,83,0
12,85,0
12,21,0
12,88,0
12,31,0
12,42,0
12,55,0
12,114,0
12,115,0
12,127,0
12,18,0
12,128,0
12,19,0
13,128,0
14,98,0
14,42,0
14,47,0
14,49,0
14,55,0
14,18,0
14,128,0
14,19,0
15,71,0
15,74,0
15,82,0
15,83,0
15,84,0
15,85,0
15,21,0
15,86,0
15,88,0
15,31,0
15,98,0
15,41,0
15,42,0
15,47,0
15,49,0
15,55,0
15,114,0
15,115,0
15,124,0
15,127,0
15,18,0
15,128,0
15,19,0
56,58,0
56,59,0
56,60,0
56,61,0
56,62,0
56,63,0
56,64,0
56,68,0
56,72,0
56,18,0
58,59,0
58,60,0
58,61,0
58,62,0
58,63,0
58,64,0
58,68,0
58,72,0
58,78,0
58,18,0
59,60,0
59,61,0
59,62,0
59,64,0
59,68,0
59,72,0
59,78,0
59,18,0
60,16,0
60,69,0
60,70,0
60,71,0
60,21,0
60,90,0
60,91,0
60,92,0
60,31,0
60,95,0
60,96,0
60,97,0
60,99,0
60,100,0
60,101,0
60,102,0
60,35,0
60,36,0
60,39,0
60,40,0
60,43,0
60,44,0
60,104,0
60,105,0
60,51,0
60,54,0
60,18,0
61,16,0
61,69,0
61,70,0
61,71,0
61,21,0
61,90,0
61,91,0
61,92,0
61,31,0
61,95,0
61,96,0
61,97,0
61,99,0
61,100,0
61,101,0
61,102,0
61,35,0
61,36,0
61,39,0
61,40,0
61,43,0
61,44,0
61,104,0
61,105,0
61,51,0
61,54,0
61,18,0
62,16,0
62,69,0
62,70,0
62,71,0
62,21,0
62,90,0
62,91,0
62,92,0
62,31,0
62,95,0
62,96,0
62,97,0
62,99,0
62,100,0
62,101,0
62,102,0
62,35,0
62,36,0
62,39,0
62,40,0
62,43,0
62,44,0
62,104,0
62,105,0
62,51,0
62,54,0
62,18,0
63,16,0
63,69,0
63,70,0
63,71,0
63,21,0
63,90,0
63,91,0
63,92,0
63,31,0
63,95,0
63,96,0
63,97,0
63,99,0
63,100,0
63,101,0
63,102,0
63,35,0
63,36,0
63,39,0
63,40,0
63,43,0
63,44,0
63,104,0
63,105,0
63,51,0
63,54,0
63,18,0
16,70,0
16,90,0
16,91,0
16,92,0
16,31,0
16,95,0
16,96,0
16,97,0
16,33,0
16,99,0
16,51,0
16,18,0
64,16,0
64,69,0
64,70,0
64,71,0
64,78,0
64,21,0
64,90,0
64,91,0
64,92,0
64,31,0
64,95,0
64,96,0
64,97,0
64,99,0
64,100,0
64,101,0
64,102,0
64,51,0
64,18,0
65,66,0
65,67,0
65,73,0
65,76,0
65,77,0
65,78,0
65,79,0
65,80,0
65,81,0
65,49,0
65,128,0
66,67,0
66,73,0
66,76,0
66,77,0
66,78,0
66,79,0
66,80,0
66,81,0
66,49,0
66,128,0
67,71,0
67,73,0
67,77,0
67,79,0
67,85,0
67,21,0
67,22,0
67,87,0
67,91,0
67,40,0
67,43,0
67,47,0
67,49,0
67,51,0
67,55,0
67,128,0
68,71,0
68,90,0
68,39,0
68,41,0
68,42,0
68,47,0
68,52,0
68,55,0
68,123,0
68,125,0
68,127,0
68,18,0
69,46,0
69,47,0
69,52,0
69,128,0
70,71,0
70,39,0
70,42,0
70,46,0
70,52,0
70,123,0
70,125,0
70,128,0
71,77,0
71,22,0
71,29,0
71,47,0
71,52,0
71,53,0
71,55,0
71,107,0
71,123,0
71,125,0
71,127,0
71,128,0
72,71,0
72,75,0
72,77,0
72,85,0
72,88,0
72,89,0
72,23,0
72,17,0
72,24,0
72,25,0
72,27,0
72,90,0
72,91,0
72,29,0
72,95,0
72,96,0
72,97,0
72,36,0
72,39,0
72,40,0
72,41,0
72,42,0
72,43,0
72,45,0
72,47,0
72,52,0
72,53,0
72,55,0
72,107,0
72,110,0
72,111,0
72,112,0
72,113,0
72,114,0
72,115,0
72,116,0
72,118,0
72,119,0
72,120,0
72,123,0
72,125,0
72,126,0
72,127,0
72,128,0
73,71,0
73,75,0
73,85,0
73,22,0
73,17,0
73,24,0
73,25,0
73,27,0
73,90,0
73,91,0
73,29,0
73,95,0
73,96,0
73,97,0
73,101,0
73,36,0
73,39,0
73,40,0
73,41,0
73,42,0
73,45,0
73,52,0
73,53,0
73,55,0
73,110,0
73,111,0
73,112,0
73,113,0
73,114,0
73,115,0
73,116,0
73,118,0
73,119,0
73,120,0
73,123,0
73,125,0
73,127,0
73,128,0
74,17,0
74,24,0
74,25,0
74,27,0
74,90,0
74,91,0
74,29,0
74,96,0
74,39,0
74,40,0
74,41,0
74,42,0
74,45,0
74,52,0
74,53,0
74,55,0
74,112,0
74,114,0
74,115,0
74,118,0
74,119,0
74,120,0
74,123,0
74,128,0
75,17,0
75,24,0
75,25,0
75,27,0
75,90,0
75,91,0
75,29,0
75,36,0
75,39,0
75,40,0
75,41,0
75,42,0
75,45,0
75,52,0
75,53,0
75,55,0
75,114,0
75,115,0
75,118,0
75,119,0
75,120,0
75,123,0
75,128,0
76,77,0
76,85,0
76,88,0
76,25,0
76,27,0
76,29,0
76,93,0
76,96,0
76,36,0
76,39,0
76,40,0
76,41,0
76,42,0
76,43,0
76,47,0
76,104,0
76,105,0
76,51,0
76,52,0
76,53,0
76,55,0
76,110,0
76,111,0
76,112,0
76,113,0
76,114,0
76,115,0
76,116,0
76,118,0
76,119,0
76,120,0
76,123,0
76,125,0
76,127,0
76,128,0
77,85,0
77,88,0
77,25,0
77,27,0
77,29,0
77,93,0
77,96,0
77,36,0
77,39,0
77,40,0
77,41,0
77,42,0
77,43,0
77,47,0
77,104,0
77,105,0
77,51,0
77,52,0
77,53,0
77,55,0
77,107,0
77,110,0
77,111,0
77,112,0
77,113,0
77,114,0
77,115,0
77,116,0
77,118,0
77,119,0
77,120,0
77,123,0
77,125,0
77,127,0
77,128,0
78,77,0
78,88,0
78,25,0
78,27,0
78,29,0
78,93,0
78,96,0
78,97,0
78,36,0
78,39,0
78,40,0
78,41,0
78,42,0
78,43,0
78,47,0
78,104,0
78,105,0
78,51,0
78,52,0
78,53,0
78,55,0
78,107,0
78,110,0
78,111,0
78,112,0
78,113,0
78,114,0
78,115,0
78,116,0
78,118,0
78,119,0
78,120,0
78,123,0
78,125,0
78,127,0
78,128,0
79,77,0
79,21,0
79,22,0
79,25,0
79,27,0
79,90,0
79,91,0
79,29,0
79,95,0
79,96,0
79,97,0
79,36,0
79,39,0
79,40,0
79,42,0
79,43,0
79,46,0
79,47,0
79,49,0
79,51,0
79,53,0
79,55,0
79,110,0
79,111,0
79,112,0
79,113,0
79,118,0
79,119,0
79,120,0
79,127,0
79,128,0
80,70,0
80,71,0
80,77,0
80,21,0
80,22,0
80,88,0
80,25,0
80,27,0
80,90,0
80,91,0
80,29,0
80,95,0
80,96,0
80,97,0
80,33,0
80,100,0
80,101,0
80,102,0
80,36,0
80,39,0
80,40,0
80,41,0
80,42,0
80,43,0
80,45,0
80,46,0
80,49,0
80,103,0
80,104,0
80,105,0
80,51,0
80,53,0
80,55,0
80,128,0
81,70,0
81,71,0
81,77,0
81,85,0
81,22,0
81,88,0
81,17,0
81,90,0
81,91,0
81,92,0
81,93,0
81,32,0
81,95,0
81,96,0
81,97,0
81,33,0
81,99,0
81,100,0
81,101,0
81,102,0
81,39,0
81,40,0
81,41,0
81,42,0
81,43,0
81,44,0
81,45,0
81,46,0
81,49,0
81,103,0
81,104,0
81,105,0
81,51,0
81,53,0
81,55,0
81,127,0
81,128,0
82,70,0
82,71,0
82,77,0
82,85,0
82,22,0
82,88,0
82,90,0
82,91,0
82,92,0
82,93,0
82,32,0
82,95,0
82,96,0
82,97,0
82,33,0
82,99,0
82,100,0
82,101,0
82,102,0
82,39,0
82,40,0
82,41,0
82,42,0
82,43,0
82,44,0
82,45,0
82,46,0
82,49,0
82,103,0
82,104,0
82,105,0
82,51,0
82,53,0
82,55,0
82,127,0
82,128,0
83,70,0
83,71,0
83,77,0
83,22,0
83,27,0
83,90,0
83,91,0
83,92,0
83,95,0
83,97,0
83,33,0
83,99,0
83,100,0
83,101,0
83,102,0
83,36,0
83,37,0
83,39,0
83,40,0
83,41,0
83,42,0
83,43,0
83,45,0
83,46,0
83,49,0
83,103,0
83,51,0
83,55,0
83,127,0
83,128,0
84,70,0
84,85,0
84,89,0
84,23,0
84,27,0
84,90,0
84,91,0
84,92,0
84,28,0
84,29,0
84,93,0
84,30,0
84,94,0
84,32,0
84,95,0
84,96,0
84,97,0
84,33,0
84,99,0
84,100,0
84,101,0
84,102,0
84,34,0
84,35,0
84,36,0
84,37,0
84,38,0
84,39,0
84,40,0
84,41,0
84,42,0
84,43,0
84,44,0
84,45,0
84,46,0
84,103,0
84,51,0
84,53,0
84,54,0
84,55,0
84,106,0
84,107,0
84,108,0
84,109,0
84,110,0
84,111,0
84,112,0
84,113,0
84,114,0
84,115,0
84,116,0
84,118,0
84,119,0
84,120,0
84,121,0
84,122,0
84,123,0
84,125,0
84,126,0
84,127,0
84,18,0
85,70,0
85,89,0
85,23,0
85,24,0
85,25,0
85,27,0
85,90,0
85,91,0
85,92,0
85,28,0
85,29,0
85,93,0
85,30,0
85,94,0
85,95,0
85,96,0
85,97,0
85,33,0
85,99,0
85,100,0
85,101,0
85,102,0
85,34,0
85,35,0
85,36,0
85,37,0
85,38,0
85,39,0
85,40,0
85,41,0
85,42,0
85,43,0
85,44,0
85,45,0
85,46,0
85,103,0
85,51,0
85,53,0
85,54,0
85,55,0
85,106,0
85,107,0
85,108,0
85,109,0
85,110,0
85,111,0
85,112,0
85,113,0
85,114,0
85,115,0
85,116,0
85,118,0
85,119,0
85,120,0
85,121,0
85,122,0
85,123,0
85,125,0
85,126,0
85,127,0
85,128,0
21,24,0
21,25,0
21,27,0
21,90,0
21,91,0
21,92,0
21,28,0
21,29,0
21,93,0
21,30,0
21,94,0
21,96,0
21,33,0
21,99,0
21,100,0
21,101,0
21,102,0
21,34,0
21,35,0
21,36,0
21,37,0
21,38,0
21,39,0
21,40,0
21,41,0
21,42,0
21,43,0
21,44,0
21,45,0
21,46,0
21,103,0
21,51,0
21,54,0
21,55,0
21,106,0
21,107,0
21,108,0
21,109,0
21,110,0
21,111,0
21,112,0
21,113,0
21,114,0
21,115,0
21,116,0
21,118,0
21,119,0
21,120,0
21,121,0
21,122,0
21,123,0
21,125,0
21,126,0
21,127,0
21,128,0
86,70,0
86,27,0
86,90,0
86,91,0
86,92,0
86,28,0
86,30,0
86,94,0
86,95,0
86,96,0
86,97,0
86,33,0
86,99,0
86,100,0
86,101,0
86,102,0
86,37,0
86,38,0
86,39,0
86,40,0
86,43,0
86,44,0
86,45,0
86,46,0
86,103,0
86,51,0
86,18,0
22,17,0
22,24,0
22,25,0
22,26,0
22,27,0
22,29,0
22,34,0
22,43,0
22,46,0
22,53,0
22,106,0
22,107,0
22,112,0
22,113,0
22,118,0
22,119,0
22,120,0
22,122,0
22,123,0
22,125,0
22,128,0
87,89,0
87,23,0
87,24,0
87,25,0
87,26,0
87,27,0
87,28,0
87,29,0
87,93,0
87,30,0
87,94,0
87,96,0
87,97,0
87,33,0
87,34,0
87,36,0
87,42,0
87,46,0
87,103,0
87,52,0
87,53,0
87,112,0
87,114,0
87,115,0
87,118,0
87,119,0
87,120,0
87,122,0
87,123,0
87,125,0
87,128,0
88,85,0
88,89,0
88,23,0
88,17,0
88,24,0
88,25,0
88,26,0
88,27,0
88,28,0
88,29,0
88,93,0
88,30,0
88,94,0
88,96,0
88,97,0
88,33,0
88,34,0
88,36,0
88,40,0
88,41,0
88,42,0
88,43,0
88,46,0
88,103,0
88,51,0
88,52,0
88,53,0
88,55,0
88,106,0
88,107,0
88,110,0
88,111,0
88,112,0
88,113,0
88,114,0
88,115,0
88,116,0
88,118,0
88,119,0
88,120,0
88,121,0
88,122,0
88,123,0
88,125,0
88,127,0
88,128,0
89,24,0
89,25,0
89,26,0
89,28,0
89,29,0
89,93,0
89,30,0
89,94,0
89,33,0
89,34,0
89,36,0
89,46,0
89,52,0
89,53,0
89,119,0
89,128,0
23,24,0
23,25,0
23,26,0
23,27,0
23,28,0
23,29,0
23,93,0
23,30,0
23,94,0
23,33,0
23,34,0
23,36,0
23,46,0
23,52,0
23,53,0
23,106,0
23,107,0
23,112,0
23,113,0
23,114,0
23,115,0
23,116,0
23,118,0
23,119,0
23,120,0
23,121,0
23,122,0
23,123,0
23,125,0
23,128,0
17,24,0
17,26,0
17,29,0
17,34,0
17,46,0
17,53,0
17,128,0
24,18,0
25,117,0
25,18,0
25,128,0
26,50,0
26,117,0
26,122,0
26,18,0
27,50,0
27,18,0
90,24,0
90,26,0
90,32,0
90,33,0
90,34,0
90,35,0
90,36,0
90,37,0
90,38,0
90,44,0
90,48,0
90,50,0
90,54,0
90,106,0
90,107,0
90,108,0
90,109,0
90,110,0
90,111,0
90,112,0
90,113,0
90,116,0
90,118,0
90,119,0
90,120,0
90,121,0
90,126,0
90,18,0
91,24,0
91,26,0
91,32,0
91,33,0
91,35,0
91,36,0
91,37,0
91,38,0
91,44,0
91,48,0
91,50,0
91,54,0
91,18,0
92,24,0
92,26,0
92,28,0
92,93,0
92,32,0
92,33,0
92,34,0
92,35,0
92,36,0
92,37,0
92,38,0
92,43,0
92,44,0
92,45,0
92,48,0
92,50,0
92,54,0
92,106,0
92,107,0
92,108,0
92,109,0
92,110,0
92,111,0
92,112,0
92,113,0
92,116,0
92,118,0
92,119,0
92,120,0
92,121,0
92,126,0
92,18,0
28,93,0
28,44,0
28,106,0
28,107,0
28,108,0
28,109,0
28,116,0
28,117,0
28,122,0
28,18,0
29,75,0
29,24,0
29,26,0
29,45,0
29,110,0
29,117,0
29,122,0
29,126,0
29,18,0
93,24,0
93,27,0
93,28,0
93,30,0
93,94,0
93,34,0
93,36,0
93,106,0
93,108,0
93,109,0
93,110,0
93,116,0
93,117,0
93,122,0
93,126,0
93,128,0
30,24,0
30,27,0
30,28,0
30,29,0
30,34,0
30,37,0
30,38,0
30,44,0
30,45,0
30,51,0
30,55,0
30,106,0
30,107,0
30,108,0
30,109,0
30,111,0
30,113,0
30,116,0
30,117,0
30,122,0
30,126,0
30,128,0
94,24,0
94,27,0
94,29,0
94,34,0
94,45,0
94,51,0
94,55,0
94,117,0
94,122,0
94,128,0
31,32,0
31,35,0
31,48,0
31,50,0
31,54,0
31,106,0
31,107,0
31,108,0
31,109,0
31,116,0
31,117,0
31,122,0
31,18,0
32,35,0
32,48,0
32,50,0
32,54,0
32,106,0
32,107,0
32,108,0
32,109,0
32,110,0
32,116,0
32,117,0
32,122,0
32,126,0
32,18,0
95,70,0
95,24,0
95,26,0
95,32,0
95,37,0
95,38,0
95,44,0
95,45,0
95,50,0
95,111,0
95,18,0
96,70,0
96,24,0
96,26,0
96,28,0
96,93,0
96,30,0
96,94,0
96,32,0
96,34,0
96,35,0
96,36,0
96,37,0
96,38,0
96,43,0
96,44,0
96,45,0
96,48,0
96,50,0
96,54,0
96,55,0
96,106,0
96,107,0
96,108,0
96,109,0
96,110,0
96,111,0
96,112,0
96,113,0
96,114,0
96,115,0
96,116,0
96,118,0
96,119,0
96,120,0
96,121,0
96,123,0
96,126,0
96,18,0
97,24,0
97,26,0
97,93,0
97,32,0
97,34,0
97,35,0
97,36,0
97,37,0
97,38,0
97,43,0
97,44,0
97,45,0
97,48,0
97,50,0
97,54,0
97,106,0
97,107,0
97,108,0
97,109,0
97,110,0
97,111,0
97,112,0
97,113,0
97,114,0
97,115,0
97,116,0
97,118,0
97,119,0
97,120,0
97,121,0
97,123,0
97,126,0
97,18,0
33,122,0
33,126,0
33,18,0
98,34,0
98,37,0
98,38,0
98,40,0
98,43,0
98,50,0
98,107,0
98,111,0
98,112,0
98,113,0
98,121,0
98,18,0
99,75,0
99,26,0
99,32,0
99,34,0
99,35,0
99,36,0
99,48,0
99,50,0
99,54,0
99,106,0
99,107,0
99,108,0
99,109,0
99,110,0
99,111,0
99,112,0
99,113,0
99,116,0
99,118,0
99,119,0
99,120,0
99,121,0
99,126,0
99,18,0
100,26,0
100,34,0
100,37,0
100,38,0
100,43,0
100,106,0
100,107,0
100,108,0
100,109,0
100,110,0
100,111,0
100,112,0
100,113,0
100,116,0
100,118,0
100,119,0
100,120,0
100,121,0
100,126,0
100,18,0
101,26,0
101,34,0
101,37,0
101,38,0
101,43,0
101,106,0
101,107,0
101,108,0
101,109,0
101,110,0
101,111,0
101,112,0
101,113,0
101,115,0
101,116,0
101,118,0
101,119,0
101,120,0
101,121,0
101,126,0
101,18,0
102,26,0
102,34,0
102,37,0
102,38,0
102,43,0
102,106,0
102,107,0
102,109,0
102,111,0
102,112,0
102,113,0
102,116,0
102,118,0
102,119,0
102,120,0
102,121,0
102,18,0
34,18,0
35,117,0
35,122,0
35,126,0
35,18,0
36,122,0
36,18,0
37,26,0
37,50,0
37,106,0
37,107,0
37,108,0
37,109,0
37,110,0
37,116,0
37,117,0
37,122,0
37,126,0
37,18,0
38,117,0
38,122,0
38,18,0
39,24,0
39,26,0
39,34,0
39,35,0
39,36,0
39,37,0
39,38,0
39,40,0
39,43,0
39,44,0
39,45,0
39,50,0
39,55,0
39,106,0
39,107,0
39,110,0
39,111,0
39,112,0
39,113,0
39,115,0
39,116,0
39,117,0
39,118,0
39,119,0
39,120,0
39,121,0
39,122,0
39,123,0
39,126,0
39,18,0
39,128,0
40,24,0
40,26,0
40,34,0
40,106,0
40,107,0
40,108,0
40,109,0
40,110,0
40,116,0
40,117,0
40,122,0
40,126,0
40,18,0
41,26,0
41,18,0
42,24,0
42,26,0
42,93,0
42,34,0
42,35,0
42,36,0
42,37,0
42,38,0
42,50,0
42,54,0
42,106,0
42,107,0
42,108,0
42,109,0
42,110,0
42,111,0
42,113,0
42,116,0
42,117,0
42,122,0
42,126,0
42,18,0
43,26,0
43,50,0
43,106,0
43,107,0
43,108,0
43,109,0
43,110,0
43,116,0
43,117,0
43,122,0
43,126,0
43,18,0
44,50,0
44,106,0
44,116,0
44,117,0
44,122,0
44,126,0
44,18,0
45,117,0
45,122,0
45,18,0
46,117,0
46,122,0
46,126,0
46,18,0
47,26,0
47,50,0
47,54,0
47,106,0
47,107,0
47,108,0
47,109,0
47,116,0
47,117,0
47,122,0
47,126,0
47,18,0
48,18,0
49,24,0
49,26,0
49,34,0
49,40,0
49,43,0
49,50,0
49,117,0
49,122,0
49,126,0
49,18,0
49,128,0
50,117,0
50,122,0
50,126,0
50,18,0
103,70,0
103,24,0
103,27,0
103,28,0
103,30,0
103,94,0
103,34,0
103,36,0
103,43,0
103,50,0
103,51,0
103,55,0
103,106,0
103,107,0
103,108,0
103,109,0
103,110,0
103,111,0
103,112,0
103,113,0
103,116,0
103,118,0
103,119,0
103,120,0
103,121,0
103,126,0
103,18,0
104,27,0
104,28,0
104,93,0
104,30,0
104,94,0
104,33,0
104,34,0
104,36,0
104,37,0
104,38,0
104,43,0
104,44,0
104,45,0
104,50,0
104,51,0
104,106,0
104,107,0
104,108,0
104,109,0
104,110,0
104,111,0
104,112,0
104,113,0
104,114,0
104,115,0
104,116,0
104,118,0
104,119,0
104,120,0
104,121,0
104,123,0
104,126,0
104,18,0
104,128,0
105,70,0
105,27,0
105,28,0
105,93,0
105,30,0
105,94,0
105,33,0
105,34,0
105,36,0
105,37,0
105,38,0
105,43,0
105,44,0
105,45,0
105,50,0
105,51,0
105,106,0
105,107,0
105,108,0
105,109,0
105,110,0
105,111,0
105,112,0
105,113,0
105,116,0
105,118,0
105,119,0
105,120,0
105,121,0
105,18,0
105,128,0
51,75,0
51,26,0
51,28,0
51,34,0
51,55,0
51,106,0
51,107,0
51,108,0
51,109,0
51,110,0
51,116,0
51,117,0
51,122,0
51,126,0
51,18,0
51,128,0
52,26,0
52,93,0
52,43,0
52,45,0
52,50,0
52,54,0
52,106,0
52,107,0
52,108,0
52,109,0
52,110,0
52,116,0
52,117,0
52,122,0
52,126,0
52,18,0
53,48,0
53,50,0
53,54,0
53,106,0
53,107,0
53,108,0
53,109,0
53,110,0
53,116,0
53,117,0
53,122,0
53,126,0
53,18,0
54,26,0
54,32,0
54,35,0
54,48,0
54,50,0
54,108,0
54,110,0
54,122,0
54,126,0
54,18,0
55,24,0
55,26,0
55,28,0
55,93,0
55,33,0
55,34,0
55,36,0
55,37,0
55,38,0
55,43,0
55,44,0
55,45,0
55,50,0
55,51,0
55,106,0
55,107,0
55,108,0
55,109,0
55,110,0
55,111,0
55,112,0
55,113,0
55,116,0
55,117,0
55,118,0
55,119,0
55,120,0
55,121,0
55,122,0
55,126,0
55,18,0
55,128,0
106,18,0
107,18,0
108,117,0
108,18,0
109,117,0
109,18,0
110,117,0
110,122,0
110,18,0
111,117,0
111,122,0
111,18,0
112,117,0
112,18,0
113,117,0
113,18,0
114,117,0
114,18,0
115,117,0
115,18,0
116,18,0
117,18,0
118,117,0
118,18,0
119,117,0
119,18,0
120,117,0
120,18,0
121,18,0
122,18,0
123,122,0
123,18,0
124,122,0
124,18,0
125,18,0
126,18,0
127,18,0
18,58,0
18,59,0
18,60,0
18,61,0
18,62,0
18,63,0
18,16,0
18,64,0
18,68,0
18,72,0
18,78,0
18,128,0
128,65,0
128,66,0
128,67,0
128,71,0
128,73,0
128,76,0
128,77,0
128,79,0
128,80,0
128,81,0
128,82,0
128,85,0
128,21,0
128,87,0
128,88,0
128,89,0
128,23,0
128,29,0
128,49,0
19,56,0
