1,2,0
1,3,0
1,4,0
1,5,0
1,6,0
1,7,0
8,9,0
8,10,0
8,5,0
8,11,0
8,12,0
13,14,0
13,15,0
13,16,0
13,17,0
13,18,0
13,19,0
20,21,0
20,22,0
20,23,0
20,24,0
20,25,0
26,27,0
26,28,0
26,29,0
26,30,0
26,31,0
26,32,0
26,33,0
34,15,0
34,16,0
34,35,0
34,23,0
21,36,0
21,37,0
21,38,0
21,23,0
21,25,0
2,39,0
2,40,0
2,10,0
2,41,0
2,11,0
2,42,0
43,13,0
43,44,0
43,45,0
43,36,0
43,15,0
43,46,0
43,47,0
43,11,0
48,26,0
48,29,0
48,31,0
48,49,0
48,50,0
48,51,0
48,52,0
9,40,0
9,53,0
9,10,0
9,3,0
27,26,0
27,16,0
27,54,0
27,46,0
27,55,0
27,25,0
56,14,0
56,18,0
56,57,0
56,58,0
59,13,0
59,15,0
59,60,0
59,4,0
59,61,0
62,26,0
62,15,0
62,63,0
62,64,0
65,13,0
65,15,0
65,18,0
65,11,0
66,9,0
66,40,0
66,67,0
66,12,0
68,53,0
68,57,0
68,41,0
68,69,0
68,70,0
71,40,0
71,54,0
71,28,0
71,72,0
71,73,0
14,15,0
14,17,0
14,18,0
14,74,0
14,75,0
44,48,0
44,36,0
44,46,0
44,76,0
44,64,0
45,36,0
45,47,0
45,63,0
45,10,0
45,77,0
45,76,0
36,45,0
36,78,0
36,63,0
36,76,0
36,79,0
80,45,0
80,15,0
80,23,0
80,75,0
81,82,0
81,15,0
81,63,0
81,77,0
81,24,0
82,9,0
82,83,0
82,46,0
82,84,0
82,85,0
78,86,0
78,76,0
78,38,0
78,87,0
78,88,0
89,9,0
89,40,0
89,50,0
89,5,0
89,75,0
89,11,0
89,90,0
15,13,0
15,16,0
15,18,0
15,54,0
15,74,0
15,23,0
15,12,0
39,78,0
39,5,0
39,11,0
39,12,0
39,24,0
16,15,0
16,17,0
16,19,0
16,63,0
83,15,0
83,10,0
83,91,0
83,42,0
22,13,0
22,20,0
22,15,0
22,16,0
22,17,0
22,92,0
22,4,0
22,23,0
93,45,0
93,32,0
93,69,0
93,11,0
93,24,0
93,25,0
17,13,0
17,16,0
17,19,0
17,84,0
17,74,0
17,64,0
40,9,0
40,15,0
40,94,0
40,23,0
40,73,0
40,12,0
18,56,0
18,14,0
18,15,0
18,74,0
95,20,0
95,21,0
95,25,0
96,15,0
96,16,0
96,54,0
97,19,0
97,74,0
97,12,0
54,15,0
54,40,0
54,74,0
54,10,0
54,23,0
46,84,0
46,60,0
46,87,0
46,55,0
35,18,0
35,74,0
35,92,0
35,98,0
35,33,0
19,13,0
19,36,0
19,16,0
19,17,0
19,97,0
19,63,0
19,12,0
84,46,0
84,99,0
84,73,0
84,87,0
74,13,0
74,14,0
74,18,0
74,35,0
74,100,0
74,42,0
101,14,0
101,74,0
101,3,0
101,57,0
101,87,0
101,102,0
67,66,0
67,89,0
67,103,0
67,10,0
67,98,0
67,12,0
67,42,0
53,78,0
53,89,0
53,84,0
53,63,0
53,29,0
103,41,0
103,75,0
103,98,0
103,42,0
47,13,0
47,36,0
47,16,0
47,17,0
47,97,0
47,12,0
47,64,0
28,44,0
28,18,0
28,31,0
28,100,0
28,11,0
28,12,0
94,40,0
94,10,0
94,41,0
94,11,0
94,55,0
94,102,0
63,16,0
63,19,0
63,29,0
63,51,0
63,75,0
63,52,0
10,9,0
10,89,0
10,54,0
10,91,0
29,34,0
29,15,0
29,16,0
29,104,0
29,105,0
29,57,0
29,106,0
29,23,0
60,59,0
60,15,0
60,16,0
60,74,0
60,31,0
60,33,0
3,9,0
3,101,0
3,67,0
3,41,0
3,11,0
3,42,0
107,84,0
107,108,0
107,92,0
107,87,0
30,13,0
30,27,0
30,84,0
30,100,0
30,99,0
30,55,0
31,48,0
31,109,0
31,49,0
31,41,0
31,6,0
86,13,0
86,78,0
86,18,0
86,63,0
86,106,0
86,38,0
86,55,0
110,2,0
110,58,0
110,42,0
108,74,0
108,10,0
108,107,0
108,92,0
108,12,0
32,47,0
32,28,0
32,92,0
32,4,0
32,6,0
77,81,0
77,89,0
77,10,0
77,75,0
109,26,0
109,35,0
109,31,0
109,41,0
109,4,0
109,69,0
109,33,0
109,6,0
104,29,0
104,30,0
104,4,0
104,51,0
104,58,0
92,13,0
92,16,0
92,35,0
92,107,0
92,108,0
92,24,0
111,23,0
112,20,0
112,93,0
112,3,0
112,25,0
112,102,0
105,54,0
105,35,0
105,87,0
113,93,0
113,29,0
113,60,0
114,60,0
114,51,0
115,15,0
115,54,0
115,23,0
85,9,0
85,78,0
85,40,0
85,5,0
76,45,0
76,36,0
76,78,0
72,1,0
72,45,0
72,78,0
72,67,0
72,103,0
72,42,0
49,48,0
49,68,0
49,15,0
49,16,0
49,103,0
49,31,0
37,15,0
37,40,0
37,54,0
37,23,0
37,25,0
100,97,0
100,35,0
100,74,0
100,31,0
100,49,0
100,12,0
57,14,0
57,74,0
57,101,0
57,29,0
41,2,0
41,9,0
41,68,0
41,31,0
41,69,0
99,84,0
99,73,0
99,55,0
116,48,0
116,74,0
116,4,0
116,52,0
79,36,0
79,97,0
79,47,0
79,69,0
79,11,0
4,46,0
4,74,0
4,32,0
4,6,0
51,14,0
5,9,0
5,66,0
5,45,0
5,85,0
5,4,0
5,69,0
5,91,0
5,6,0
106,36,0
106,97,0
106,74,0
38,78,0
38,101,0
38,10,0
38,77,0
38,5,0
38,69,0
38,58,0
69,9,0
69,40,0
69,101,0
69,111,0
69,98,0
69,12,0
23,40,0
23,63,0
23,111,0
23,51,0
23,102,0
75,80,0
75,89,0
75,40,0
75,19,0
75,63,0
75,12,0
73,71,0
73,40,0
73,54,0
73,72,0
73,51,0
73,69,0
73,12,0
98,97,0
98,94,0
98,111,0
98,25,0
98,91,0
11,9,0
11,15,0
11,40,0
11,12,0
33,34,0
33,15,0
33,35,0
33,28,0
33,23,0
12,28,0
12,100,0
12,75,0
12,11,0
87,84,0
87,74,0
87,101,0
87,69,0
87,11,0
87,61,0
55,46,0
55,84,0
55,32,0
55,92,0
55,99,0
55,4,0
55,87,0
24,81,0
24,39,0
24,35,0
24,32,0
24,75,0
24,90,0
58,110,0
58,99,0
58,91,0
58,42,0
58,88,0
70,9,0
70,68,0
70,10,0
70,41,0
25,20,0
25,111,0
25,41,0
25,23,0
117,20,0
117,21,0
117,95,0
117,25,0
102,40,0
102,94,0
102,10,0
102,7,0
91,83,0
91,94,0
91,3,0
118,119,0
118,120,0
118,121,0
118,122,0
123,124,0
123,125,0
123,120,0
123,126,0
119,127,0
119,125,0
119,128,0
119,129,0
119,126,0
124,123,0
124,125,0
124,126,0
127,119,0
127,125,0
127,130,0
127,131,0
127,121,0
127,129,0
127,132,0
127,133,0
125,119,0
125,127,0
125,134,0
125,121,0
125,132,0
135,136,0
135,137,0
135,121,0
136,127,0
136,120,0
136,121,0
136,138,0
136,139,0
136,126,0
130,140,0
130,141,0
130,138,0
120,118,0
120,127,0
120,136,0
120,121,0
120,132,0
137,118,0
137,127,0
137,142,0
137,143,0
137,122,0
137,126,0
140,130,0
140,144,0
140,121,0
140,138,0
145,127,0
145,141,0
145,128,0
145,132,0
145,143,0
145,146,0
145,147,0
148,127,0
148,145,0
148,149,0
148,150,0
148,121,0
148,151,0
142,127,0
142,125,0
142,137,0
142,121,0
142,132,0
142,133,0
149,127,0
149,128,0
149,152,0
153,148,0
153,152,0
153,133,0
153,154,0
153,147,0
131,118,0
131,127,0
131,121,0
131,133,0
150,127,0
150,148,0
150,152,0
150,151,0
150,155,0
150,156,0
157,127,0
157,136,0
157,149,0
157,128,0
157,158,0
157,133,0
159,127,0
159,131,0
159,121,0
134,127,0
134,144,0
134,128,0
134,132,0
134,143,0
144,127,0
144,130,0
144,140,0
144,134,0
144,132,0
144,143,0
144,156,0
121,127,0
121,136,0
121,120,0
121,129,0
121,126,0
160,123,0
160,119,0
160,124,0
160,136,0
160,121,0
160,126,0
141,127,0
141,130,0
141,144,0
141,138,0
141,129,0
141,133,0
138,130,0
138,140,0
138,144,0
138,121,0
138,141,0
138,128,0
138,129,0
128,127,0
128,121,0
128,141,0
128,129,0
128,132,0
128,133,0
128,146,0
161,127,0
161,125,0
161,120,0
161,121,0
161,126,0
161,162,0
129,127,0
129,131,0
129,121,0
129,141,0
129,128,0
129,132,0
129,155,0
152,149,0
152,128,0
152,154,0
158,119,0
158,127,0
158,149,0
158,157,0
158,121,0
158,138,0
158,129,0
151,127,0
151,130,0
151,131,0
151,121,0
151,139,0
151,147,0
139,134,0
139,152,0
139,151,0
139,162,0
132,127,0
132,121,0
132,163,0
133,153,0
133,152,0
133,154,0
155,127,0
155,150,0
155,151,0
155,162,0
155,147,0
164,131,0
164,128,0
164,152,0
163,149,0
163,121,0
163,128,0
163,132,0
163,146,0
165,159,0
165,128,0
165,162,0
143,161,0
143,151,0
156,127,0
156,128,0
156,132,0
156,133,0
146,145,0
146,128,0
162,127,0
162,121,0
162,126,0
166,167,0
166,168,0
166,169,0
166,170,0
166,171,0
166,172,0
166,173,0
174,175,0
174,167,0
174,171,0
174,176,0
174,177,0
178,167,0
178,179,0
178,180,0
178,181,0
182,183,0
182,184,0
182,185,0
182,186,0
182,187,0
182,188,0
182,189,0
175,174,0
175,190,0
175,171,0
175,183,0
175,176,0
175,191,0
192,167,0
192,170,0
192,193,0
192,183,0
192,194,0
192,195,0
192,191,0
192,189,0
196,168,0
196,171,0
196,197,0
196,194,0
196,198,0
196,199,0
196,177,0
167,178,0
167,168,0
167,171,0
167,194,0
168,167,0
168,179,0
168,185,0
168,197,0
168,194,0
168,198,0
168,200,0
169,166,0
169,170,0
169,172,0
169,197,0
169,173,0
201,192,0
201,194,0
201,200,0
201,187,0
190,167,0
190,197,0
190,194,0
190,176,0
170,166,0
170,169,0
170,193,0
170,202,0
170,185,0
170,187,0
170,188,0
170,189,0
193,185,0
193,186,0
193,188,0
193,195,0
193,191,0
171,166,0
171,167,0
171,194,0
171,199,0
202,193,0
202,183,0
202,184,0
202,185,0
202,198,0
202,195,0
202,191,0
202,189,0
203,168,0
203,179,0
203,197,0
203,194,0
203,198,0
183,192,0
183,184,0
183,186,0
183,204,0
183,195,0
183,191,0
179,168,0
179,197,0
179,194,0
179,200,0
179,188,0
184,193,0
184,183,0
184,186,0
184,188,0
184,195,0
185,182,0
185,193,0
185,186,0
185,187,0
185,195,0
185,191,0
172,166,0
172,169,0
172,171,0
172,198,0
172,200,0
197,168,0
197,171,0
197,194,0
197,177,0
197,187,0
197,195,0
194,168,0
194,171,0
194,198,0
194,200,0
194,187,0
176,190,0
176,177,0
186,193,0
186,184,0
186,176,0
186,198,0
186,187,0
186,195,0
198,192,0
198,196,0
198,168,0
198,202,0
198,194,0
198,176,0
198,186,0
180,181,0
205,197,0
205,194,0
205,198,0
200,168,0
200,201,0
200,199,0
200,187,0
204,167,0
204,170,0
204,183,0
204,184,0
204,185,0
173,166,0
173,169,0
173,170,0
173,197,0
173,188,0
206,192,0
206,177,0
199,171,0
199,194,0
199,187,0
207,208,0
207,209,0
207,210,0
207,211,0
207,212,0
207,213,0
214,209,0
214,215,0
214,210,0
214,216,0
214,213,0
217,209,0
217,218,0
217,219,0
217,220,0
217,221,0
217,222,0
223,208,0
223,210,0
223,220,0
223,221,0
223,211,0
223,224,0
223,213,0
208,209,0
208,225,0
208,210,0
208,216,0
209,217,0
209,208,0
209,226,0
209,221,0
209,211,0
209,213,0
226,217,0
226,208,0
226,209,0
226,219,0
226,220,0
226,221,0
226,224,0
227,208,0
227,228,0
227,210,0
227,224,0
227,216,0
227,229,0
230,231,0
230,216,0
230,232,0
230,213,0
233,210,0
233,220,0
233,216,0
233,234,0
233,229,0
233,213,0
233,235,0
215,226,0
215,236,0
215,231,0
215,213,0
215,237,0
236,215,0
236,231,0
236,232,0
236,237,0
218,217,0
218,209,0
218,215,0
218,221,0
218,213,0
218,222,0
228,217,0
228,208,0
228,209,0
228,219,0
228,210,0
228,220,0
228,211,0
228,216,0
225,217,0
225,208,0
225,209,0
225,228,0
225,210,0
225,220,0
225,216,0
238,215,0
238,231,0
238,232,0
238,237,0
239,232,0
239,237,0
231,208,0
231,233,0
231,215,0
231,238,0
231,232,0
231,235,0
231,237,0
219,226,0
219,228,0
219,210,0
219,220,0
219,221,0
219,224,0
210,208,0
210,209,0
210,227,0
210,220,0
210,221,0
210,211,0
220,217,0
220,208,0
220,209,0
220,226,0
220,210,0
220,221,0
220,216,0
221,208,0
221,228,0
221,225,0
221,219,0
221,220,0
211,217,0
211,223,0
211,208,0
211,209,0
211,210,0
211,240,0
211,216,0
211,234,0
211,232,0
224,223,0
224,226,0
224,219,0
224,220,0
224,221,0
240,219,0
240,234,0
240,213,0
240,235,0
216,223,0
216,208,0
216,233,0
216,225,0
216,210,0
234,219,0
234,240,0
234,213,0
229,208,0
229,209,0
229,227,0
229,231,0
229,220,0
229,241,0
232,236,0
232,231,0
232,220,0
232,237,0
213,209,0
213,240,0
213,234,0
213,229,0
235,226,0
235,219,0
235,240,0
235,216,0
235,213,0
235,241,0
