1076,1076,0
1076,1076,0
904,904,0
417,417,0
24,1363,0
1464,1224,0
397,397,0
230,230,0
1076,1076,0
833,833,0
678,678,0
1096,1096,0
1345,1408,0
1345,803,0
1408,803,0
2075,1988,0
1913,1913,0
867,1301,0
867,2138,0
1301,2138,0
2049,2049,0
1246,1246,0
1936,2235,0
327,327,0
701,701,0
1863,1863,0
960,960,0
904,39,0
904,772,0
39,772,0
803,803,0
339,339,0
2235,2235,0
93,93,0
2235,1936,0
803,803,0
1228,714,0
1076,1076,0
362,362,0
748,748,0
2041,2041,0
1409,1572,0
782,635,0
782,248,0
782,700,0
635,248,0
635,700,0
248,700,0
841,841,0
1936,1936,0
533,533,0
703,703,0
867,1224,0
542,542,0
1246,1246,0
2193,1136,0
150,1028,0
778,778,0
565,565,0
339,339,0
2072,2072,0
1852,1852,0
193,1600,0
216,216,0
358,920,0
358,665,0
920,665,0
341,304,0
1999,1999,0
1792,1792,0
1520,1520,0
1910,1910,0
1146,819,0
1146,1224,0
1146,1462,0
1146,2138,0
819,1224,0
819,1462,0
819,2138,0
1224,1462,0
1224,2138,0
1462,2138,0
48,48,0
544,544,0
1752,1752,0
1123,2255,0
862,2134,0
490,490,0
753,753,0
1186,1186,0
1670,1988,0
1028,1028,0
1550,1550,0
1936,1048,0
1936,671,0
1048,671,0
1752,686,0
654,298,0
2041,2041,0
1657,1988,0
1657,386,0
1988,386,0
747,694,0
747,1188,0
694,1188,0
107,252,0
107,1366,0
252,1366,0
1224,867,0
1188,386,0
1188,1988,0
386,1988,0
134,1407,0
1186,1186,0
399,399,0
1301,1224,0
653,1224,0
1936,1936,0
1135,1135,0
1350,301,0
1752,1752,0
565,665,0
1457,920,0
32,665,0
2041,2041,0
1537,1084,0
1537,678,0
1084,678,0
221,221,0
920,920,0
1261,665,0
248,703,0
248,1988,0
703,1988,0
682,803,0
332,332,0
222,731,0
1936,671,0
1936,2235,0
671,2235,0
12,12,0
420,1150,0
1221,1224,0
300,853,0
1571,358,0
1571,926,0
1571,1199,0
1571,766,0
358,926,0
358,1199,0
358,766,0
926,1199,0
926,766,0
1199,766,0
1390,1390,0
981,903,0
981,2043,0
903,2043,0
1936,1048,0
1936,671,0
1936,2235,0
1048,671,0
1048,2235,0
671,2235,0
1251,1251,0
1956,1956,0
2134,2029,0
358,665,0
702,702,0
3,277,0
3,903,0
277,903,0
818,903,0
818,277,0
903,277,0
2260,803,0
2260,1760,0
803,1760,0
1417,1366,0
1417,204,0
1366,204,0
386,117,0
386,1670,0
386,532,0
117,1670,0
117,532,0
1670,532,0
715,715,0
2128,2102,0
2128,803,0
2102,803,0
920,665,0
2128,803,0
2128,2102,0
803,2102,0
730,277,0
730,903,0
277,903,0
936,454,0
936,2067,0
454,2067,0
1356,2134,0
1789,747,0
1789,277,0
1789,903,0
747,277,0
747,903,0
277,903,0
1800,1088,0
1800,838,0
1800,2187,0
1088,838,0
1088,2187,0
838,2187,0
1130,84,0
940,1648,0
940,903,0
940,277,0
940,3,0
1648,903,0
1648,277,0
1648,3,0
903,277,0
903,3,0
277,3,0
1671,1114,0
1289,1289,0
2177,1670,0
2177,386,0
2177,1083,0
1670,386,0
1670,1083,0
386,1083,0
1123,1853,0
1123,1101,0
1853,1101,0
1779,1301,0
1779,867,0
1779,803,0
1301,867,0
1301,803,0
867,803,0
399,399,0
1548,1670,0
1548,1988,0
1670,1988,0
1087,1087,0
936,936,0
1114,1311,0
2138,2138,0
1452,803,0
920,665,0
278,278,0
296,296,0
665,686,0
715,955,0
1419,665,0
1419,2068,0
665,2068,0
1216,1216,0
1288,358,0
1256,1301,0
1256,1300,0
1256,2004,0
1301,1300,0
1301,2004,0
1300,2004,0
967,665,0
736,736,0
2235,671,0
2235,1036,0
2235,1936,0
671,1036,0
671,1936,0
1036,1936,0
290,665,0
496,1572,0
496,1409,0
1572,1409,0
715,715,0
341,341,0
954,1670,0
1301,803,0
2260,1035,0
1692,967,0
1692,665,0
967,665,0
1772,1768,0
131,1114,0
1388,1670,0
300,300,0
1926,948,0
1926,555,0
948,555,0
1164,1164,0
1027,678,0
1027,1995,0
678,1995,0
940,903,0
940,277,0
903,277,0
1005,358,0
1005,665,0
358,665,0
1377,2134,0
1557,1557,0
475,475,0
2239,1482,0
949,949,0
2260,1382,0
2260,1035,0
867,1032,0
867,435,0
867,1301,0
1032,435,0
1032,1301,0
435,1301,0
1337,694,0
1779,1750,0
300,300,0
1667,678,0
1670,386,0
1670,1988,0
386,1988,0
2138,904,0
2138,1881,0
904,1881,0
954,386,0
370,370,0
336,2260,0
824,277,0
824,747,0
277,747,0
273,518,0
273,1312,0
518,1312,0
1335,1301,0
671,760,0
671,1936,0
760,1936,0
803,1301,0
967,67,0
987,987,0
1752,803,0
2247,1674,0
715,715,0
1371,904,0
1371,36,0
904,36,0
955,1234,0
1009,1300,0
1009,2004,0
1300,2004,0
199,1936,0
199,176,0
199,2235,0
199,671,0
1936,176,0
1936,2235,0
1936,671,0
176,2235,0
176,671,0
2235,671,0
1256,1031,0
1256,1301,0
1031,1301,0
190,2260,0
190,574,0
2260,574,0
1653,629,0
300,300,0
605,803,0
605,1301,0
803,1301,0
2138,867,0
2138,1779,0
867,1779,0
671,1936,0
760,1936,0
1789,1556,0
51,51,0
1959,358,0
1454,644,0
686,665,0
155,1670,0
1549,9,0
998,341,0
1384,252,0
1384,386,0
252,386,0
558,558,0
1214,904,0
1652,665,0
2074,2260,0
2074,678,0
2074,1301,0
2074,867,0
2074,803,0
2074,2138,0
2074,1779,0
2074,1881,0
2074,879,0
2260,678,0
2260,1301,0
2260,867,0
2260,803,0
2260,2138,0
2260,1779,0
2260,1881,0
2260,879,0
678,1301,0
678,867,0
678,803,0
678,2138,0
678,1779,0
678,1881,0
678,879,0
1301,867,0
1301,803,0
1301,2138,0
1301,1779,0
1301,1881,0
1301,879,0
867,803,0
867,2138,0
867,1779,0
867,1881,0
867,879,0
803,2138,0
803,1779,0
803,1881,0
803,879,0
2138,1779,0
2138,1881,0
2138,879,0
1779,1881,0
1779,879,0
1881,879,0
1610,1670,0
1295,358,0
397,397,0
1789,1083,0
1870,1870,0
1531,1936,0
2239,1750,0
2239,803,0
1750,803,0
264,264,0
1619,1301,0
1619,803,0
1301,803,0
1382,2260,0
867,1779,0
867,589,0
1779,589,0
357,665,0
2165,1670,0
1573,1573,0
1388,1388,0
1708,1670,0
2195,715,0
1465,920,0
814,1556,0
814,1789,0
814,386,0
1556,1789,0
1556,386,0
1789,386,0
2168,2168,0
686,1652,0
686,665,0
1652,665,0
461,2253,0
461,360,0
461,341,0
2253,360,0
2253,341,0
360,341,0
155,1670,0
62,1766,0
1789,1556,0
61,323,0
61,385,0
323,385,0
486,1917,0
1404,857,0
387,2134,0
751,751,0
917,1114,0
2168,77,0
462,1111,0
462,760,0
462,1936,0
1111,760,0
1111,1936,0
760,1936,0
1232,934,0
1552,1552,0
686,686,0
2197,2197,0
62,1715,0
62,169,0
62,2134,0
1715,169,0
1715,2134,0
169,2134,0
2168,1975,0
386,1988,0
386,1175,0
1988,1175,0
715,715,0
1076,1076,0
803,803,0
230,230,0
1550,1550,0
715,715,0
113,2105,0
243,243,0
2260,803,0
867,1301,0
867,1150,0
867,1224,0
867,678,0
867,803,0
867,1095,0
867,2138,0
1301,1150,0
1301,1224,0
1301,678,0
1301,803,0
1301,1095,0
1301,2138,0
1150,1224,0
1150,678,0
1150,803,0
1150,1095,0
1150,2138,0
1224,678,0
1224,803,0
1224,1095,0
1224,2138,0
678,803,0
678,1095,0
678,2138,0
803,1095,0
803,2138,0
1095,2138,0
803,2260,0
803,867,0
803,1301,0
2260,867,0
2260,1301,0
867,1301,0
803,2260,0
803,1301,0
803,867,0
2260,1301,0
2260,867,0
1301,867,0
803,2260,0
803,867,0
803,1301,0
2260,867,0
2260,1301,0
867,1301,0
2260,803,0
1087,1087,0
2260,803,0
596,596,0
110,803,0
2197,544,0
414,386,0
2260,1365,0
2260,1035,0
2260,1301,0
2260,803,0
1301,803,0
683,1976,0
1573,586,0
338,386,0
167,277,0
942,378,0
942,541,0
942,1530,0
378,541,0
378,1530,0
541,1530,0
544,544,0
1262,1965,0
1262,684,0
1262,1011,0
1262,1445,0
1262,1005,0
1262,358,0
1965,684,0
1965,1011,0
1965,1445,0
1965,1005,0
1965,358,0
684,1011,0
684,1445,0
684,1005,0
684,358,0
1011,1445,0
1011,1005,0
1011,358,0
1445,1005,0
1445,358,0
1005,358,0
886,886,0
2128,803,0
1573,803,0
2128,803,0
2128,2102,0
803,2102,0
601,1779,0
601,867,0
601,1301,0
1779,867,0
1779,1301,0
867,1301,0
1409,1409,0
695,695,0
803,803,0
154,1461,0
154,2262,0
1461,2262,0
1049,1049,0
1936,1936,0
230,230,0
1409,1409,0
2263,2263,0
1423,1423,0
154,2262,0
154,805,0
154,2174,0
2262,805,0
2262,2174,0
805,2174,0
1988,747,0
1988,703,0
747,703,0
2070,2070,0
1175,1175,0
457,367,0
1224,794,0
1159,2134,0
1159,2197,0
2134,2197,0
1423,1423,0
1146,1224,0
347,1366,0
347,2032,0
347,50,0
1366,2032,0
1366,50,0
2032,50,0
364,364,0
1096,1096,0
765,1325,0
765,2134,0
1325,2134,0
2070,2070,0
1076,1076,0
399,399,0
397,397,0
417,417,0
1076,1076,0
463,2134,0
2197,2197,0
1409,1409,0
2116,1952,0
230,230,0
964,964,0
1278,1278,0
987,987,0
1076,1076,0
867,2138,0
867,1301,0
2138,1301,0
458,904,0
719,719,0
719,719,0
1657,703,0
1657,386,0
1657,236,0
1657,2075,0
1657,1175,0
1657,1988,0
1657,1144,0
1657,747,0
1657,277,0
1657,1188,0
703,386,0
703,236,0
703,2075,0
703,1175,0
703,1988,0
703,1144,0
703,747,0
703,277,0
703,1188,0
386,236,0
386,2075,0
386,1175,0
386,1988,0
386,1144,0
386,747,0
386,277,0
386,1188,0
236,2075,0
236,1175,0
236,1988,0
236,1144,0
236,747,0
236,277,0
236,1188,0
2075,1175,0
2075,1988,0
2075,1144,0
2075,747,0
2075,277,0
2075,1188,0
1175,1988,0
1175,1144,0
1175,747,0
1175,277,0
1175,1188,0
1988,1144,0
1988,747,0
1988,277,0
1988,1188,0
1144,747,0
1144,277,0
1144,1188,0
747,277,0
747,1188,0
277,1188,0
280,1757,0
458,458,0
399,399,0
1076,1076,0
150,1807,0
150,1024,0
1807,1024,0
1519,1519,0
695,2244,0
2089,2089,0
904,39,0
904,772,0
39,772,0
1076,1076,0
397,397,0
397,397,0
1670,386,0
1670,1988,0
386,1988,0
252,1366,0
252,347,0
1366,347,0
533,533,0
1349,1889,0
1686,1543,0
1333,1333,0
2092,2092,0
1433,460,0
903,277,0
224,224,0
399,399,0
1076,1076,0
565,565,0
665,665,0
230,230,0
397,397,0
987,987,0
1930,1930,0
397,397,0
2272,2272,0
719,719,0
397,397,0
1085,928,0
1657,1988,0
1657,386,0
1657,703,0
1988,386,0
1988,703,0
386,703,0
1821,1821,0
399,399,0
2272,2272,0
1076,1076,0
2042,399,0
803,803,0
565,565,0
380,380,0
2067,2067,0
1670,1657,0
1670,386,0
1670,1988,0
1657,386,0
1657,1988,0
386,1988,0
1433,1433,0
359,2134,0
359,782,0
2134,782,0
397,397,0
397,397,0
987,987,0
1048,1048,0
652,2115,0
747,747,0
779,1654,0
779,276,0
779,1850,0
779,1432,0
1654,276,0
1654,1850,0
1654,1432,0
276,1850,0
276,1432,0
1850,1432,0
987,987,0
2088,2088,0
1615,1615,0
240,240,0
2229,2229,0
987,987,0
2042,399,0
399,399,0
730,277,0
730,903,0
277,903,0
67,67,0
28,28,0
208,1366,0
1048,665,0
688,688,0
37,37,0
336,336,0
1366,644,0
1366,2252,0
1366,208,0
644,2252,0
644,208,0
2252,208,0
1127,1127,0
1550,508,0
1550,226,0
508,226,0
792,792,0
279,511,0
1976,1976,0
2139,2139,0
1455,736,0
803,803,0
803,803,0
367,626,0
2230,1297,0
1413,1413,0
2117,256,0
987,987,0
1340,207,0
1243,1243,0
2062,990,0
683,200,0
2012,399,0
399,1000,0
373,8,0
373,1599,0
373,1870,0
8,1599,0
8,1870,0
1599,1870,0
934,934,0
909,252,0
1781,1789,0
2165,678,0
300,300,0
1005,1262,0
1005,1965,0
1005,1445,0
1005,358,0
1262,1965,0
1262,1445,0
1262,358,0
1965,1445,0
1965,358,0
1445,358,0
312,803,0
160,1363,0
1224,1224,0
893,1396,0
751,603,0
840,1983,0
1076,1076,0
1978,1978,0
386,386,0
226,1900,0
226,2271,0
226,483,0
1900,2271,0
1900,483,0
2271,483,0
1547,1547,0
403,403,0
2228,2228,0
397,397,0
2134,2134,0
1670,1988,0
715,715,0
230,230,0
803,803,0
803,803,0
803,803,0
803,803,0
803,803,0
803,803,0
803,803,0
803,803,0
803,803,0
803,803,0
803,803,0
803,803,0
803,803,0
1301,1301,0
803,803,0
803,803,0
803,803,0
867,867,0
867,867,0
867,867,0
803,803,0
867,867,0
544,544,0
1662,1855,0
1662,293,0
1662,512,0
1662,720,0
1662,396,0
1662,1542,0
1662,1275,0
1855,293,0
1855,512,0
1855,720,0
1855,396,0
1855,1542,0
1855,1275,0
293,512,0
293,720,0
293,396,0
293,1542,0
293,1275,0
512,720,0
512,396,0
512,1542,0
512,1275,0
720,396,0
720,1542,0
720,1275,0
396,1542,0
396,1275,0
1542,1275,0
1936,1936,0
397,397,0
230,1064,0
230,230,0
230,476,0
2116,1952,0
695,695,0
452,452,0
67,67,0
230,230,0
2134,2134,0
987,987,0
309,309,0
1230,1230,0
542,1517,0
1952,1952,0
519,519,0
420,420,0
360,360,0
1863,1863,0
1562,1562,0
753,753,0
1064,397,0
1042,922,0
1042,743,0
922,743,0
2227,2227,0
1339,1339,0
759,896,0
1863,1863,0
1519,1519,0
1064,1064,0
1409,1409,0
2033,2033,0
1952,1600,0
1395,1395,0
332,332,0
1921,1921,0
812,812,0
857,857,0
1863,1863,0
1411,1411,0
1412,146,0
1412,1596,0
146,1596,0
1103,1103,0
725,725,0
222,1022,0
71,71,0
1382,1382,0
732,732,0
726,1304,0
726,543,0
726,2143,0
1304,543,0
1304,2143,0
543,2143,0
397,397,0
1760,1941,0
745,606,0
745,1875,0
606,1875,0
1295,1295,0
1419,665,0
1419,2068,0
665,2068,0
74,358,0
2142,2142,0
617,617,0
1534,1534,0
616,616,0
493,493,0
1763,1763,0
617,2169,0
218,218,0
1060,1060,0
1789,1083,0
2210,2096,0
2062,990,0
1751,1751,0
1884,1884,0
987,1078,0
1783,1536,0
1783,403,0
1536,403,0
650,650,0
904,904,0
67,514,0
1409,1169,0
1409,421,0
1169,421,0
780,767,0
780,2152,0
767,2152,0
993,1536,0
993,403,0
993,1783,0
1536,403,0
1536,1783,0
403,1783,0
614,2270,0
724,724,0
514,797,0
904,1253,0
403,403,0
67,1719,0
67,514,0
1719,514,0
1392,1126,0
1392,2003,0
1392,50,0
1126,2003,0
1126,50,0
2003,50,0
2163,1126,0
2163,2003,0
2163,50,0
1126,2003,0
1126,50,0
2003,50,0
993,1783,0
993,1536,0
1783,1536,0
514,67,0
594,904,0
1504,1224,0
514,1713,0
514,1023,0
1713,1023,0
2282,1719,0
2282,1023,0
1719,1023,0
1748,1783,0
1748,993,0
1783,993,0
594,904,0
67,67,0
171,1444,0
171,600,0
171,1693,0
1444,600,0
1444,1693,0
600,1693,0
50,1366,0
50,768,0
1366,768,0
67,67,0
67,67,0
1783,1748,0
1783,993,0
1748,993,0
1366,50,0
2003,2003,0
67,514,0
67,1409,0
67,2192,0
67,921,0
67,2270,0
67,598,0
514,1409,0
514,2192,0
514,921,0
514,2270,0
514,598,0
1409,2192,0
1409,921,0
1409,2270,0
1409,598,0
2192,921,0
2192,2270,0
2192,598,0
921,2270,0
921,598,0
2270,598,0
67,514,0
67,1409,0
67,2192,0
67,921,0
67,2270,0
67,598,0
514,1409,0
514,2192,0
514,921,0
514,2270,0
514,598,0
1409,2192,0
1409,921,0
1409,2270,0
1409,598,0
2192,921,0
2192,2270,0
2192,598,0
921,2270,0
921,598,0
2270,598,0
2003,2003,0
277,191,0
260,2002,0
933,933,0
1036,67,0
1036,1719,0
67,1719,0
2003,2003,0
67,791,0
1942,1153,0
209,267,0
904,1476,0
1153,1942,0
1224,1521,0
410,410,0
904,904,0
904,992,0
1722,1722,0
1722,1722,0
1065,1065,0
1153,1942,0
1722,1488,0
1722,144,0
1488,144,0
933,933,0
1123,50,0
1123,1366,0
1123,576,0
50,1366,0
50,576,0
1366,576,0
1289,1988,0
1289,576,0
1988,576,0
67,247,0
992,992,0
1146,1224,0
1066,737,0
1066,2270,0
1066,1153,0
737,2270,0
737,1153,0
2270,1153,0
992,992,0
221,148,0
221,2278,0
221,148,0
221,86,0
2278,148,0
2278,86,0
148,86,0
1483,191,0
1483,656,0
191,656,0
956,191,0
1917,1917,0
1722,1722,0
576,2003,0
576,50,0
576,1289,0
2003,50,0
2003,1289,0
50,1289,0
1319,2070,0
724,454,0
1118,1118,0
277,1988,0
277,703,0
1988,703,0
1380,261,0
1380,880,0
261,880,0
1146,1224,0
1114,1114,0
924,191,0
924,1472,0
191,1472,0
933,1189,0
933,307,0
933,1507,0
1189,307,0
1189,1507,0
307,1507,0
2063,1988,0
933,808,0
933,580,0
933,307,0
808,580,0
808,307,0
580,307,0
1713,1713,0
1162,1118,0
94,724,0
94,454,0
724,454,0
221,148,0
221,86,0
148,86,0
1713,1713,0
1238,1734,0
1238,1722,0
1734,1722,0
523,380,0
2003,2003,0
2197,2197,0
67,771,0
454,724,0
1483,191,0
1483,164,0
1483,982,0
191,164,0
191,982,0
164,982,0
454,724,0
454,1432,0
454,1293,0
724,1432,0
724,1293,0
1432,1293,0
536,454,0
536,724,0
454,724,0
1146,1224,0
2032,50,0
2282,2282,0
2215,2270,0
1942,1867,0
346,1066,0
346,1153,0
346,2270,0
1066,1153,0
1066,2270,0
1153,2270,0
584,724,0
2134,542,0
2134,1517,0
542,1517,0
67,636,0
89,89,0
1401,2246,0
1063,1063,0
1713,1713,0
307,307,0
166,67,0
247,636,0
247,2111,0
636,2111,0
1649,1649,0
1713,1713,0
371,209,0
371,1038,0
209,1038,0
1153,1153,0
1153,1950,0
67,1801,0
1988,703,0
1988,1289,0
703,1289,0
380,380,0
380,380,0
1487,22,0
1487,851,0
1487,562,0
1487,2013,0
1487,156,0
1487,1893,0
1487,2008,0
22,851,0
22,562,0
22,2013,0
22,156,0
22,1893,0
22,2008,0
851,562,0
851,2013,0
851,156,0
851,1893,0
851,2008,0
562,2013,0
562,156,0
562,1893,0
562,2008,0
2013,156,0
2013,1893,0
2013,2008,0
156,1893,0
156,2008,0
1893,2008,0
614,437,0
794,1224,0
904,904,0
67,67,0
291,291,0
1713,1713,0
221,148,0
221,86,0
148,86,0
67,67,0
1713,1098,0
371,1830,0
1224,1464,0
1464,1224,0
150,1394,0
150,769,0
1394,769,0
1713,1713,0
515,1373,0
1153,1153,0
1669,867,0
2282,2282,0
307,307,0
67,67,0
2063,1946,0
2063,472,0
1946,472,0
307,307,0
307,307,0
1741,1741,0
1713,1713,0
678,1607,0
1150,1224,0
1094,1030,0
18,520,0
923,923,0
1733,1733,0
1193,1193,0
128,128,0
439,42,0
439,1466,0
42,1466,0
546,546,0
33,33,0
491,491,0
651,651,0
932,932,0
1370,1370,0
2064,2064,0
1762,1762,0
1883,130,0
14,14,0
1007,1007,0
2277,2277,0
307,307,0
307,307,0
1142,75,0
1142,1967,0
75,1967,0
504,504,0
1195,2151,0
1195,1203,0
2151,1203,0
866,866,0
497,80,0
1833,2145,0
1833,19,0
2145,19,0
1945,1945,0
1128,957,0
1447,1447,0
1181,1181,0
863,1918,0
1459,1479,0
1268,1268,0
2264,2264,0
1358,1358,0
957,957,0
1332,1332,0
974,1106,0
974,1522,0
1106,1522,0
1894,1894,0
2114,2114,0
689,689,0
1373,371,0
1271,2044,0
1741,1741,0
1441,1441,0
69,69,0
1834,494,0
1834,1565,0
1834,1563,0
494,1565,0
494,1563,0
1565,1563,0
2056,591,0
2056,100,0
591,100,0
488,1857,0
828,1034,0
1755,485,0
1755,697,0
1755,1357,0
485,697,0
485,1357,0
697,1357,0
1776,282,0
1776,324,0
1776,1173,0
1776,479,0
282,324,0
282,1173,0
282,479,0
324,1173,0
324,479,0
1173,479,0
1799,1799,0
1541,2287,0
1097,1097,0
1741,1741,0
695,695,0
1397,1397,0
1074,837,0
1074,2171,0
837,2171,0
467,687,0
467,2118,0
687,2118,0
1209,563,0
1209,1621,0
1209,914,0
563,1621,0
563,914,0
1621,914,0
356,2079,0
356,1668,0
2079,1668,0
2029,1036,0
1660,2256,0
1660,1167,0
2256,1167,0
1948,1957,0
1948,1951,0
1957,1951,0
103,103,0
1918,863,0
1918,30,0
863,30,0
1897,289,0
1897,67,0
289,67,0
1207,2258,0
739,418,0
540,1729,0
516,1558,0
516,1165,0
1558,1165,0
446,2097,0
165,165,0
1201,1201,0
1568,787,0
1568,1840,0
787,1840,0
1666,85,0
1666,381,0
1666,845,0
85,381,0
85,845,0
381,845,0
1784,1784,0
548,548,0
49,1176,0
1003,2010,0
529,1646,0
2224,2224,0
718,356,0
718,500,0
356,500,0
366,366,0
46,46,0
53,471,0
53,885,0
471,885,0
18,18,0
307,307,0
1911,1911,0
257,938,0
257,537,0
938,537,0
326,326,0
1399,1399,0
1406,1406,0
1802,1947,0
1802,1569,0
1947,1569,0
1153,1942,0
1775,1989,0
1775,389,0
1775,1128,0
1989,389,0
1989,1128,0
389,1128,0
2170,58,0
2181,1053,0
2181,2194,0
2181,484,0
2181,2252,0
2181,1768,0
1053,2194,0
1053,484,0
1053,2252,0
1053,1768,0
2194,484,0
2194,2252,0
2194,1768,0
484,2252,0
484,1768,0
2252,1768,0
1014,627,0
2155,2155,0
2201,2201,0
2264,566,0
2264,250,0
2264,1754,0
2264,1470,0
2264,1698,0
2264,1982,0
2264,1344,0
2264,402,0
2264,1272,0
566,250,0
566,1754,0
566,1470,0
566,1698,0
566,1982,0
566,1344,0
566,402,0
566,1272,0
250,1754,0
250,1470,0
250,1698,0
250,1982,0
250,1344,0
250,402,0
250,1272,0
1754,1470,0
1754,1698,0
1754,1982,0
1754,1344,0
1754,402,0
1754,1272,0
1470,1698,0
1470,1982,0
1470,1344,0
1470,402,0
1470,1272,0
1698,1982,0
1698,1344,0
1698,402,0
1698,1272,0
1982,1344,0
1982,402,0
1982,1272,0
1344,402,0
1344,1272,0
402,1272,0
1324,1443,0
1324,1389,0
1324,176,0
1443,1389,0
1443,176,0
1389,176,0
1167,1167,0
655,1503,0
655,811,0
1503,811,0
872,872,0
1791,1841,0
1791,674,0
1841,674,0
1813,1813,0
1409,1169,0
1409,1282,0
1169,1282,0
827,2220,0
827,1797,0
827,510,0
2220,1797,0
2220,510,0
1797,510,0
2069,81,0
2069,899,0
2069,1426,0
81,899,0
81,1426,0
899,1426,0
141,1840,0
67,67,0
2263,904,0
1764,1764,0
2269,2269,0
1287,1151,0
1792,222,0
1532,2054,0
328,577,0
328,1508,0
577,1508,0
648,863,0
648,1143,0
648,201,0
863,1143,0
863,201,0
1143,201,0
665,791,0
992,992,0
1036,2134,0
788,788,0
970,970,0
1954,804,0
1954,633,0
1954,538,0
804,633,0
804,538,0
633,538,0
121,1595,0
121,1639,0
121,615,0
1595,1639,0
1595,615,0
1639,615,0
883,30,0
883,15,0
30,15,0
1659,832,0
1659,662,0
832,662,0
647,1958,0
647,112,0
1958,112,0
746,1403,0
1843,1916,0
1843,238,0
1843,445,0
1916,238,0
1916,445,0
238,445,0
1019,678,0
1058,1174,0
1308,38,0
470,2234,0
744,744,0
444,444,0
1132,244,0
1132,1429,0
244,1429,0
2238,1386,0
2238,599,0
1386,599,0
1019,699,0
1310,2211,0
1310,2052,0
1310,1820,0
1310,1057,0
2211,2052,0
2211,1820,0
2211,1057,0
2052,1820,0
2052,1057,0
1820,1057,0
664,1420,0
664,109,0
1420,109,0
320,320,0
1122,111,0
919,1071,0
69,1286,0
1641,902,0
1641,677,0
902,677,0
803,803,0
2170,58,0
1709,1709,0
681,1315,0
681,1481,0
1315,1481,0
788,788,0
1499,1499,0
1178,1679,0
1381,1381,0
2106,2106,0
704,2060,0
704,489,0
2060,489,0
1603,2021,0
1603,1601,0
1603,1961,0
2021,1601,0
2021,1961,0
1601,1961,0
1994,2288,0
1994,1711,0
2288,1711,0
1258,2120,0
1538,609,0
1538,1145,0
609,1145,0
1431,2156,0
823,361,0
870,870,0
2282,2282,0
2213,2213,0
1284,1153,0
1792,129,0
756,669,0
2032,2252,0
2032,484,0
2032,50,0
2252,484,0
2252,50,0
484,50,0
2094,1375,0
2094,102,0
2094,831,0
1375,102,0
1375,831,0
102,831,0
18,18,0
2267,2267,0
2268,2234,0
2268,1361,0
2234,1361,0
2221,1385,0
2221,1535,0
2221,136,0
1385,1535,0
1385,136,0
1535,136,0
35,1851,0
35,1839,0
1851,1839,0
1008,1795,0
866,866,0
66,66,0
405,405,0
539,1705,0
803,2260,0
803,867,0
803,1301,0
803,1150,0
803,1224,0
803,678,0
803,2138,0
2260,867,0
2260,1301,0
2260,1150,0
2260,1224,0
2260,678,0
2260,2138,0
867,1301,0
867,1150,0
867,1224,0
867,678,0
867,2138,0
1301,1150,0
1301,1224,0
1301,678,0
1301,2138,0
1150,1224,0
1150,678,0
1150,2138,0
1224,678,0
1224,2138,0
678,2138,0
850,802,0
850,691,0
850,447,0
691,447,0
562,187,0
562,1893,0
562,1510,0
562,1815,0
187,1893,0
187,1510,0
187,1815,0
1893,1510,0
1893,1815,0
1510,1815,0
1673,773,0
1673,630,0
773,630,0
1799,1799,0
1393,501,0
1707,229,0
1158,1617,0
1,67,0
1888,1398,0
1435,963,0
1435,270,0
1435,1093,0
1435,775,0
1435,1583,0
963,270,0
963,1093,0
963,775,0
963,1583,0
270,1093,0
270,775,0
270,1583,0
1093,775,0
1093,1583,0
775,1583,0
2144,1626,0
1498,1498,0
92,1424,0
92,513,0
92,1866,0
1424,513,0
1424,1866,0
513,1866,0
231,557,0
231,1213,0
231,343,0
231,1859,0
557,1213,0
557,343,0
557,1859,0
1213,343,0
1213,1859,0
343,1859,0
1456,1160,0
1456,521,0
1160,521,0
1206,666,0
1835,1835,0
1814,25,0
1814,1878,0
1814,2119,0
25,1878,0
25,2119,0
1878,2119,0
353,517,0
353,318,0
517,318,0
1114,1874,0
2203,2203,0
1280,205,0
1814,2119,0
1814,1879,0
1814,2237,0
1814,1485,0
2119,1879,0
2119,2237,0
2119,1485,0
1879,2237,0
1879,1485,0
2237,1485,0
718,802,0
1134,1134,0
758,2222,0
758,375,0
758,1523,0
2222,375,0
2222,1523,0
375,1523,0
830,1044,0
830,2179,0
1044,2179,0
478,478,0
448,1059,0
882,1817,0
882,2014,0
1817,2014,0
1594,1780,0
1594,1254,0
1780,1254,0
1864,1864,0
1741,1741,0
2099,1602,0
2099,1501,0
1602,1501,0
2209,1872,0
2209,1210,0
1872,1210,0
1838,957,0
1567,735,0
1567,1625,0
735,1625,0
67,1036,0
1632,980,0
1632,1079,0
1632,742,0
1632,1909,0
1632,170,0
980,1079,0
980,742,0
980,1909,0
980,170,0
1079,742,0
1079,1909,0
1079,170,0
742,1909,0
742,170,0
1909,170,0
1560,1560,0
1860,1985,0
1860,1868,0
1860,1379,0
1985,1868,0
1985,1379,0
1868,1379,0
1774,1491,0
1914,1914,0
826,591,0
611,524,0
2125,2136,0
753,753,0
729,1683,0
729,2180,0
1683,2180,0
1733,1733,0
1298,1939,0
607,1903,0
607,1448,0
1903,1448,0
1301,1224,0
715,715,0
1220,1220,0
1680,1372,0
1680,26,0
1680,1121,0
1372,26,0
1372,1121,0
26,1121,0
1513,1248,0
1513,597,0
1248,597,0
1513,1248,0
1513,597,0
1248,597,0
2162,2225,0
1816,1497,0
1816,2240,0
1816,40,0
1497,2240,0
1497,40,0
2240,40,0
287,1008,0
561,1896,0
505,1964,0
505,1124,0
1964,1124,0
2167,1891,0
1827,1827,0
1138,1474,0
2046,2007,0
2046,315,0
2007,315,0
786,1081,0
786,349,0
1081,349,0
1021,299,0
570,774,0
2275,2275,0
777,1968,0
772,39,0
772,904,0
772,2154,0
39,904,0
39,2154,0
904,2154,0
1980,1753,0
839,459,0
839,1773,0
459,1773,0
482,952,0
482,423,0
482,740,0
952,423,0
952,740,0
423,740,0
715,715,0
1577,272,0
1577,1847,0
272,1847,0
2197,2197,0
1139,1139,0
665,2029,0
2264,1665,0
351,2123,0
351,1125,0
2123,1125,0
903,3,0
903,277,0
903,1988,0
903,1126,0
903,179,0
3,277,0
3,1988,0
3,1126,0
3,179,0
277,1988,0
277,1126,0
277,179,0
1988,1126,0
1988,179,0
1126,179,0
464,126,0
2283,59,0
1570,1439,0
1570,628,0
1570,1182,0
1439,628,0
1439,1182,0
628,1182,0
1568,590,0
1568,972,0
590,972,0
55,1974,0
55,1635,0
1974,1635,0
1360,1360,0
790,995,0
2177,1670,0
2177,1988,0
1670,1988,0
1149,527,0
392,2231,0
392,658,0
2231,658,0
151,495,0
1895,850,0
307,307,0
347,50,0
1161,1180,0
2175,2059,0
931,2035,0
931,1296,0
2035,1296,0
1421,431,0
1421,1887,0
431,1887,0
1727,918,0
1119,149,0
1119,2037,0
1119,1225,0
149,2037,0
149,1225,0
2037,1225,0
1436,2031,0
1436,180,0
2031,180,0
1836,1842,0
2017,6,0
850,2085,0
850,447,0
2085,447,0
1110,1706,0
1110,2048,0
1110,988,0
1110,314,0
1706,2048,0
1706,988,0
1706,314,0
2048,988,0
2048,314,0
988,314,0
568,568,0
14,14,0
95,2159,0
1244,2036,0
1244,1102,0
2036,1102,0
398,308,0
398,2080,0
308,2080,0
1425,1425,0
901,2287,0
901,1141,0
2287,1141,0
108,1935,0
108,313,0
108,2071,0
1935,313,0
1935,2071,0
313,2071,0
234,2028,0
234,793,0
234,552,0
2028,793,0
2028,552,0
793,552,0
650,665,0
1114,1114,0
1898,1898,0
427,1036,0
427,514,0
1036,514,0
1881,678,0
1585,1697,0
560,560,0
307,307,0
234,234,0
1656,1758,0
1656,1120,0
1656,1688,0
1758,1120,0
1758,1688,0
1120,1688,0
992,992,0
1307,2184,0
1307,197,0
2184,197,0
1545,135,0
591,412,0
591,1971,0
412,1971,0
2258,1511,0
645,937,0
2273,2273,0
196,968,0
196,348,0
968,348,0
1171,1194,0
1171,281,0
1194,281,0
1188,386,0
1188,596,0
386,596,0
1811,1702,0
1194,1582,0
1194,1314,0
1194,877,0
1194,1171,0
1582,1314,0
1582,877,0
1582,1171,0
1314,877,0
1314,1171,0
877,1171,0
410,322,0
410,2032,0
322,2032,0
2153,1986,0
1638,1638,0
1367,573,0
971,971,0
660,795,0
660,376,0
795,376,0
715,1418,0
715,764,0
1418,764,0
1123,876,0
1,67,0
1869,1682,0
1759,864,0
1759,1620,0
864,1620,0
1490,937,0
398,2080,0
398,308,0
2080,308,0
958,1338,0
819,819,0
1554,937,0
2164,2233,0
2164,1589,0
2233,1589,0
1037,1037,0
422,1109,0
422,2203,0
422,419,0
1109,2203,0
1109,419,0
2203,419,0
1436,2031,0
1436,180,0
2031,180,0
178,1198,0
178,1529,0
178,175,0
178,526,0
178,741,0
1198,1529,0
1198,175,0
1198,526,0
1198,741,0
1529,175,0
1529,526,0
1529,741,0
175,526,0
175,741,0
526,741,0
1044,2179,0
1044,185,0
2179,185,0
930,930,0
961,613,0
192,761,0
882,882,0
450,450,0
1449,1449,0
894,894,0
1862,941,0
1862,895,0
1862,1963,0
941,895,0
941,1963,0
895,1963,0
1019,96,0
1072,294,0
1072,1695,0
294,1695,0
1898,1367,0
534,113,0
690,690,0
171,171,0
1238,1238,0
436,1528,0
436,7,0
436,1346,0
1528,7,0
1528,1346,0
7,1346,0
2032,1810,0
2032,283,0
2032,806,0
2032,50,0
1810,283,0
1810,806,0
1810,50,0
283,806,0
283,50,0
806,50,0
571,212,0
1168,1716,0
1435,1241,0
1435,1829,0
1435,564,0
1435,1328,0
1435,87,0
1241,1829,0
1241,564,0
1241,1328,0
1241,87,0
1829,564,0
1829,1328,0
1829,87,0
564,1328,0
564,87,0
1328,87,0
253,1212,0
253,1953,0
1212,1953,0
1670,954,0
1670,386,0
954,386,0
1540,1245,0
1739,634,0
1739,2197,0
634,2197,0
637,1051,0
637,1777,0
1051,1777,0
1036,1649,0
1036,427,0
1036,1555,0
1036,182,0
1036,232,0
1649,427,0
1649,1555,0
1649,182,0
1649,232,0
427,1555,0
427,182,0
427,232,0
1555,182,0
1555,232,0
182,232,0
1515,2133,0
1515,2132,0
2133,2132,0
785,372,0
785,1438,0
372,1438,0
410,410,0
663,1929,0
1284,1153,0
802,850,0
456,1694,0
456,2051,0
1694,2051,0
850,1647,0
850,2176,0
1647,2176,0
1927,1591,0
2016,67,0
283,2032,0
283,50,0
283,79,0
283,1070,0
2032,50,0
2032,79,0
2032,1070,0
50,79,0
50,1070,0
79,1070,0
568,568,0
1427,1061,0
1427,449,0
1061,449,0
916,2058,0
2265,1373,0
246,2132,0
246,363,0
246,1446,0
246,916,0
2132,363,0
2132,1446,0
2132,916,0
363,1446,0
363,916,0
1446,916,0
499,1933,0
499,820,0
1933,820,0
1981,415,0
1449,984,0
545,545,0
2083,1483,0
735,353,0
1622,1973,0
1622,90,0
1973,90,0
41,41,0
509,502,0
796,1598,0
796,676,0
796,2108,0
796,2039,0
1598,676,0
1598,2108,0
1598,2039,0
676,2108,0
676,2039,0
2108,2039,0
1450,1205,0
1811,1756,0
352,983,0
1890,1710,0
1890,214,0
1710,214,0
350,1409,0
350,2134,0
1409,2134,0
252,252,0
386,117,0
667,1428,0
667,1004,0
1428,1004,0
1768,1772,0
1768,2181,0
1768,947,0
1768,809,0
1768,1342,0
1772,2181,0
1772,947,0
1772,809,0
1772,1342,0
2181,947,0
2181,809,0
2181,1342,0
947,809,0
947,1342,0
809,1342,0
1352,426,0
1117,1117,0
588,588,0
1347,2024,0
210,898,0
1463,1463,0
1,67,0
194,45,0
1532,143,0
1532,2030,0
143,2030,0
1532,143,0
1532,2030,0
143,2030,0
554,1732,0
552,1880,0
552,2226,0
552,1255,0
1880,2226,0
1880,1255,0
2226,1255,0
1876,98,0
1876,1678,0
1876,413,0
1876,2188,0
1876,1185,0
98,1678,0
98,413,0
98,2188,0
98,1185,0
1678,413,0
1678,2188,0
1678,1185,0
413,2188,0
413,1185,0
2188,1185,0
1196,161,0
1400,1782,0
2257,1575,0
410,1015,0
198,965,0
198,1962,0
965,1962,0
848,2232,0
848,1980,0
848,2206,0
848,1753,0
2232,1980,0
2232,2206,0
2232,1753,0
1980,2206,0
1980,1753,0
2206,1753,0
1347,2024,0
1515,2133,0
1515,2132,0
2133,2132,0
1467,1467,0
1515,1793,0
1515,1322,0
1515,2132,0
1793,1322,0
1793,2132,0
1322,2132,0
547,288,0
1789,386,0
1789,747,0
386,747,0
953,1494,0
953,1873,0
1494,1873,0
1374,2055,0
1374,1348,0
2055,1348,0
1767,265,0
1767,434,0
265,434,0
1604,1690,0
1773,325,0
2040,842,0
1043,873,0
1043,1163,0
1043,800,0
873,1163,0
873,800,0
1163,800,0
976,1104,0
976,1539,0
1104,1539,0
2202,1512,0
1613,1045,0
1613,142,0
1613,1720,0
1045,142,0
1045,1720,0
142,1720,0
1856,1643,0
1822,1004,0
1822,1435,0
1004,1435,0
1416,329,0
1416,469,0
1416,2147,0
329,469,0
329,2147,0
469,2147,0
1676,850,0
1223,353,0
1223,735,0
353,735,0
1449,984,0
953,2250,0
953,716,0
953,1681,0
2250,716,0
2250,1681,0
716,1681,0
319,177,0
319,1217,0
319,1553,0
319,1505,0
177,1217,0
177,1553,0
177,1505,0
1217,1553,0
1217,1505,0
1553,1505,0
1885,1915,0
1885,2148,0
1885,1803,0
1915,2148,0
1915,1803,0
2148,1803,0
551,473,0
551,1645,0
473,1645,0
1369,1369,0
2095,407,0
807,2191,0
807,449,0
2191,449,0
862,2185,0
862,2207,0
2185,2207,0
1204,237,0
1204,951,0
237,951,0
1526,535,0
2093,140,0
2093,925,0
2093,277,0
140,925,0
140,277,0
925,277,0
1909,980,0
1909,1632,0
1909,1079,0
980,1632,0
980,1079,0
1632,1079,0
451,451,0
29,67,0
29,661,0
67,661,0
2197,2173,0
1581,2182,0
4,1486,0
4,2214,0
4,2243,0
1486,2214,0
1486,2243,0
2214,2243,0
1020,1420,0
1020,219,0
1420,219,0
1835,275,0
571,1655,0
571,186,0
1655,186,0
1276,124,0
1347,2024,0
1486,643,0
1486,2214,0
643,2214,0
908,642,0
908,168,0
642,168,0
2045,67,0
2045,661,0
67,661,0
585,2078,0
585,118,0
2078,118,0
57,57,0
904,904,0
942,1560,0
942,892,0
1560,892,0
990,120,0
1630,2032,0
1630,595,0
2032,595,0
1588,1223,0
1588,735,0
1588,353,0
1223,735,0
1223,353,0
735,353,0
862,1724,0
67,679,0
1002,678,0
386,1188,0
386,377,0
1188,377,0
978,138,0
410,679,0
410,1015,0
679,1015,0
2284,1544,0
2284,1036,0
2284,1649,0
1544,1036,0
1544,1649,0
1036,1649,0
252,316,0
252,386,0
316,386,0
653,653,0
326,145,0
326,1409,0
145,1409,0
735,1425,0
735,1223,0
735,1023,0
1425,1223,0
1425,1023,0
1223,1023,0
67,202,0
1728,1995,0
1329,1334,0
1329,1402,0
1334,1402,0
2284,706,0
2284,1153,0
706,1153,0
171,1658,0
171,1792,0
1658,1792,0
1623,1785,0
468,65,0
468,1047,0
65,1047,0
1329,1329,0
1633,1792,0
1633,2199,0
1792,2199,0
1267,734,0
1267,1006,0
1267,137,0
1267,2026,0
734,1006,0
734,137,0
734,2026,0
1006,137,0
1006,2026,0
137,2026,0
821,1578,0
821,113,0
1578,113,0
78,1858,0
940,277,0
940,903,0
277,903,0
1713,1794,0
661,858,0
992,992,0
316,386,0
316,252,0
316,1988,0
386,252,0
386,1988,0
252,1988,0
1650,1320,0
553,1249,0
553,113,0
553,441,0
553,271,0
553,556,0
553,477,0
1249,113,0
1249,441,0
1249,271,0
1249,556,0
1249,477,0
113,441,0
113,271,0
113,556,0
113,477,0
441,271,0
441,556,0
441,477,0
271,556,0
271,477,0
556,477,0
1388,703,0
1388,1670,0
703,1670,0
623,1223,0
623,735,0
623,353,0
1223,735,0
1223,353,0
735,353,0
534,334,0
401,1631,0
401,2197,0
1631,2197,0
915,353,0
1311,1114,0
1311,891,0
1114,891,0
1131,623,0
1131,157,0
1131,1223,0
1131,353,0
1131,735,0
623,157,0
623,1223,0
623,353,0
623,735,0
157,1223,0
157,353,0
157,735,0
1223,353,0
1223,735,0
353,735,0
1730,1730,0
1083,386,0
1083,2177,0
1083,1789,0
386,2177,0
386,1789,0
2177,1789,0
755,1179,0
755,67,0
1179,67,0
72,1902,0
72,514,0
72,391,0
1902,514,0
1902,391,0
514,391,0
1237,1237,0
1179,679,0
1179,1651,0
1179,410,0
679,1651,0
679,410,0
1651,410,0
1299,1092,0
1299,1353,0
1299,2197,0
1092,1353,0
1092,2197,0
1353,2197,0
967,967,0
728,728,0
67,67,0
440,2208,0
440,585,0
440,1249,0
2208,585,0
2208,1249,0
585,1249,0
1468,2076,0
1468,815,0
1468,1783,0
2076,815,0
2076,1783,0
815,1783,0
1544,1544,0
1036,427,0
1036,2134,0
1036,514,0
1036,2029,0
427,2134,0
427,514,0
427,2029,0
2134,514,0
2134,2029,0
514,2029,0
1634,1634,0
1719,394,0
602,602,0
2103,1649,0
2103,1082,0
2103,874,0
1649,1082,0
1649,874,0
1082,874,0
2146,707,0
2146,1506,0
2146,277,0
2146,940,0
2146,1033,0
707,1506,0
707,277,0
707,940,0
707,1033,0
1506,277,0
1506,940,0
1506,1033,0
277,940,0
277,1033,0
940,1033,0
492,1359,0
492,2087,0
1359,2087,0
675,1169,0
992,992,0
1451,668,0
1451,159,0
1451,1489,0
1451,990,0
1451,868,0
1451,861,0
1451,1321,0
1451,506,0
668,159,0
668,1489,0
668,990,0
668,868,0
668,861,0
668,1321,0
668,506,0
159,1489,0
159,990,0
159,868,0
159,861,0
159,1321,0
159,506,0
1489,990,0
1489,868,0
1489,861,0
1489,1321,0
1489,506,0
990,868,0
990,861,0
990,1321,0
990,506,0
868,861,0
868,1321,0
868,506,0
861,1321,0
861,506,0
1321,506,0
1150,1224,0
703,1988,0
703,277,0
1988,277,0
1018,191,0
221,148,0
221,86,0
148,86,0
291,291,0
1018,1018,0
990,1579,0
990,1321,0
1579,1321,0
367,367,0
410,410,0
221,86,0
221,424,0
86,424,0
307,307,0
849,849,0
307,307,0
1106,494,0
439,439,0
578,1435,0
18,307,0
577,1435,0
1368,1446,0
1368,1922,0
1446,1922,0
125,125,0
1713,1704,0
1713,1749,0
1713,1854,0
1713,891,0
1713,846,0
1704,1749,0
1704,1854,0
1704,891,0
1704,846,0
1749,1854,0
1749,891,0
1749,846,0
1854,891,0
1854,846,0
891,846,0
449,449,0
1387,1387,0
1749,1749,0
708,708,0
83,83,0
29,29,0
942,942,0
480,480,0
1984,1984,0
2107,2107,0
1409,1409,0
1409,1409,0
2077,22,0
2077,562,0
22,562,0
1409,1409,0
992,307,0
992,834,0
992,191,0
834,191,0
1500,926,0
144,1153,0
144,1722,0
1153,1722,0
1153,144,0
1153,1722,0
144,1722,0
82,82,0
2077,22,0
2077,2134,0
22,2134,0
1153,1722,0
1153,144,0
1153,1722,0
144,1722,0
144,1153,0
144,1722,0
1153,1722,0
1722,144,0
1722,1153,0
144,1153,0
425,1153,0
425,1722,0
1153,1722,0
1153,1722,0
1153,144,0
1722,144,0
1036,996,0
1247,1247,0
144,1722,0
144,1153,0
1722,1153,0
904,291,0
1409,1409,0
1942,1153,0
1942,144,0
1153,144,0
425,1153,0
1323,1323,0
1722,1488,0
1722,1153,0
1722,144,0
1488,1153,0
1488,144,0
1153,144,0
82,82,0
1378,1612,0
1378,1991,0
1612,1991,0
1153,1942,0
277,277,0
1153,1942,0
1153,144,0
1942,144,0
1409,1409,0
430,1928,0
430,1923,0
430,1608,0
1928,1923,0
1928,1608,0
1923,1608,0
1153,1942,0
1153,1942,0
1942,1153,0
395,1265,0
144,1722,0
144,1153,0
1722,1153,0
144,1722,0
144,1153,0
1722,1153,0
1146,1224,0
1146,1422,0
1224,1422,0
880,2270,0
880,1737,0
2270,1737,0
2216,1844,0
2216,2019,0
2216,2266,0
1844,2019,0
1844,2266,0
2019,2266,0
2266,1844,0
2266,2019,0
2266,2216,0
1844,2019,0
1844,2216,0
2019,2216,0
1722,1488,0
1722,144,0
1488,144,0
2274,2274,0
2019,768,0
2019,2216,0
2019,2266,0
768,2216,0
768,2266,0
2216,2266,0
1488,1722,0
1713,1719,0
172,712,0
1089,724,0
307,307,0
1247,1932,0
1247,1663,0
1247,721,0
1932,1663,0
1932,721,0
1663,721,0
1799,1799,0
1229,1229,0
549,549,0
307,307,0
1103,1844,0
1305,1305,0
1870,768,0
1870,267,0
768,267,0
2274,2274,0
2274,2274,0
1560,1560,0
67,67,0
172,172,0
562,562,0
1870,768,0
2216,1844,0
2216,2266,0
1844,2266,0
1028,1028,0
1197,1722,0
799,799,0
2197,2197,0
2223,2223,0
673,673,0
1722,89,0
291,291,0
1871,1871,0
1818,1496,0
1818,241,0
1496,241,0
89,1722,0
1722,89,0
1560,1560,0
528,267,0
528,1129,0
267,1129,0
1719,1719,0
1719,1719,0
1150,1150,0
1722,1722,0
89,1722,0
67,67,0
1605,990,0
1238,1722,0
172,335,0
172,1477,0
335,1477,0
1028,1028,0
1153,1942,0
1153,1987,0
1942,1987,0
1649,1649,0
1649,1649,0
410,410,0
1934,1259,0
1934,2238,0
1934,559,0
1259,2238,0
1259,559,0
2238,559,0
67,67,0
1942,1942,0
1153,1153,0
67,514,0
67,67,0
67,67,0
850,2065,0
850,355,0
2065,355,0
1672,1672,0
2057,6,0
2057,1313,0
6,1313,0
1770,1113,0
1770,2212,0
1770,365,0
1770,569,0
1113,2212,0
1113,365,0
1113,569,0
2212,365,0
2212,569,0
365,569,0
987,2134,0
987,900,0
2134,900,0
391,2029,0
2192,921,0
2192,1155,0
921,1155,0
1988,2127,0
67,67,0
650,1242,0
1146,1224,0
1584,86,0
1584,453,0
86,453,0
750,2073,0
750,2178,0
750,306,0
2073,2178,0
2073,306,0
2178,306,0
1229,1229,0
1988,2063,0
1988,1144,0
2063,1144,0
1366,1123,0
1366,50,0
1366,1144,0
1123,50,0
1123,1144,0
50,1144,0
1472,191,0
1472,104,0
191,104,0
2084,2084,0
399,1988,0
1116,1525,0
1116,483,0
1525,483,0
939,1899,0
2063,1988,0
2063,1997,0
1988,1997,0
1741,1741,0
657,657,0
1942,1942,0
715,67,0
703,703,0
2032,408,0
715,67,0
946,1114,0
277,592,0
1154,907,0
1114,1943,0
1435,67,0
1037,1037,0
1484,1435,0
1484,916,0
1435,916,0
880,67,0
880,2281,0
67,2281,0
404,621,0
1347,2024,0
667,1004,0
880,880,0
67,784,0
67,474,0
67,249,0
67,618,0
784,474,0
784,249,0
784,618,0
474,249,0
474,618,0
249,618,0
1329,1334,0
1329,1402,0
1334,1402,0
1614,455,0
1988,1988,0
1018,1018,0
1867,1153,0
1741,1741,0
1741,1741,0
67,67,0
67,67,0
448,448,0
810,1809,0
2032,408,0
1362,18,0
1362,307,0
18,307,0
1670,1988,0
1670,1966,0
1988,1966,0
1955,1955,0
44,1929,0
817,5,0
817,67,0
5,67,0
60,1495,0
60,997,0
1495,997,0
817,5,0
817,67,0
5,67,0
397,397,0
1226,1226,0
1924,64,0
1924,1140,0
64,1140,0
1355,235,0
127,1050,0
836,927,0
836,1040,0
927,1040,0
1924,1924,0
1846,962,0
235,235,0
1845,1845,0
1882,572,0
1882,1825,0
572,1825,0
1637,1137,0
1661,1701,0
1661,844,0
1661,225,0
1701,844,0
1701,225,0
844,225,0
1355,330,0
1375,1055,0
1375,1453,0
1375,246,0
1375,163,0
1055,1453,0
1055,246,0
1055,163,0
1453,246,0
1453,163,0
246,163,0
2053,249,0
307,307,0
1354,1240,0
1354,307,0
1354,1507,0
1240,307,0
1240,1507,0
307,1507,0
1713,1713,0
307,307,0
622,622,0
173,173,0
1804,913,0
1804,713,0
913,713,0
1108,2251,0
173,173,0
307,307,0
307,307,0
1473,1473,0
302,808,0
307,307,0
1605,1605,0
1742,1742,0
943,943,0
2158,2158,0
1166,929,0
1166,76,0
929,76,0
307,307,0
2146,2146,0
525,2251,0
525,2285,0
525,2146,0
2251,2285,0
2251,2146,0
2285,2146,0
1823,999,0
1901,1901,0
1624,1988,0
843,843,0
307,307,0
307,307,0
1091,1091,0
1703,1738,0
1080,1080,0
1799,1799,0
307,307,0
307,307,0
307,307,0
307,307,0
692,692,0
2189,2189,0
1605,1605,0
1742,21,0
2019,2216,0
1114,1114,0
307,307,0
1799,1799,0
307,307,0
307,307,0
307,307,0
307,307,0
307,307,0
1586,1586,0
307,307,0
2286,2286,0
710,710,0
307,307,0
722,1992,0
722,2245,0
1992,2245,0
1992,516,0
1992,1819,0
516,1819,0
18,520,0
1876,413,0
610,1551,0
1920,1920,0
18,18,0
1937,620,0
1937,374,0
1937,354,0
1937,1263,0
620,374,0
620,354,0
620,1263,0
374,354,0
374,1263,0
354,1263,0
383,1786,0
1026,1069,0
1026,1912,0
1069,1912,0
1723,1187,0
1723,1771,0
1187,1771,0
1805,1805,0
1533,1533,0
105,855,0
220,220,0
911,1327,0
2149,906,0
2149,106,0
2149,822,0
2149,1546,0
2149,195,0
2149,2241,0
906,106,0
906,822,0
906,1546,0
906,195,0
906,2241,0
106,822,0
106,1546,0
106,195,0
106,2241,0
822,1546,0
822,195,0
822,2241,0
1546,195,0
1546,2241,0
195,2241,0
1351,1761,0
1351,1172,0
1351,1740,0
1351,1905,0
1351,733,0
1761,1172,0
1761,1740,0
1761,1905,0
1761,733,0
1172,1740,0
1172,1905,0
1172,733,0
1740,1905,0
1740,733,0
1905,733,0
246,266,0
246,2132,0
246,1107,0
266,2132,0
266,1107,0
2132,1107,0
1960,2025,0
1960,1362,0
1960,2236,0
2025,1362,0
2025,2236,0
1362,2236,0
1260,2126,0
1260,152,0
1260,698,0
2126,152,0
2126,698,0
152,698,0
183,183,0
242,912,0
1765,825,0
305,1576,0
305,1309,0
305,2081,0
305,1435,0
1576,1309,0
1576,2081,0
1576,1435,0
1309,2081,0
1309,1435,0
2081,1435,0
119,1073,0
119,612,0
119,428,0
1073,612,0
1073,428,0
612,428,0
608,1998,0
411,68,0
640,1283,0
727,1252,0
727,966,0
1252,966,0
443,465,0
443,641,0
443,1886,0
443,1290,0
443,2023,0
465,641,0
465,1886,0
465,1290,0
465,2023,0
641,1886,0
641,1290,0
641,2023,0
1886,1290,0
1886,2023,0
1290,2023,0
1376,2090,0
1410,1410,0
1204,237,0
1204,951,0
237,951,0
1824,1274,0
245,229,0
1699,211,0
1699,311,0
1699,223,0
211,311,0
211,223,0
311,223,0
1156,1039,0
1156,227,0
1039,227,0
474,723,0
393,393,0
1675,43,0
1644,2050,0
1644,1559,0
1644,1266,0
1644,1812,0
1644,1236,0
2050,1559,0
2050,1266,0
2050,1812,0
2050,1236,0
1559,1266,0
1559,1812,0
1559,1236,0
1266,1812,0
1266,1236,0
1812,1236,0
115,1891,0
1306,1306,0
1736,1709,0
1736,2124,0
1736,1907,0
1709,2124,0
1709,1907,0
2124,1907,0
139,916,0
139,320,0
916,320,0
337,337,0
158,310,0
158,1518,0
310,1518,0
852,1364,0
52,1533,0
52,52,0
1533,52,0
1196,1196,0
23,1745,0
23,249,0
1745,249,0
409,1627,0
47,1892,0
47,2259,0
1892,2259,0
865,1561,0
1260,2126,0
1260,698,0
1260,152,0
2126,698,0
2126,152,0
698,152,0
985,985,0
2086,2086,0
975,1279,0
975,317,0
1279,317,0
2009,871,0
2204,1509,0
2204,2137,0
1509,2137,0
1640,1640,0
1020,1664,0
1020,219,0
1020,1420,0
1664,219,0
1664,1420,0
219,1420,0
1778,2081,0
1778,1435,0
2081,1435,0
1735,1970,0
2141,2141,0
579,1919,0
579,2101,0
1919,2101,0
1233,1587,0
1233,1090,0
1587,1090,0
762,400,0
762,878,0
400,878,0
481,604,0
34,1865,0
34,1689,0
1865,1689,0
631,2217,0
269,1029,0
269,2018,0
1029,2018,0
342,342,0
2022,2109,0
133,321,0
133,1912,0
133,123,0
321,1912,0
321,123,0
1912,123,0
1684,2100,0
1684,693,0
1684,1442,0
2100,693,0
2100,1442,0
693,1442,0
88,854,0
88,1090,0
854,1090,0
31,416,0
31,986,0
416,986,0
52,1533,0
52,52,0
1533,52,0
1052,910,0
1133,1279,0
1133,2131,0
1279,2131,0
1257,1257,0
292,912,0
1929,663,0
1929,303,0
663,303,0
571,916,0
571,2110,0
916,2110,0
1147,1269,0
1147,973,0
1269,973,0
498,254,0
498,1996,0
254,1996,0
122,114,0
122,1746,0
114,1746,0
581,20,0
581,1292,0
20,1292,0
1668,2124,0
1668,2287,0
2124,2287,0
2113,1330,0
2113,1215,0
2113,303,0
1330,1215,0
1330,303,0
1215,303,0
889,2015,0
889,705,0
2015,705,0
1680,1121,0
1642,2121,0
1642,1616,0
1642,959,0
2121,1616,0
2121,959,0
1616,959,0
991,991,0
468,65,0
468,1047,0
65,1047,0
2279,754,0
2279,390,0
2279,2196,0
754,390,0
754,2196,0
390,2196,0
2205,181,0
2205,63,0
181,63,0
887,887,0
2034,2005,0
2034,711,0
2034,2104,0
2005,711,0
2005,2104,0
711,2104,0
985,11,0
816,429,0
816,1931,0
429,1931,0
99,2161,0
407,268,0
2020,70,0
122,114,0
122,1746,0
114,1746,0
1564,2011,0
1564,2135,0
2011,2135,0
749,749,0
881,989,0
2166,2166,0
672,1611,0
2226,1788,0
2059,1460,0
2059,1592,0
1460,1592,0
2020,2020,0
188,823,0
188,303,0
823,303,0
1993,1743,0
1972,2226,0
1972,619,0
2226,619,0
1303,17,0
1303,1115,0
17,1115,0
1944,1778,0
1944,1316,0
1778,1316,0
1747,1717,0
1747,781,0
1747,344,0
1747,646,0
1747,781,0
1717,781,0
1717,344,0
1717,646,0
1717,781,0
781,344,0
781,646,0
781,781,0
344,646,0
344,781,0
646,781,0
2183,1700,0
2183,132,0
2183,507,0
2183,2157,0
2183,1832,0
1700,132,0
1700,507,0
1700,2157,0
1700,1832,0
132,507,0
132,2157,0
132,1832,0
507,2157,0
507,1832,0
2157,1832,0
1861,10,0
1861,1848,0
1861,1336,0
10,1848,0
10,1336,0
1848,1336,0
2112,2112,0
2091,1302,0
2091,2059,0
2091,503,0
2091,1725,0
1302,2059,0
1302,503,0
1302,1725,0
2059,503,0
2059,1725,0
503,1725,0
801,835,0
801,875,0
835,875,0
659,2,0
1152,388,0
101,1291,0
101,1222,0
101,503,0
1291,1222,0
1291,503,0
1222,503,0
206,262,0
206,132,0
206,286,0
206,1990,0
206,1017,0
262,132,0
262,286,0
262,1990,0
262,1017,0
132,286,0
132,1990,0
132,1017,0
286,1990,0
286,1017,0
1990,1017,0
1190,2219,0
1190,1104,0
2219,1104,0
1068,1940,0
1068,1877,0
1940,1877,0
1778,1778,0
455,1721,0
455,1524,0
455,1677,0
455,1294,0
455,1590,0
455,442,0
1721,1524,0
1721,1677,0
1721,1294,0
1721,1590,0
1721,442,0
1524,1677,0
1524,1294,0
1524,1590,0
1524,442,0
1677,1294,0
1677,1590,0
1677,442,0
1294,1590,0
1294,442,0
1590,442,0
285,1574,0
285,625,0
285,593,0
285,2129,0
285,1227,0
1574,625,0
1574,593,0
1574,2129,0
1574,1227,0
625,593,0
625,2129,0
625,1227,0
593,2129,0
593,1227,0
2129,1227,0
717,1514,0
717,2186,0
717,1516,0
1514,2186,0
1514,1516,0
2186,1516,0
383,1786,0
383,54,0
383,1628,0
383,789,0
1786,54,0
1786,1628,0
1786,789,0
54,1628,0
54,789,0
1628,789,0
2059,752,0
2059,994,0
2059,2190,0
752,994,0
752,2190,0
994,2190,0
1687,1157,0
1593,284,0
1593,345,0
284,345,0
2172,1170,0
2172,781,0
2172,2122,0
2172,781,0
1170,781,0
1170,2122,0
1170,781,0
781,2122,0
781,781,0
2122,781,0
1326,2061,0
1906,1906,0
2046,1183,0
2046,583,0
2046,1054,0
2046,2007,0
1183,583,0
1183,1054,0
1183,2007,0
583,1054,0
583,2007,0
1054,2007,0
1062,1062,0
950,950,0
406,406,0
1250,1696,0
13,897,0
13,132,0
13,639,0
13,1990,0
13,1430,0
897,132,0
897,639,0
897,1990,0
897,1430,0
132,639,0
132,1990,0
132,1430,0
639,1990,0
639,1430,0
1990,1430,0
905,2200,0
905,1606,0
2200,1606,0
890,1012,0
217,649,0
217,1908,0
217,582,0
217,1296,0
217,1908,0
649,1908,0
649,582,0
649,1296,0
649,1908,0
1908,582,0
1908,1296,0
1908,1908,0
582,1296,0
582,1908,0
1296,1908,0
944,2254,0
944,1908,0
944,1798,0
944,1908,0
2254,1908,0
2254,1798,0
2254,1908,0
1908,1798,0
1908,1908,0
1798,1908,0
1152,388,0
2066,2149,0
2066,195,0
2066,106,0
2066,906,0
2066,1546,0
2149,195,0
2149,106,0
2149,906,0
2149,1546,0
195,106,0
195,906,0
195,1546,0
106,906,0
106,1546,0
906,1546,0
1170,184,0
1170,1270,0
1170,1227,0
184,1270,0
184,1227,0
1270,1227,0
632,632,0
522,331,0
18,18,0
842,1227,0
1177,1790,0
1177,383,0
1177,503,0
1177,487,0
1177,945,0
1790,383,0
1790,503,0
1790,487,0
1790,945,0
383,503,0
383,487,0
383,945,0
503,487,0
503,945,0
487,945,0
1343,1925,0
1343,73,0
1343,781,0
1925,73,0
1925,781,0
73,781,0
1075,2160,0
1075,412,0
1075,1908,0
2160,412,0
2160,1908,0
412,1908,0
18,18,0
1492,1112,0
1492,1239,0
1492,258,0
1112,1239,0
1112,258,0
1239,258,0
1067,1808,0
1067,763,0
1808,763,0
935,2056,0
935,433,0
935,345,0
2056,433,0
2056,345,0
433,345,0
153,1904,0
670,1502,0
670,140,0
670,925,0
1502,140,0
1502,925,0
140,925,0
1017,286,0
295,1493,0
295,132,0
295,174,0
295,1990,0
295,770,0
1493,132,0
1493,174,0
1493,1990,0
1493,770,0
132,174,0
132,1990,0
132,770,0
174,1990,0
174,770,0
1990,770,0
1318,1285,0
1318,1434,0
1285,1434,0
2249,1744,0
1219,1191,0
979,2006,0
2186,1629,0
2186,1831,0
1629,1831,0
1938,567,0
1938,696,0
567,696,0
1849,1200,0
709,783,0
888,888,0
1478,263,0
1478,255,0
1478,813,0
263,255,0
263,813,0
255,813,0
1414,1281,0
2098,860,0
2098,718,0
860,718,0
1773,1460,0
1469,203,0
1469,1769,0
1469,1826,0
203,1769,0
203,1826,0
1769,1826,0
2082,2249,0
2082,2130,0
2249,2130,0
1184,829,0
1184,776,0
829,776,0
147,147,0
1148,624,0
16,1046,0
16,1330,0
16,297,0
16,757,0
1046,1330,0
1046,297,0
1046,757,0
1330,297,0
1330,757,0
297,757,0
1025,624,0
2198,1618,0
2198,859,0
1618,859,0
369,369,0
842,842,0
1597,251,0
1597,1636,0
1597,587,0
251,1636,0
251,587,0
1636,587,0
1458,2218,0
1458,1277,0
1458,379,0
2218,1277,0
2218,379,0
1277,379,0
1691,977,0
1691,1685,0
977,1685,0
1264,1540,0
1235,1420,0
1235,1013,0
1235,1828,0
1420,1013,0
1420,1828,0
1013,1828,0
2261,1471,0
2261,1609,0
1471,1609,0
1041,1202,0
1041,582,0
1202,582,0
1731,384,0
1731,91,0
384,91,0
1211,1211,0
162,162,0
1714,856,0
1714,621,0
1714,1726,0
856,621,0
856,1726,0
621,1726,0
1787,2140,0
1787,1341,0
2140,1341,0
2001,1383,0
18,520,0
869,382,0
869,1712,0
869,438,0
382,1712,0
382,438,0
1712,438,0
798,432,0
798,1273,0
432,1273,0
1331,1317,0
1331,1475,0
1317,1475,0
1105,1105,0
18,520,0
1480,116,0
1391,2038,0
407,268,0
842,842,0
1969,738,0
1969,2150,0
1969,1231,0
738,2150,0
738,1231,0
2150,1231,0
847,884,0
1192,1218,0
1192,114,0
1218,114,0
97,1979,0
97,333,0
1979,333,0
2276,638,0
1056,1718,0
1056,215,0
1718,215,0
56,1099,0
56,1077,0
1099,1077,0
1527,1806,0
888,550,0
2248,2094,0
368,2242,0
368,1296,0
2242,1296,0
1837,1837,0
340,466,0
340,1566,0
340,1231,0
466,1566,0
466,1231,0
1566,1231,0
1208,1592,0
1208,1368,0
1592,1368,0
1086,1001,0
685,530,0
27,1440,0
27,1580,0
1440,1580,0
274,239,0
1192,1218,0
1192,114,0
1218,114,0
2027,1796,0
531,1100,0
531,575,0
531,233,0
1100,575,0
1100,233,0
575,233,0
1405,1010,0
228,969,0
228,1415,0
228,259,0
969,1415,0
969,259,0
1415,259,0
1786,383,0
680,2280,0
2000,1437,0
2047,2047,0
1016,1016,0
189,1949,0
189,213,0
1949,213,0
1977,1977,0
