1,2,0
3,4,0
5,6,0
7,8,0
9,10,0
11,12,0
13,14,0
15,16,0
17,18,0
19,20,0
21,22,0
23,24,0
25,26,0
13,27,0
28,29,0
30,31,0
32,33,0
34,35,0
36,37,0
38,39,0
40,41,0
42,43,0
5,44,0
45,20,0
46,47,0
48,49,0
50,51,0
52,53,0
54,55,0
7,10,0
56,57,0
58,59,0
60,61,0
62,63,0
64,65,0
66,67,0
68,69,0
70,7,0
71,72,0
73,74,0
75,76,0
77,78,0
67,79,0
80,81,0
82,83,0
84,85,0
86,87,0
88,49,0
89,90,0
91,92,0
93,94,0
95,96,0
97,98,0
99,100,0
101,102,0
103,104,0
105,106,0
107,77,0
67,108,0
109,110,0
111,73,0
112,85,0
113,114,0
115,116,0
117,118,0
119,64,0
120,121,0
122,54,0
123,124,0
125,126,0
127,128,0
129,130,0
131,132,0
133,134,0
135,136,0
39,137,0
138,139,0
8,140,0
141,142,0
143,13,0
144,145,0
146,147,0
35,113,0
148,149,0
150,151,0
152,50,0
11,153,0
154,11,0
155,83,0
156,157,0
142,158,0
159,160,0
161,11,0
36,162,0
163,164,0
165,150,0
166,11,0
167,168,0
169,170,0
171,172,0
173,174,0
50,175,0
176,18,0
177,178,0
179,180,0
118,181,0
182,183,0
184,185,0
186,5,0
51,50,0
82,187,0
31,188,0
170,169,0
189,190,0
191,192,0
50,193,0
194,195,0
196,197,0
198,199,0
200,201,0
202,203,0
63,204,0
205,116,0
206,207,0
208,209,0
210,211,0
212,213,0
214,215,0
150,216,0
101,217,0
157,156,0
122,92,0
33,196,0
218,219,0
220,221,0
222,223,0
224,225,0
226,227,0
228,229,0
222,15,0
222,230,0
63,211,0
231,232,0
233,234,0
235,236,0
237,88,0
238,239,0
13,240,0
241,242,0
243,192,0
244,245,0
188,246,0
247,136,0
43,248,0
107,249,0
250,251,0
252,253,0
110,254,0
245,255,0
256,257,0
258,259,0
260,11,0
135,245,0
12,261,0
123,262,0
118,263,0
264,265,0
266,267,0
63,268,0
269,270,0
271,50,0
272,273,0
274,275,0
14,54,0
70,209,0
276,224,0
277,278,0
279,50,0
280,123,0
281,282,0
283,284,0
285,70,0
286,234,0
76,287,0
196,288,0
289,147,0
125,290,0
291,292,0
208,252,0
31,293,0
294,295,0
296,297,0
298,299,0
63,300,0
301,302,0
2,1,0
303,31,0
31,304,0
305,306,0
123,150,0
157,130,0
307,308,0
309,310,0
311,8,0
121,312,0
313,123,0
201,314,0
315,31,0
31,257,0
316,317,0
318,319,0
54,320,0
321,136,0
222,141,0
209,208,0
67,318,0
239,87,0
67,322,0
323,324,0
325,244,0
55,67,0
92,12,0
83,326,0
327,328,0
329,75,0
330,83,0
331,294,0
332,294,0
333,206,0
150,334,0
332,275,0
335,142,0
143,252,0
336,231,0
335,337,0
234,338,0
339,340,0
341,67,0
54,342,0
343,4,0
344,83,0
240,345,0
11,346,0
216,347,0
12,67,0
78,348,0
199,159,0
349,319,0
350,351,0
67,352,0
67,353,0
269,354,0
355,159,0
314,57,0
174,356,0
67,357,0
125,358,0
359,360,0
361,168,0
362,25,0
363,364,0
365,33,0
304,366,0
367,368,0
369,370,0
252,371,0
174,372,0
319,373,0
328,374,0
196,375,0
376,377,0
319,378,0
379,147,0
380,13,0
319,347,0
196,244,0
381,382,0
231,336,0
383,221,0
67,384,0
385,317,0
63,386,0
387,388,0
128,127,0
50,279,0
36,389,0
96,390,0
391,118,0
67,303,0
342,11,0
392,13,0
393,394,0
292,395,0
142,30,0
396,325,0
247,397,0
87,86,0
67,398,0
158,399,0
400,401,0
333,67,0
136,402,0
164,30,0
141,164,0
206,262,0
13,336,0
323,403,0
118,122,0
73,404,0
56,229,0
405,406,0
407,408,0
347,118,0
31,367,0
136,406,0
409,155,0
395,216,0
410,68,0
411,68,0
14,412,0
413,414,0
150,379,0
110,415,0
416,417,0
54,418,0
244,317,0
419,13,0
420,41,0
421,83,0
231,422,0
11,347,0
423,292,0
424,279,0
425,426,0
335,427,0
428,171,0
281,429,0
430,431,0
432,433,0
133,434,0
435,144,0
436,437,0
438,118,0
439,394,0
440,441,0
442,64,0
443,31,0
444,48,0
445,446,0
206,447,0
448,449,0
229,314,0
157,450,0
83,451,0
452,244,0
212,453,0
347,256,0
244,206,0
454,222,0
455,92,0
456,457,0
11,458,0
121,459,0
101,460,0
50,461,0
462,463,0
464,465,0
349,142,0
466,467,0
50,468,0
227,226,0
70,469,0
470,269,0
471,63,0
470,470,0
472,367,0
473,474,0
142,475,0
476,67,0
130,121,0
121,477,0
407,18,0
478,479,0
480,481,0
482,483,0
407,319,0
469,67,0
304,67,0
87,484,0
485,196,0
264,486,0
244,246,0
67,487,0
126,125,0
269,35,0
488,140,0
489,125,0
121,490,0
491,222,0
492,493,0
494,206,0
174,495,0
48,496,0
142,497,0
498,499,0
54,500,0
20,501,0
474,243,0
271,502,0
132,503,0
429,289,0
504,269,0
196,487,0
366,505,0
83,506,0
495,507,0
508,509,0
153,510,0
269,407,0
63,511,0
512,513,0
514,189,0
201,123,0
515,70,0
469,118,0
350,516,0
125,517,0
518,323,0
87,519,0
54,520,0
142,521,0
11,471,0
67,349,0
56,32,0
150,339,0
522,277,0
31,523,0
524,525,0
526,527,0
110,528,0
339,529,0
530,142,0
531,532,0
533,495,0
68,410,0
231,534,0
121,535,0
536,537,0
538,499,0
83,539,0
489,314,0
449,20,0
67,347,0
26,540,0
196,349,0
541,101,0
542,196,0
245,475,0
289,262,0
492,543,0
110,544,0
545,67,0
546,317,0
308,547,0
548,549,0
350,550,0
31,290,0
83,551,0
552,553,0
83,554,0
539,83,0
362,538,0
292,291,0
39,38,0
318,67,0
555,556,0
397,557,0
558,559,0
560,520,0
269,561,0
465,557,0
67,400,0
562,389,0
333,164,0
142,563,0
564,108,0
328,312,0
362,164,0
339,565,0
67,566,0
166,31,0
567,202,0
568,492,0
569,570,0
571,269,0
572,573,0
574,202,0
118,150,0
30,67,0
575,553,0
214,576,0
250,87,0
465,577,0
252,511,0
357,56,0
408,578,0
54,14,0
196,579,0
580,581,0
143,317,0
582,583,0
204,63,0
63,247,0
7,290,0
344,132,0
159,535,0
481,31,0
584,585,0
265,264,0
142,586,0
7,587,0
588,75,0
394,457,0
589,275,0
10,590,0
591,111,0
7,317,0
137,176,0
247,395,0
592,593,0
594,108,0
595,465,0
596,83,0
299,70,0
353,67,0
597,598,0
599,108,0
67,476,0
475,319,0
600,70,0
601,245,0
602,325,0
206,603,0
579,63,0
224,604,0
235,605,0
606,85,0
125,407,0
114,13,0
328,454,0
246,475,0
373,159,0
153,153,0
125,607,0
271,196,0
608,18,0
123,475,0
313,191,0
118,609,0
142,610,0
611,320,0
612,389,0
613,467,0
184,83,0
614,615,0
54,616,0
378,159,0
157,617,0
50,618,0
50,619,0
620,621,0
622,570,0
208,602,0
21,623,0
12,624,0
68,625,0
482,626,0
282,146,0
373,627,0
168,628,0
110,629,0
630,631,0
314,335,0
632,633,0
136,222,0
634,11,0
99,11,0
252,35,0
635,389,0
67,636,0
637,77,0
436,474,0
171,454,0
597,11,0
487,478,0
638,549,0
181,639,0
640,618,0
475,256,0
641,642,0
171,338,0
347,18,0
558,643,0
290,7,0
644,645,0
222,646,0
425,647,0
173,159,0
519,648,0
16,649,0
650,319,0
355,92,0
651,652,0
159,653,0
286,314,0
89,18,0
408,417,0
93,123,0
558,654,0
389,36,0
655,656,0
657,54,0
77,658,0
332,140,0
325,602,0
164,455,0
142,659,0
116,660,0
661,159,0
662,142,0
663,317,0
398,664,0
401,523,0
342,252,0
546,142,0
233,665,0
666,63,0
54,240,0
364,667,0
492,668,0
256,469,0
669,362,0
670,231,0
391,196,0
13,671,0
148,252,0
672,29,0
422,50,0
673,119,0
366,235,0
342,328,0
550,350,0
674,675,0
146,520,0
676,67,0
677,50,0
678,350,0
216,679,0
680,118,0
54,546,0
389,681,0
111,591,0
67,682,0
83,683,0
99,118,0
684,101,0
174,72,0
211,63,0
142,290,0
685,221,0
686,394,0
240,31,0
31,194,0
687,157,0
688,252,0
54,344,0
384,142,0
689,690,0
691,632,0
157,692,0
693,206,0
694,328,0
168,67,0
695,50,0
168,696,0
697,260,0
465,698,0
123,148,0
92,535,0
132,269,0
245,500,0
239,238,0
699,700,0
615,196,0
13,419,0
67,280,0
311,701,0
63,437,0
702,408,0
181,703,0
704,705,0
706,707,0
708,641,0
272,39,0
93,196,0
239,109,0
294,331,0
709,118,0
241,241,0
12,314,0
481,164,0
256,475,0
270,269,0
710,231,0
711,712,0
106,140,0
713,714,0
498,715,0
705,716,0
717,146,0
314,662,0
718,191,0
599,70,0
136,719,0
596,720,0
252,721,0
722,48,0
257,150,0
136,506,0
55,54,0
457,394,0
123,723,0
652,651,0
511,67,0
557,465,0
204,142,0
724,725,0
124,31,0
358,726,0
388,387,0
317,727,0
414,728,0
621,607,0
729,730,0
83,82,0
357,269,0
731,68,0
732,185,0
13,727,0
315,92,0
429,56,0
653,245,0
11,147,0
76,733,0
235,734,0
272,735,0
54,511,0
736,737,0
234,738,0
132,739,0
328,202,0
36,146,0
196,429,0
740,478,0
343,501,0
741,16,0
742,70,0
108,743,0
478,407,0
744,745,0
613,118,0
520,746,0
644,747,0
748,409,0
408,290,0
749,750,0
16,751,0
142,752,0
390,96,0
142,494,0
680,753,0
754,524,0
755,214,0
105,756,0
73,757,0
176,137,0
309,77,0
362,758,0
759,760,0
171,761,0
160,159,0
436,328,0
187,187,0
8,7,0
315,118,0
173,11,0
328,762,0
269,763,0
190,764,0
269,765,0
13,181,0
766,767,0
446,445,0
449,133,0
768,769,0
510,770,0
271,771,0
772,773,0
164,362,0
609,92,0
63,602,0
426,774,0
17,585,0
146,775,0
113,35,0
12,245,0
776,777,0
520,54,0
692,157,0
655,778,0
68,779,0
85,780,0
781,136,0
462,782,0
579,31,0
373,783,0
784,267,0
22,21,0
785,243,0
475,18,0
786,222,0
401,400,0
787,416,0
401,147,0
720,788,0
164,12,0
789,125,0
76,790,0
8,18,0
33,791,0
636,67,0
792,793,0
794,696,0
116,795,0
106,52,0
796,328,0
290,125,0
797,231,0
630,2,0
255,157,0
798,799,0
800,234,0
323,691,0
801,802,0
803,164,0
11,150,0
804,805,0
133,806,0
67,807,0
142,808,0
135,234,0
809,810,0
579,269,0
811,419,0
45,123,0
812,813,0
448,233,0
814,211,0
815,85,0
76,311,0
816,9,0
596,68,0
317,316,0
817,818,0
327,136,0
756,77,0
819,142,0
31,394,0
319,820,0
821,822,0
224,11,0
535,31,0
613,54,0
82,28,0
86,823,0
824,2,0
246,280,0
247,67,0
420,31,0
779,63,0
825,826,0
827,118,0
409,828,0
409,829,0
12,123,0
830,328,0
831,77,0
324,323,0
832,736,0
624,12,0
325,76,0
355,31,0
467,466,0
833,125,0
157,187,0
188,92,0
252,834,0
304,11,0
835,836,0
791,837,0
838,67,0
421,383,0
196,271,0
839,121,0
319,661,0
133,840,0
841,842,0
843,844,0
314,188,0
845,846,0
806,133,0
245,147,0
621,620,0
507,33,0
349,67,0
847,848,0
216,309,0
136,312,0
849,850,0
142,209,0
851,317,0
852,192,0
137,389,0
489,118,0
30,314,0
174,61,0
820,319,0
853,570,0
168,854,0
31,288,0
31,315,0
474,855,0
269,521,0
7,301,0
50,271,0
856,54,0
5,704,0
289,148,0
756,87,0
171,857,0
858,419,0
859,159,0
323,776,0
860,13,0
101,296,0
87,861,0
262,700,0
394,439,0
511,13,0
862,863,0
323,53,0
222,808,0
55,710,0
864,101,0
764,190,0
865,202,0
362,866,0
528,867,0
474,349,0
868,710,0
302,31,0
869,870,0
319,666,0
118,188,0
322,252,0
267,157,0
142,535,0
141,222,0
54,318,0
871,872,0
328,873,0
874,267,0
121,839,0
875,876,0
201,206,0
877,774,0
878,67,0
597,597,0
879,570,0
624,880,0
522,881,0
122,11,0
295,294,0
419,216,0
711,224,0
882,118,0
883,269,0
136,884,0
885,261,0
206,333,0
347,886,0
269,887,0
118,888,0
875,710,0
142,889,0
890,891,0
794,550,0
892,54,0
876,621,0
452,475,0
893,894,0
159,895,0
406,314,0
332,896,0
591,360,0
897,898,0
56,601,0
520,56,0
682,332,0
347,246,0
108,478,0
56,189,0
50,677,0
899,743,0
150,900,0
362,901,0
902,150,0
181,319,0
492,596,0
389,562,0
136,903,0
25,904,0
317,546,0
657,510,0
83,330,0
905,373,0
13,338,0
370,906,0
56,268,0
272,634,0
546,221,0
234,683,0
907,389,0
599,63,0
908,417,0
317,45,0
437,70,0
419,452,0
909,54,0
54,909,0
265,110,0
317,910,0
60,465,0
492,911,0
54,384,0
13,912,0
272,375,0
913,914,0
70,299,0
629,110,0
915,641,0
121,283,0
661,92,0
916,852,0
751,401,0
917,918,0
29,19,0
224,711,0
919,920,0
118,257,0
683,234,0
921,68,0
234,800,0
54,175,0
887,196,0
157,922,0
133,923,0
140,924,0
454,63,0
20,33,0
402,136,0
136,925,0
570,569,0
563,142,0
228,11,0
47,926,0
92,150,0
321,50,0
705,927,0
262,289,0
928,570,0
63,175,0
673,929,0
930,570,0
417,908,0
10,931,0
171,932,0
314,347,0
721,319,0
933,296,0
344,48,0
934,414,0
471,11,0
935,121,0
458,936,0
465,35,0
247,937,0
63,20,0
938,11,0
545,123,0
280,142,0
239,252,0
39,467,0
400,31,0
68,939,0
383,421,0
306,87,0
133,940,0
314,12,0
90,89,0
941,108,0
73,111,0
942,938,0
317,143,0
416,787,0
553,417,0
337,335,0
943,776,0
202,255,0
944,77,0
719,408,0
255,196,0
734,235,0
263,67,0
133,347,0
945,946,0
782,92,0
876,947,0
948,13,0
949,712,0
950,33,0
408,407,0
244,31,0
181,328,0
314,887,0
951,181,0
30,123,0
328,392,0
48,444,0
5,952,0
2,953,0
168,314,0
244,92,0
38,570,0
954,492,0
406,405,0
683,70,0
955,956,0
473,957,0
372,174,0
958,31,0
672,817,0
617,157,0
959,99,0
527,960,0
395,247,0
644,961,0
962,963,0
17,478,0
382,381,0
227,964,0
965,966,0
85,967,0
955,54,0
968,63,0
67,676,0
630,68,0
969,236,0
494,319,0
277,970,0
197,136,0
174,13,0
171,971,0
140,106,0
54,856,0
506,136,0
154,972,0
17,231,0
375,275,0
973,129,0
20,974,0
31,418,0
268,63,0
263,975,0
188,206,0
472,470,0
54,349,0
108,143,0
85,832,0
133,976,0
63,481,0
977,314,0
544,978,0
231,719,0
288,252,0
256,609,0
708,886,0
830,70,0
314,443,0
870,869,0
114,113,0
344,705,0
304,118,0
227,227,0
28,82,0
260,697,0
979,125,0
136,157,0
776,943,0
980,513,0
581,222,0
981,891,0
467,389,0
784,31,0
982,983,0
269,720,0
984,985,0
321,83,0
268,125,0
54,194,0
479,328,0
267,32,0
21,986,0
48,344,0
312,328,0
142,335,0
429,314,0
132,264,0
492,987,0
988,989,0
118,391,0
990,991,0
992,993,0
296,994,0
707,706,0
433,178,0
995,520,0
996,63,0
850,70,0
997,997,0
13,998,0
83,62,0
227,700,0
133,95,0
452,458,0
637,999,0
160,56,0
273,272,0
182,504,0
475,886,0
1000,408,0
54,389,0
1001,641,0
1002,222,0
585,439,0
535,319,0
873,328,0
174,405,0
13,1003,0
475,246,0
139,138,0
550,1004,0
1005,48,0
389,1006,0
206,188,0
463,308,0
805,1007,0
338,245,0
1008,50,0
876,388,0
202,567,0
184,325,0
319,475,0
140,8,0
125,17,0
449,520,0
925,136,0
443,67,0
349,56,0
535,56,0
1009,154,0
347,319,0
465,1010,0
830,63,0
1011,73,0
973,1012,0
1013,328,0
876,875,0
157,405,0
871,1014,0
136,255,0
618,618,0
63,471,0
938,118,0
1015,201,0
679,216,0
487,159,0
196,1016,0
116,115,0
710,875,0
76,462,0
43,442,0
13,454,0
31,803,0
308,307,0
1017,465,0
332,1018,0
857,125,0
1019,328,0
244,216,0
159,347,0
409,1020,0
1021,25,0
1022,10,0
45,31,0
1023,1024,0
188,164,0
982,272,0
35,328,0
285,256,0
1025,142,0
21,1026,0
721,1027,0
73,275,0
159,603,0
462,661,0
181,951,0
118,494,0
579,231,0
1028,231,0
54,208,0
1029,532,0
150,134,0
222,1030,0
224,276,0
118,228,0
328,1031,0
654,558,0
1032,1033,0
50,326,0
126,1034,0
73,1035,0
181,269,0
118,285,0
520,1036,0
633,77,0
1037,1037,0
150,11,0
206,257,0
13,70,0
1038,83,0
244,452,0
807,133,0
26,372,0
70,1039,0
888,54,0
177,432,0
452,1016,0
579,171,0
332,1040,0
469,191,0
509,508,0
159,263,0
695,252,0
31,122,0
269,277,0
1041,510,0
40,56,0
269,883,0
1042,448,0
712,1043,0
1044,67,0
164,333,0
511,123,0
1045,1046,0
499,538,0
280,18,0
1047,715,0
771,510,0
13,300,0
196,714,0
492,1048,0
159,1049,0
628,67,0
1007,805,0
437,419,0
133,1050,0
85,1051,0
850,742,0
322,13,0
96,809,0
1052,76,0
378,206,0
454,171,0
150,902,0
776,323,0
197,63,0
939,68,0
1053,424,0
907,617,0
1054,401,0
344,234,0
33,402,0
75,588,0
609,150,0
429,123,0
13,1055,0
487,196,0
611,194,0
1056,239,0
234,312,0
658,105,0
1057,1058,0
132,252,0
124,245,0
924,140,0
67,563,0
966,965,0
1059,136,0
363,50,0
1060,474,0
332,1061,0
269,707,0
454,4,0
596,101,0
462,1062,0
231,464,0
1063,95,0
240,54,0
83,740,0
121,130,0
704,332,0
280,317,0
110,109,0
878,314,0
70,683,0
63,996,0
1064,83,0
888,92,0
22,283,0
1065,267,0
54,280,0
123,342,0
971,171,0
314,168,0
347,206,0
116,350,0
349,474,0
1066,389,0
222,491,0
67,535,0
321,317,0
206,494,0
1067,1068,0
67,333,0
110,360,0
275,1069,0
56,674,0
473,144,0
92,188,0
1070,63,0
719,328,0
497,142,0
1071,73,0
16,383,0
1072,473,0
851,231,0
1073,513,0
1074,64,0
124,319,0
1075,1075,0
553,575,0
319,494,0
1076,121,0
492,991,0
357,67,0
407,465,0
794,1077,0
282,319,0
18,608,0
142,895,0
824,1047,0
414,934,0
314,143,0
92,421,0
474,1078,0
125,1079,0
13,948,0
1080,101,0
240,1081,0
1082,83,0
31,302,0
70,1083,0
377,376,0
294,283,0
92,500,0
487,269,0
54,494,0
570,5,0
123,511,0
408,719,0
1084,196,0
226,665,0
407,478,0
579,216,0
33,807,0
1085,157,0
54,429,0
550,132,0
1086,317,0
228,57,0
82,1087,0
478,17,0
458,11,0
13,380,0
1088,1089,0
1090,1091,0
407,231,0
63,752,0
1092,729,0
187,82,0
579,214,0
402,1085,0
312,1093,0
31,1094,0
328,1095,0
478,321,0
414,1096,0
317,321,0
429,252,0
36,63,0
192,852,0
350,1097,0
1098,142,0
895,142,0
319,616,0
1099,1100,0
596,492,0
615,1101,0
720,269,0
68,630,0
67,827,0
1102,311,0
22,707,0
634,319,0
79,67,0
1103,1017,0
1072,1104,0
398,67,0
258,628,0
57,56,0
1105,885,0
545,319,0
118,304,0
323,518,0
510,479,0
35,705,0
370,1106,0
11,257,0
429,269,0
35,34,0
609,31,0
285,118,0
246,535,0
711,358,0
125,347,0
239,1107,0
150,13,0
144,473,0
339,1108,0
118,688,0
1109,463,0
147,11,0
123,500,0
155,50,0
762,13,0
136,695,0
872,532,0
317,579,0
1110,157,0
269,1111,0
67,523,0
11,1112,0
121,1113,0
1114,510,0
1115,108,0
538,715,0
538,362,0
118,613,0
31,609,0
962,872,0
63,1116,0
1117,408,0
1117,462,0
123,520,0
483,121,0
1118,1118,0
1119,50,0
807,30,0
314,1120,0
911,492,0
8,1121,0
308,463,0
252,181,0
304,31,0
133,1122,0
328,327,0
730,729,0
50,1038,0
802,436,0
147,245,0
11,1123,0
664,450,0
1124,957,0
1125,206,0
1126,405,0
732,1127,0
66,325,0
259,258,0
196,290,0
495,36,0
732,1128,0
1129,389,0
805,804,0
535,54,0
1130,713,0
245,188,0
339,552,0
222,1131,0
63,830,0
1132,36,0
275,375,0
338,289,0
1105,7,0
863,862,0
661,462,0
810,809,0
154,1009,0
1133,1134,0
474,347,0
499,1135,0
54,1136,0
555,1137,0
229,54,0
31,373,0
290,408,0
204,92,0
397,108,0
168,579,0
1138,7,0
535,11,0
319,124,0
721,118,0
168,23,0
279,63,0
322,136,0
28,1139,0
419,437,0
157,1110,0
52,966,0
166,465,0
474,828,0
1140,85,0
1141,61,0
464,231,0
164,150,0
96,95,0
59,269,0
492,1142,0
121,120,0
511,252,0
18,1016,0
13,652,0
306,305,0
687,1143,0
938,10,0
118,66,0
550,805,0
1144,1145,0
400,289,0
914,1146,0
601,67,0
1147,272,0
997,83,0
490,121,0
189,11,0
1050,1148,0
481,92,0
895,31,0
194,31,0
1149,83,0
21,1150,0
50,1151,0
31,1002,0
245,338,0
206,500,0
1152,337,0
285,492,0
1153,1154,0
650,31,0
174,445,0
50,1155,0
443,314,0
906,87,0
136,115,0
1156,67,0
1157,1158,0
123,721,0
143,202,0
408,1117,0
475,142,0
71,133,0
20,591,0
1058,535,0
520,269,0
5,284,0
63,342,0
196,347,0
1159,709,0
1160,125,0
74,73,0
36,1161,0
1162,1163,0
1016,83,0
347,92,0
269,132,0
56,164,0
150,1164,0
719,252,0
659,13,0
490,1165,0
603,1166,0
709,92,0
746,520,0
996,419,0
904,25,0
520,235,0
475,118,0
342,63,0
1167,1168,0
224,531,0
118,204,0
1169,507,0
450,664,0
118,680,0
82,50,0
492,1170,0
36,159,0
350,1171,0
549,535,0
294,1172,0
938,942,0
245,856,0
267,266,0
221,685,0
1173,1174,0
12,31,0
1051,85,0
1175,492,0
328,141,0
64,119,0
886,475,0
206,347,0
499,70,0
280,246,0
1176,753,0
487,142,0
516,700,0
492,463,0
1110,243,0
395,292,0
50,421,0
158,142,0
196,887,0
1177,269,0
1116,63,0
500,245,0
578,408,0
159,373,0
222,975,0
159,661,0
159,378,0
551,1178,0
245,429,0
11,597,0
314,114,0
902,1123,0
111,885,0
317,280,0
252,888,0
618,83,0
404,73,0
70,719,0
203,202,0
478,108,0
171,530,0
20,426,0
629,394,0
1179,51,0
63,1180,0
156,1181,0
356,174,0
712,282,0
373,1182,0
241,1183,0
945,1184,0
275,274,0
1185,1059,0
1186,171,0
196,850,0
67,175,0
142,12,0
68,1187,0
502,271,0
159,791,0
901,362,0
16,1188,0
758,1189,0
185,1190,0
279,83,0
134,150,0
136,197,0
73,1191,0
123,546,0
64,1192,0
289,500,0
950,1193,0
408,17,0
1194,507,0
312,136,0
13,1014,0
8,311,0
432,1089,0
57,228,0
211,159,0
72,174,0
480,347,0
429,142,0
1195,54,0
945,1196,0
1197,597,0
725,724,0
10,1198,0
116,157,0
10,1058,0
638,129,0
777,776,0
1006,48,0
54,8,0
1199,1200,0
837,791,0
700,395,0
535,121,0
420,269,0
1201,11,0
465,595,0
60,389,0
231,1202,0
244,54,0
1203,520,0
68,1204,0
2,1205,0
1090,20,0
31,661,0
763,269,0
20,1206,0
222,234,0
958,54,0
50,136,0
1207,1208,0
50,82,0
135,54,0
1100,1209,0
13,860,0
1210,1211,0
913,133,0
429,582,0
389,1066,0
221,383,0
878,196,0
389,389,0
865,865,0
1139,28,0
18,333,0
1212,1213,0
222,454,0
1087,82,0
83,997,0
59,58,0
1016,196,0
12,11,0
52,890,0
67,201,0
63,520,0
54,1214,0
1215,83,0
256,228,0
712,1216,0
721,196,0
18,1217,0
283,22,0
175,206,0
394,254,0
347,216,0
1218,408,0
581,107,0
634,196,0
83,184,0
256,285,0
123,1219,0
269,412,0
168,701,0
185,184,0
1134,353,0
878,319,0
367,31,0
817,1220,0
558,408,0
700,699,0
453,212,0
1221,1222,0
1223,142,0
70,150,0
1224,1225,0
208,269,0
680,157,0
56,194,0
1226,337,0
1227,1228,0
800,1229,0
185,732,0
1230,1231,0
289,338,0
309,216,0
1040,1232,0
314,150,0
191,802,0
222,1233,0
67,895,0
1234,121,0
1235,1236,0
500,289,0
677,1237,0
914,70,0
633,632,0
455,164,0
550,794,0
1238,174,0
244,319,0
63,233,0
35,136,0
347,11,0
721,67,0
1239,77,0
235,366,0
347,245,0
469,256,0
557,231,0
197,234,0
300,11,0
125,228,0
347,452,0
507,1194,0
517,125,0
958,409,0
36,1240,0
519,239,0
319,878,0
269,666,0
661,319,0
236,969,0
414,1110,0
662,159,0
269,59,0
13,602,0
469,70,0
137,373,0
1241,1242,0
579,196,0
159,168,0
983,982,0
18,1243,0
67,377,0
991,758,0
1244,76,0
309,522,0
475,92,0
159,244,0
1245,319,0
405,1246,0
1023,94,0
667,364,0
1247,25,0
272,1248,0
1052,277,0
197,50,0
776,10,0
268,510,0
50,695,0
980,1249,0
68,921,0
721,56,0
269,253,0
308,344,0
206,1250,0
83,465,0
50,32,0
342,67,0
164,315,0
387,155,0
636,1054,0
458,452,0
414,267,0
300,314,0
198,157,0
68,1166,0
474,1251,0
31,420,0
54,244,0
168,1252,0
970,277,0
275,323,0
123,315,0
198,402,0
157,687,0
775,419,0
1047,513,0
642,641,0
535,246,0
63,322,0
1104,182,0
319,1245,0
124,314,0
4,636,0
121,735,0
1253,67,0
1254,1255,0
1256,398,0
92,315,0
400,67,0
206,1125,0
159,199,0
1257,1018,0
325,396,0
83,596,0
31,1258,0
45,54,0
453,1259,0
828,409,0
1260,817,0
1261,224,0
13,500,0
63,209,0
68,1262,0
159,173,0
419,247,0
262,123,0
268,246,0
1180,63,0
429,245,0
1263,373,0
465,407,0
1264,31,0
914,1265,0
11,1201,0
92,1266,0
1145,1144,0
96,1267,0
118,7,0
362,712,0
196,1268,0
136,781,0
426,20,0
198,1181,0
201,31,0
13,520,0
215,214,0
783,373,0
70,313,0
50,1016,0
394,289,0
1094,31,0
83,51,0
887,478,0
1269,1270,0
719,136,0
978,544,0
175,54,0
445,26,0
85,151,0
570,1271,0
92,304,0
63,695,0
1223,196,0
252,666,0
489,63,0
309,999,0
774,426,0
275,334,0
101,864,0
11,122,0
315,319,0
31,782,0
1272,1194,0
1273,18,0
373,67,0
474,1274,0
1275,13,0
214,1276,0
1070,1277,0
371,89,0
495,26,0
137,1122,0
609,164,0
333,18,0
269,849,0
872,320,0
803,56,0
1089,1089,0
665,196,0
172,222,0
50,1103,0
342,31,0
1041,408,0
770,13,0
1278,2,0
1140,382,0
80,641,0
710,1279,0
125,355,0
651,553,0
214,755,0
900,150,0
878,11,0
196,661,0
360,359,0
148,31,0
1280,805,0
1281,419,0
175,83,0
1032,11,0
87,1282,0
738,234,0
475,206,0
222,665,0
570,879,0
475,216,0
83,1283,0
374,328,0
904,641,0
481,63,0
478,140,0
850,849,0
77,617,0
108,395,0
393,389,0
574,429,0
101,1080,0
123,115,0
1284,52,0
153,63,0
20,449,0
1253,50,0
224,1261,0
130,904,0
652,458,0
1285,11,0
331,314,0
1286,28,0
1287,247,0
83,175,0
18,545,0
1003,13,0
1288,252,0
814,52,0
312,234,0
817,598,0
1289,87,0
1290,222,0
231,710,0
790,76,0
507,495,0
513,1047,0
150,41,0
475,452,0
317,1086,0
108,938,0
1291,52,0
131,641,0
48,68,0
92,475,0
67,494,0
849,708,0
231,557,0
325,599,0
123,494,0
24,23,0
13,1292,0
597,54,0
216,235,0
168,1293,0
142,887,0
592,1294,0
1295,1296,0
13,1297,0
501,20,0
124,123,0
303,13,0
1205,2,0
1298,235,0
736,328,0
175,92,0
157,267,0
31,93,0
77,633,0
244,269,0
157,198,0
338,13,0
263,159,0
1299,246,0
867,4,0
352,67,0
601,54,0
204,118,0
1300,196,0
125,1301,0
630,495,0
1302,999,0
54,455,0
155,409,0
92,595,0
416,13,0
422,83,0
1303,284,0
1304,1305,0
807,1306,0
52,993,0
808,142,0
538,538,0
625,68,0
142,141,0
164,803,0
50,197,0
31,391,0
545,18,0
70,602,0
726,448,0
219,218,0
244,196,0
201,1240,0
196,188,0
1307,1147,0
150,56,0
56,150,0
54,1195,0
762,18,0
79,31,0
989,988,0
15,222,0
414,1308,0
67,882,0
914,1309,0
150,609,0
350,264,0
776,223,0
747,570,0
1310,791,0
547,308,0
694,26,0
18,280,0
10,1022,0
402,63,0
441,440,0
269,143,0
209,63,0
952,838,0
264,813,0
48,76,0
801,161,0
1210,1058,0
370,1311,0
90,1245,0
980,284,0
121,1312,0
222,719,0
1313,85,0
412,14,0
523,401,0
1142,492,0
101,1314,0
1315,408,0
211,814,0
407,269,0
1315,1197,0
309,105,0
118,219,0
337,1152,0
486,264,0
242,241,0
54,489,0
507,267,0
1316,16,0
353,1134,0
235,1298,0
851,1317,0
1282,87,0
609,54,0
891,890,0
147,153,0
211,210,0
589,589,0
1184,945,0
63,489,0
222,1318,0
158,1319,0
201,5,0
409,1088,0
1250,31,0
836,133,0
50,528,0
11,609,0
87,1320,0
83,1321,0
455,31,0
417,553,0
36,267,0
492,582,0
1322,133,0
487,328,0
131,284,0
489,319,0
349,31,0
662,314,0
54,135,0
67,1323,0
1058,125,0
1324,390,0
63,197,0
231,579,0
389,1129,0
1325,76,0
13,1250,0
1326,125,0
1087,527,0
239,1056,0
40,713,0
1290,700,0
4,358,0
1113,1327,0
583,582,0
558,1328,0
558,1329,0
101,596,0
489,142,0
80,83,0
409,217,0
83,1315,0
288,465,0
617,77,0
26,13,0
164,188,0
206,938,0
31,355,0
54,313,0
322,67,0
148,289,0
202,574,0
11,535,0
1040,97,0
1330,350,0
67,263,0
314,204,0
603,1154,0
13,194,0
20,267,0
674,268,0
174,1238,0
189,344,0
11,882,0
542,125,0
485,142,0
239,1331,0
133,847,0
569,603,0
1332,101,0
54,45,0
753,732,0
510,599,0
63,599,0
1333,520,0
189,514,0
1334,125,0
70,850,0
118,469,0
633,1023,0
1335,121,0
344,50,0
222,1336,0
1337,812,0
50,395,0
1338,474,0
347,317,0
549,1339,0
373,31,0
825,797,0
40,651,0
125,1340,0
715,498,0
880,1341,0
142,1342,0
11,968,0
394,924,0
108,1244,0
524,1095,0
20,1343,0
319,721,0
1344,592,0
41,150,0
32,67,0
641,80,0
362,323,0
31,341,0
341,31,0
334,275,0
1094,67,0
1345,987,0
127,422,0
147,41,0
194,611,0
1123,70,0
867,528,0
599,325,0
554,83,0
455,206,0
426,425,0
465,288,0
235,1346,0
54,57,0
2,824,0
85,606,0
767,1347,0
83,569,0
1348,256,0
208,54,0
510,771,0
45,196,0
214,579,0
63,771,0
653,159,0
895,54,0
194,54,0
416,1349,0
159,157,0
330,92,0
199,13,0
1350,641,0
521,121,0
475,245,0
1317,851,0
1351,1352,0
710,63,0
586,142,0
319,1038,0
196,803,0
1353,1354,0
192,243,0
1355,872,0
118,475,0
241,764,0
12,246,0
123,201,0
876,553,0
732,1356,0
12,319,0
83,530,0
492,1357,0
92,709,0
452,419,0
231,235,0
1358,191,0
123,481,0
566,54,0
252,143,0
1359,16,0
63,352,0
11,653,0
149,148,0
207,206,0
408,1119,0
202,1360,0
570,1123,0
475,133,0
63,357,0
147,289,0
196,45,0
332,704,0
67,693,0
1361,18,0
68,20,0
351,350,0
1362,1363,0
1364,511,0
70,181,0
1222,1221,0
465,330,0
133,807,0
1346,235,0
1042,28,0
123,93,0
695,222,0
252,173,0
894,893,0
159,355,0
732,753,0
532,1365,0
196,693,0
652,1366,0
742,850,0
1367,1368,0
1190,185,0
50,70,0
166,269,0
30,807,0
108,941,0
49,48,0
67,628,0
629,310,0
147,1369,0
244,142,0
13,197,0
807,67,0
11,1364,0
239,579,0
658,77,0
836,835,0
696,168,0
136,1370,0
14,1371,0
180,179,0
105,1302,0
254,394,0
1221,2,0
206,768,0
442,43,0
252,688,0
1372,174,0
802,801,0
100,99,0
123,545,0
28,1373,0
641,1060,0
999,309,0
1354,1353,0
1198,74,0
132,63,0
32,50,0
249,107,0
1374,31,0
1375,876,0
33,199,0
744,669,0
520,1333,0
983,1376,0
164,609,0
569,999,0
50,740,0
467,320,0
1012,973,0
347,480,0
968,11,0
201,603,0
230,13,0
850,196,0
116,1377,0
56,342,0
125,789,0
147,31,0
1378,876,0
31,784,0
328,73,0
822,821,0
159,1082,0
695,234,0
1379,1152,0
884,328,0
92,429,0
1,414,0
54,859,0
11,168,0
673,1380,0
125,268,0
603,448,0
13,744,0
721,123,0
14,13,0
1381,1100,0
118,148,0
838,952,0
1225,1224,0
7,252,0
1352,196,0
721,11,0
196,1223,0
419,858,0
202,419,0
585,17,0
178,433,0
13,871,0
1382,224,0
803,31,0
199,63,0
775,200,0
77,831,0
87,756,0
1208,1207,0
1383,78,0
1221,121,0
260,1207,0
41,157,0
123,280,0
50,579,0
87,1384,0
1136,54,0
616,54,0
63,487,0
1012,1385,0
744,67,0
1386,101,0
229,228,0
314,124,0
1035,73,0
67,285,0
781,101,0
13,318,0
1387,174,0
121,1388,0
690,689,0
601,196,0
87,1389,0
70,715,0
924,394,0
1121,123,0
216,68,0
268,674,0
199,267,0
531,224,0
320,467,0
168,3,0
793,792,0
50,1028,0
389,907,0
817,1390,0
1391,524,0
1392,1154,0
342,123,0
70,499,0
1393,651,0
371,125,0
142,150,0
1178,268,0
957,957,0
598,817,0
239,519,0
288,31,0
1217,817,0
974,20,0
289,579,0
735,670,0
150,252,0
454,1394,0
417,159,0
67,1395,0
1058,357,0
1174,1173,0
67,1094,0
157,426,0
314,331,0
67,83,0
269,470,0
280,216,0
332,1396,0
269,87,0
1373,28,0
1397,532,0
83,83,0
123,429,0
63,1398,0
330,465,0
603,206,0
747,644,0
891,981,0
400,123,0
181,118,0
342,269,0
77,470,0
53,377,0
1279,710,0
539,63,0
67,30,0
1399,1018,0
67,1156,0
679,679,0
683,50,0
13,791,0
385,16,0
653,11,0
713,651,0
1206,20,0
175,164,0
1400,1401,0
13,303,0
319,996,0
1087,13,0
101,314,0
68,216,0
63,579,0
885,111,0
389,635,0
118,99,0
895,319,0
1402,505,0
1084,212,0
18,8,0
157,41,0
769,768,0
713,245,0
540,26,0
328,1019,0
1403,196,0
712,711,0
18,347,0
41,147,0
405,19,0
280,452,0
882,11,0
319,315,0
1404,328,0
1405,572,0
284,1406,0
1389,87,0
957,1124,0
1249,980,0
148,67,0
618,50,0
500,31,0
1407,222,0
1408,1409,0
953,920,0
1246,405,0
500,314,0
13,1410,0
453,157,0
705,344,0
465,1202,0
56,520,0
1297,13,0
570,524,0
465,83,0
85,1411,0
70,1412,0
1413,1414,0
5,1119,0
108,1415,0
695,886,0
67,609,0
1050,1416,0
1191,73,0
1032,252,0
1318,222,0
1064,50,0
714,713,0
710,868,0
1089,432,0
33,365,0
414,33,0
373,319,0
1054,636,0
520,123,0
1095,328,0
517,462,0
535,92,0
419,157,0
649,16,0
228,125,0
208,1417,0
1043,712,0
140,478,0
268,478,0
1418,691,0
478,327,0
1355,324,0
1419,1419,0
67,244,0
727,150,0
360,591,0
1420,527,0
896,1036,0
1236,1235,0
1421,1422,0
896,332,0
285,11,0
289,420,0
500,11,0
247,159,0
1423,773,0
124,1072,0
1424,108,0
25,1021,0
513,512,0
449,448,0
137,1425,0
603,1426,0
1427,16,0
462,76,0
1268,196,0
109,239,0
485,485,0
146,36,0
54,958,0
1428,1429,0
123,719,0
108,1115,0
35,465,0
31,240,0
67,373,0
196,615,0
269,159,0
1072,124,0
67,378,0
13,147,0
196,143,0
344,196,0
50,344,0
1207,260,0
560,394,0
253,67,0
181,252,0
5,144,0
421,92,0
50,1430,0
202,143,0
352,63,0
1171,350,0
188,245,0
880,624,0
639,181,0
1431,146,0
480,475,0
389,393,0
1432,916,0
704,5,0
277,269,0
54,353,0
688,67,0
196,373,0
1050,133,0
196,494,0
478,268,0
872,871,0
1433,145,0
1026,21,0
872,1434,0
1376,983,0
52,524,0
18,1361,0
1435,492,0
136,1436,0
1347,700,0
1437,1438,0
869,209,0
1439,36,0
13,1087,0
1440,750,0
67,304,0
597,1441,0
1442,885,0
1365,532,0
244,328,0
382,1140,0
1079,125,0
1443,201,0
289,346,0
216,475,0
261,12,0
656,655,0
1178,551,0
132,1444,0
408,1445,0
1446,191,0
813,812,0
494,118,0
573,572,0
1447,1448,0
1341,880,0
142,1025,0
1194,1272,0
474,696,0
480,168,0
1016,50,0
898,897,0
463,462,0
350,1102,0
1449,18,0
83,1149,0
5,201,0
1450,328,0
641,1350,0
289,280,0
11,469,0
103,161,0
342,54,0
1451,1452,0
551,50,0
143,196,0
233,63,0
385,222,0
13,579,0
532,872,0
394,629,0
150,465,0
67,315,0
1229,1040,0
144,49,0
1453,1040,0
328,247,0
543,492,0
1454,264,0
48,1005,0
470,77,0
226,1455,0
1411,1456,0
1457,1458,0
1459,414,0
1293,1293,0
1460,424,0
537,536,0
520,1024,0
289,7,0
1108,339,0
20,596,0
196,1121,0
347,31,0
1344,323,0
76,75,0
1095,524,0
150,159,0
187,157,0
408,1315,0
303,67,0
142,143,0
12,196,0
319,634,0
10,938,0
542,18,0
116,267,0
849,269,0
178,563,0
194,13,0
267,414,0
894,16,0
64,1461,0
222,695,0
897,63,0
144,124,0
500,123,0
418,31,0
1462,54,0
1463,999,0
535,216,0
1377,116,0
168,361,0
11,475,0
289,429,0
54,597,0
101,1386,0
1464,21,0
221,220,0
1096,414,0
882,67,0
357,63,0
938,108,0
31,827,0
217,409,0
426,1457,0
454,13,0
807,267,0
18,176,0
245,135,0
67,32,0
54,341,0
140,332,0
31,443,0
478,740,0
648,519,0
284,131,0
144,5,0
48,1465,0
603,603,0
85,893,0
174,1466,0
75,329,0
18,89,0
491,495,0
342,142,0
1123,63,0
133,419,0
36,1439,0
67,469,0
270,108,0
133,71,0
196,1467,0
63,429,0
252,1288,0
720,596,0
1468,1453,0
419,996,0
977,269,0
627,1094,0
1295,206,0
671,13,0
216,419,0
168,11,0
13,50,0
606,688,0
328,479,0
458,121,0
191,469,0
902,457,0
201,200,0
603,1469,0
67,168,0
467,39,0
67,455,0
164,141,0
350,1470,0
240,1471,0
1472,140,0
662,31,0
419,133,0
319,342,0
470,472,0
142,204,0
171,627,0
358,125,0
50,321,0
1473,492,0
328,1041,0
3,168,0
70,515,0
783,1474,0
252,887,0
196,168,0
1475,19,0
1476,73,0
685,292,0
195,194,0
21,1145,0
142,767,0
247,510,0
31,124,0
1477,1478,0
75,1167,0
1198,10,0
510,878,0
63,1008,0
1438,1437,0
63,153,0
121,848,0
54,566,0
719,70,0
695,118,0
150,1479,0
1058,10,0
67,475,0
123,661,0
996,319,0
861,87,0
1010,328,0
1452,1451,0
104,103,0
477,121,0
246,244,0
1480,1481,0
644,728,0
174,1482,0
267,874,0
1483,1166,0
1196,945,0
106,7,0
1185,925,0
76,198,0
1457,426,0
222,581,0
1484,414,0
136,286,0
705,35,0
753,1485,0
28,1042,0
953,2,0
150,67,0
753,680,0
432,170,0
367,196,0
314,406,0
1486,957,0
546,118,0
1370,136,0
67,489,0
13,416,0
251,136,0
791,33,0
174,1487,0
67,1295,0
48,210,0
1398,271,0
31,1488,0
1489,4,0
125,979,0
252,288,0
164,56,0
454,328,0
628,168,0
1121,196,0
87,1490,0
373,1263,0
342,118,0
966,52,0
13,280,0
101,1491,0
1022,123,0
83,1215,0
752,63,0
123,313,0
349,54,0
1438,532,0
405,157,0
1492,1412,0
10,9,0
891,513,0
510,1245,0
1167,75,0
13,1493,0
272,13,0
319,30,0
83,618,0
985,132,0
1494,1495,0
33,157,0
83,1038,0
474,615,0
1496,389,0
12,118,0
426,157,0
1128,732,0
710,1442,0
108,1497,0
105,372,0
234,286,0
415,110,0
53,52,0
373,598,0
61,60,0
1193,1498,0
1047,499,0
1499,1067,0
414,1,0
627,373,0
401,1054,0
878,510,0
177,68,0
196,1500,0
54,263,0
408,1000,0
802,191,0
670,735,0
729,520,0
202,328,0
570,1501,0
758,362,0
395,395,0
307,520,0
31,262,0
405,174,0
326,50,0
633,124,0
793,1432,0
997,252,0
2,1502,0
159,32,0
196,1217,0
286,171,0
1503,448,0
882,54,0
252,1504,0
724,885,0
1482,174,0
565,914,0
450,157,0
290,142,0
172,171,0
610,142,0
408,387,0
277,522,0
478,247,0
859,67,0
319,500,0
72,71,0
174,1372,0
285,63,0
1505,1506,0
738,54,0
50,1293,0
60,1507,0
118,117,0
1508,1508,0
1301,366,0
1509,168,0
164,782,0
1154,1153,0
350,1510,0
332,682,0
1296,1295,0
159,269,0
553,1511,0
781,196,0
341,54,0
1087,264,0
263,54,0
998,13,0
283,294,0
7,1105,0
145,144,0
408,1512,0
592,1425,0
481,480,0
319,244,0
102,101,0
133,1513,0
511,63,0
13,322,0
150,50,0
173,269,0
29,28,0
67,141,0
1459,101,0
342,164,0
1020,409,0
886,708,0
634,118,0
63,1210,0
12,92,0
150,245,0
976,133,0
191,1446,0
116,205,0
92,782,0
1347,767,0
932,13,0
73,1514,0
412,1049,0
97,1040,0
570,853,0
987,1345,0
1515,409,0
378,67,0
884,136,0
77,756,0
288,269,0
13,1516,0
1181,67,0
230,289,0
124,144,0
443,222,0
235,685,0
1245,90,0
31,45,0
505,1402,0
429,63,0
890,52,0
60,474,0
1506,1301,0
36,1028,0
26,495,0
550,1517,0
432,177,0
1335,425,0
552,339,0
63,535,0
847,133,0
448,1518,0
156,32,0
409,1515,0
16,1316,0
292,685,0
647,425,0
121,521,0
510,1114,0
715,538,0
123,30,0
726,358,0
1217,196,0
788,720,0
54,122,0
999,658,0
54,347,0
269,148,0
252,997,0
105,470,0
394,686,0
805,1280,0
105,87,0
609,118,0
133,913,0
284,5,0
342,196,0
1396,174,0
1510,350,0
346,31,0
13,1017,0
947,876,0
1276,214,0
549,548,0
70,50,0
1202,231,0
319,12,0
1444,132,0
521,269,0
395,108,0
159,247,0
202,757,0
1046,1519,0
8,118,0
196,33,0
1520,29,0
13,174,0
510,657,0
535,549,0
77,107,0
289,458,0
407,603,0
222,196,0
867,67,0
67,1181,0
529,339,0
92,91,0
292,423,0
1521,448,0
713,1130,0
68,48,0
60,209,0
174,1522,0
1062,1315,0
235,125,0
303,125,0
1475,83,0
70,1421,0
402,198,0
468,50,0
222,1407,0
31,201,0
603,407,0
389,467,0
247,1287,0
31,1523,0
1524,263,0
1525,140,0
157,33,0
474,1526,0
691,124,0
25,362,0
176,467,0
56,357,0
31,481,0
673,442,0
241,1527,0
1528,171,0
579,317,0
1121,8,0
1049,159,0
1018,332,0
269,166,0
570,38,0
304,92,0
314,485,0
563,67,0
118,342,0
409,1529,0
123,244,0
655,52,0
1530,473,0
336,13,0
446,519,0
164,355,0
125,542,0
452,653,0
1531,370,0
1532,10,0
1123,570,0
1533,1534,0
25,174,0
311,1510,0
157,255,0
408,702,0
275,1535,0
367,472,0
1412,70,0
395,50,0
1536,17,0
79,11,0
29,1520,0
136,327,0
320,31,0
474,473,0
150,727,0
1537,641,0
603,159,0
405,552,0
513,1148,0
1538,474,0
12,216,0
197,196,0
148,123,0
1411,85,0
431,430,0
1539,570,0
666,252,0
283,424,0
842,841,0
125,481,0
448,726,0
1197,1315,0
1058,1210,0
252,148,0
703,181,0
510,268,0
421,11,0
751,16,0
483,482,0
88,237,0
848,121,0
108,1540,0
1245,510,0
54,955,0
13,932,0
916,1432,0
474,1541,0
63,454,0
313,70,0
757,73,0
475,31,0
319,546,0
10,7,0
118,437,0
234,233,0
188,118,0
723,711,0
860,1014,0
212,1542,0
419,1281,0
194,872,0
346,289,0
1543,1544,0
388,876,0
16,1545,0
932,171,0
131,311,0
918,917,0
196,391,0
130,129,0
520,146,0
30,92,0
1437,1129,0
956,955,0
239,1546,0
887,269,0
1327,1113,0
1298,1547,0
1548,328,0
312,121,0
1277,1070,0
791,267,0
570,1549,0
719,123,0
461,50,0
455,67,0
49,144,0
1411,1300,0
50,80,0
524,52,0
372,105,0
124,633,0
33,32,0
63,70,0
272,982,0
252,166,0
226,711,0
422,231,0
159,211,0
756,105,0
936,458,0
198,76,0
1043,226,0
1017,13,0
520,63,0
417,416,0
54,851,0
1432,793,0
1014,13,0
23,168,0
51,83,0
473,28,0
317,330,0
924,132,0
429,574,0
424,1053,0
1327,152,0
443,142,0
394,1550,0
1250,196,0
319,489,0
409,958,0
500,54,0
56,349,0
1285,16,0
118,500,0
181,13,0
577,465,0
665,550,0
269,886,0
743,899,0
349,196,0
750,1551,0
54,609,0
508,373,0
1552,319,0
322,63,0
499,1047,0
802,1221,0
782,462,0
855,474,0
1329,558,0
1028,36,0
159,300,0
122,118,0
52,1553,0
1135,499,0
67,1554,0
70,830,0
105,309,0
1197,408,0
108,270,0
150,314,0
1073,1209,0
196,666,0
314,315,0
140,488,0
70,13,0
700,519,0
803,1194,0
143,33,0
532,1397,0
1248,272,0
171,344,0
394,1050,0
1311,370,0
222,1290,0
695,171,0
16,1427,0
222,786,0
480,878,0
67,355,0
108,397,0
1319,158,0
18,407,0
244,159,0
11,204,0
735,272,0
56,579,0
532,531,0
253,252,0
389,118,0
125,1058,0
1555,4,0
805,550,0
1506,1505,0
257,31,0
1510,311,0
523,31,0
252,7,0
408,362,0
1335,527,0
85,1556,0
246,1299,0
83,1557,0
124,1558,0
373,196,0
11,228,0
1559,601,0
123,455,0
121,1221,0
338,234,0
1172,294,0
521,142,0
607,621,0
11,285,0
56,177,0
67,838,0
1031,328,0
1473,2,0
16,1560,0
1561,73,0
22,764,0
231,54,0
335,1147,0
493,492,0
196,506,0
1339,549,0
1244,108,0
81,1562,0
1411,1539,0
294,1303,0
771,271,0
146,717,0
457,456,0
1328,558,0
481,125,0
68,1563,0
353,142,0
312,196,0
202,865,0
216,12,0
211,1110,0
4,867,0
425,1564,0
196,1300,0
459,121,0
168,196,0
555,1370,0
347,159,0
355,110,0
1103,50,0
830,13,0
408,1041,0
269,420,0
403,323,0
1119,408,0
419,775,0
142,662,0
1565,13,0
31,148,0
87,239,0
26,694,0
938,31,0
118,721,0
67,1566,0
269,641,0
1229,1235,0
1567,154,0
719,1568,0
1103,83,0
823,86,0
1033,1032,0
927,705,0
11,878,0
427,335,0
48,722,0
13,1275,0
35,269,0
347,54,0
207,31,0
1384,73,0
854,168,0
296,1569,0
1103,1103,0
720,1570,0
264,1571,0
328,436,0
1187,68,0
67,341,0
314,475,0
651,713,0
76,48,0
409,371,0
289,230,0
206,511,0
1147,335,0
418,54,0
219,118,0
1357,492,0
830,639,0
376,613,0
355,67,0
1363,450,0
557,328,0
267,199,0
141,328,0
695,269,0
1414,1413,0
570,622,0
1417,208,0
918,724,0
831,999,0
118,695,0
267,1065,0
209,70,0
284,1460,0
487,67,0
317,385,0
705,1057,0
961,644,0
571,558,0
520,560,0
685,235,0
150,123,0
408,1572,0
31,166,0
510,247,0
2,580,0
764,168,0
429,92,0
11,99,0
97,838,0
528,110,0
133,475,0
77,16,0
1152,1379,0
83,155,0
222,1307,0
887,142,0
1022,644,0
13,1565,0
710,1573,0
252,719,0
11,1574,0
319,318,0
150,269,0
585,216,0
1534,329,0
535,63,0
246,12,0
83,1082,0
81,1575,0
1179,664,0
885,1442,0
207,123,0
1434,872,0
664,1179,0
603,201,0
728,414,0
1576,269,0
107,1577,0
118,546,0
803,196,0
124,691,0
960,527,0
429,281,0
209,869,0
89,82,0
737,736,0
384,54,0
67,878,0
831,140,0
627,196,0
174,173,0
164,545,0
370,1531,0
110,355,0
487,63,0
1090,206,0
1317,379,0
791,1310,0
67,1179,0
494,67,0
73,764,0
429,54,0
470,157,0
121,1335,0
492,1578,0
146,308,0
628,206,0
1219,123,0
713,40,0
1305,1304,0
878,159,0
346,159,0
481,902,0
101,1030,0
83,344,0
188,31,0
317,347,0
661,31,0
4,343,0
174,1396,0
118,827,0
1068,1067,0
1471,240,0
563,314,0
171,428,0
16,15,0
391,92,0
63,150,0
290,31,0
36,495,0
70,224,0
389,142,0
1579,21,0
1580,125,0
11,470,0
11,304,0
319,384,0
553,651,0
448,1521,0
226,1043,0
707,269,0
31,662,0
264,350,0
13,392,0
325,184,0
513,891,0
142,347,0
247,478,0
1183,241,0
85,815,0
231,407,0
288,196,0
641,915,0
474,33,0
774,877,0
13,770,0
330,317,0
70,63,0
1340,125,0
148,269,0
125,1581,0
56,429,0
1082,159,0
1177,513,0
18,762,0
1163,1162,0
50,1552,0
133,449,0
191,1358,0
503,132,0
20,1090,0
387,1150,0
142,1119,0
852,916,0
10,1582,0
401,148,0
420,289,0
317,851,0
83,422,0
474,191,0
481,11,0
228,118,0
372,26,0
621,876,0
510,1041,0
1495,1494,0
1544,1543,0
150,419,0
315,67,0
301,7,0
627,171,0
70,599,0
262,206,0
619,50,0
940,133,0
452,500,0
474,1538,0
222,1357,0
50,150,0
140,786,0
284,283,0
991,990,0
317,1583,0
1465,48,0
475,959,0
95,1063,0
2,630,0
118,1584,0
601,1559,0
92,394,0
189,1501,0
132,344,0
876,1378,0
520,307,0
378,123,0
500,256,0
9,1585,0
20,1586,0
1000,67,0
31,400,0
121,1087,0
123,407,0
321,478,0
26,1587,0
550,665,0
1110,211,0
408,1062,0
61,174,0
636,4,0
272,1147,0
51,1179,0
492,1588,0
235,18,0
450,1363,0
245,347,0
280,31,0
632,691,0
465,60,0
241,1411,0
429,216,0
122,123,0
520,449,0
272,688,0
500,196,0
937,247,0
118,79,0
1589,1590,0
7,70,0
1041,328,0
767,1591,0
73,1384,0
252,239,0
1024,1023,0
609,67,0
328,884,0
799,798,0
419,67,0
67,66,0
513,87,0
241,1592,0
1474,783,0
92,661,0
159,475,0
389,137,0
272,613,0
213,1327,0
528,50,0
768,206,0
269,150,0
1111,269,0
448,1503,0
261,30,0
537,537,0
886,269,0
507,1169,0
206,661,0
419,202,0
328,903,0
87,105,0
389,1496,0
329,1534,0
13,1593,0
319,349,0
986,21,0
817,672,0
87,269,0
511,54,0
50,539,0
1478,1477,0
398,1256,0
524,570,0
328,1548,0
310,309,0
700,1290,0
436,802,0
191,1594,0
26,25,0
157,453,0
121,935,0
118,315,0
1385,1012,0
54,888,0
11,173,0
1398,63,0
4,1489,0
401,751,0
64,442,0
1523,222,0
67,1000,0
1017,1103,0
1595,133,0
570,928,0
99,159,0
150,70,0
366,304,0
626,482,0
32,198,0
142,485,0
1596,1052,0
810,196,0
778,655,0
1231,1230,0
143,314,0
534,231,0
246,347,0
13,659,0
67,12,0
142,300,0
1106,370,0
1597,945,0
1113,121,0
67,601,0
513,980,0
892,56,0
1488,31,0
123,347,0
171,1186,0
16,1285,0
433,432,0
33,1054,0
576,214,0
188,67,0
67,511,0
448,222,0
280,13,0
494,31,0
142,1598,0
161,801,0
67,268,0
565,133,0
196,601,0
834,252,0
355,125,0
1060,641,0
54,188,0
121,1076,0
192,191,0
1416,1050,0
1049,1411,0
157,680,0
103,33,0
475,480,0
54,535,0
373,508,0
350,116,0
142,389,0
366,1301,0
269,342,0
157,1599,0
740,50,0
470,11,0
1585,9,0
35,1600,0
150,142,0
171,974,0
150,319,0
223,222,0
394,560,0
377,67,0
328,1010,0
2,1473,0
63,539,0
1043,294,0
150,1454,0
350,80,0
492,1601,0
159,1038,0
889,142,0
25,1247,0
817,1260,0
523,67,0
1010,465,0
429,323,0
678,311,0
743,108,0
708,317,0
897,492,0
226,927,0
1116,133,0
872,1355,0
10,257,0
50,152,0
495,630,0
17,1536,0
688,905,0
16,894,0
874,33,0
904,130,0
1602,269,0
344,54,0
297,296,0
234,222,0
67,782,0
5,186,0
347,196,0
837,132,0
1454,150,0
579,289,0
1365,1434,0
1236,32,0
553,876,0
1237,677,0
168,167,0
871,13,0
1062,142,0
13,1070,0
133,1116,0
13,143,0
201,118,0
713,164,0
110,265,0
429,565,0
1603,22,0
224,1382,0
222,1002,0
1584,118,0
212,1084,0
204,11,0
1168,1167,0
198,32,0
412,269,0
764,22,0
558,571,0
136,35,0
1604,1018,0
118,1266,0
1267,96,0
1236,21,0
379,1317,0
489,54,0
455,123,0
83,67,0
1058,1057,0
1605,502,0
189,269,0
458,652,0
328,1013,0
1518,448,0
257,118,0
946,945,0
125,1352,0
527,1335,0
199,198,0
16,1606,0
660,116,0
371,252,0
48,1607,0
1527,241,0
143,108,0
314,201,0
31,30,0
579,56,0
1089,235,0
712,1065,0
539,50,0
668,4,0
581,580,0
11,721,0
256,500,0
437,436,0
373,219,0
181,70,0
240,13,0
320,54,0
216,535,0
474,1608,0
319,150,0
328,342,0
108,67,0
535,1058,0
108,792,0
711,226,0
659,142,0
1609,395,0
328,1450,0
314,500,0
1211,527,0
31,1264,0
375,272,0
651,999,0
1501,189,0
233,448,0
636,375,0
1302,105,0
234,35,0
73,1610,0
405,1126,0
256,347,0
41,532,0
474,1611,0
252,342,0
17,366,0
83,1016,0
320,1612,0
125,342,0
1266,118,0
31,207,0
338,510,0
579,239,0
209,142,0
688,272,0
439,585,0
61,1141,0
118,201,0
54,892,0
378,319,0
147,146,0
906,101,0
159,1181,0
30,142,0
662,196,0
118,938,0
33,950,0
150,31,0
1613,159,0
100,1448,0
1448,100,0
535,419,0
629,548,0
314,255,0
154,1567,0
475,54,0
429,196,0
1148,513,0
1327,1226,0
1614,457,0
17,550,0
348,78,0
196,767,0
1542,13,0
1145,21,0
895,159,0
696,794,0
1252,168,0
70,600,0
1067,1499,0
1606,221,0
269,520,0
13,272,0
146,1431,0
1224,1224,0
246,268,0
31,244,0
1102,350,0
407,56,0
18,542,0
252,1028,0
318,13,0
782,67,0
705,140,0
92,330,0
791,159,0
1560,16,0
1014,860,0
710,55,0
1615,116,0
1616,954,0
563,178,0
244,67,0
56,1617,0
275,332,0
101,906,0
344,308,0
240,1618,0
244,125,0
1619,159,0
527,1211,0
67,721,0
1065,712,0
289,394,0
81,384,0
1620,57,0
476,343,0
314,229,0
993,992,0
235,1089,0
108,63,0
253,269,0
1511,553,0
392,328,0
68,399,0
628,258,0
150,164,0
118,389,0
31,12,0
1315,1062,0
125,244,0
1228,1227,0
83,1064,0
33,507,0
470,999,0
37,36,0
723,1621,0
2,1278,0
532,41,0
157,470,0
174,1387,0
1411,241,0
26,1365,0
1034,126,0
513,417,0
585,584,0
140,831,0
56,476,0
50,1622,0
18,17,0
1008,63,0
342,319,0
559,558,0
1592,241,0
460,101,0
967,85,0
125,1273,0
797,825,0
1411,168,0
368,367,0
641,1623,0
278,277,0
885,724,0
434,133,0
215,603,0
222,448,0
4,668,0
255,136,0
133,1595,0
245,12,0
372,999,0
520,13,0
52,1291,0
168,764,0
474,1060,0
1090,67,0
315,314,0
1434,1365,0
1401,1400,0
11,827,0
1023,633,0
929,673,0
1046,673,0
209,553,0
506,83,0
373,905,0
196,344,0
1363,1362,0
210,48,0
1160,448,0
641,1001,0
1542,159,0
209,60,0
931,10,0
87,250,0
1417,389,0
247,63,0
252,520,0
1624,73,0
67,247,0
323,856,0
263,1524,0
171,695,0
827,11,0
50,1253,0
740,83,0
661,332,0
1023,1625,0
67,419,0
13,1542,0
142,819,0
83,421,0
246,147,0
511,196,0
1122,137,0
1154,603,0
196,93,0
1300,1411,0
473,1072,0
261,885,0
141,136,0
838,97,0
355,123,0
379,150,0
33,266,0
350,1330,0
408,1197,0
394,393,0
92,122,0
535,142,0
7,1164,0
196,475,0
267,116,0
1214,54,0
87,1289,0
289,400,0
206,175,0
817,1217,0
50,363,0
389,1417,0
20,63,0
1626,1475,0
296,101,0
18,609,0
1606,16,0
485,314,0
851,54,0
315,164,0
878,480,0
1101,615,0
1293,50,0
317,7,0
31,320,0
206,1627,0
617,907,0
713,713,0
300,63,0
229,56,0
70,742,0
1321,50,0
157,419,0
67,1628,0
53,505,0
834,269,0
319,545,0
353,133,0
519,87,0
16,1629,0
520,1630,0
465,1017,0
286,408,0
269,695,0
33,20,0
30,164,0
206,475,0
13,26,0
975,263,0
68,201,0
727,13,0
698,328,0
269,173,0
67,799,0
159,1613,0
271,1398,0
506,196,0
31,342,0
142,530,0
1572,408,0
474,1631,0
314,977,0
245,1632,0
20,45,0
314,878,0
296,1633,0
448,603,0
478,474,0
56,402,0
972,154,0
52,106,0
1349,416,0
243,1110,0
129,638,0
494,123,0
118,438,0
1519,1046,0
520,995,0
216,244,0
31,455,0
524,1391,0
1274,474,0
675,674,0
510,153,0
16,1359,0
360,110,0
125,833,0
325,66,0
133,878,0
49,88,0
63,285,0
140,1525,0
1602,450,0
452,347,0
546,67,0
206,201,0
408,558,0
50,551,0
504,252,0
132,416,0
188,314,0
202,550,0
397,247,0
123,122,0
4,3,0
216,150,0
398,398,0
1629,16,0
467,176,0
695,63,0
63,1474,0
634,272,0
887,252,0
11,166,0
132,837,0
125,1326,0
1551,750,0
143,269,0
454,90,0
121,458,0
881,522,0
408,286,0
850,33,0
1062,408,0
223,202,0
1062,462,0
224,165,0
550,17,0
89,2,0
333,41,0
26,356,0
35,252,0
34,1019,0
123,1090,0
557,397,0
402,267,0
791,198,0
121,1234,0
148,118,0
222,563,0
1368,1367,0
328,1634,0
337,1226,0
809,96,0
651,1393,0
82,89,0
999,78,0
210,775,0
1086,252,0
1093,312,0
546,31,0
315,123,0
791,13,0
264,1454,0
469,63,0
118,709,0
7,1138,0
300,478,0
1635,553,0
221,546,0
704,629,0
954,1616,0
252,695,0
572,1405,0
125,1580,0
76,1325,0
448,1042,0
32,56,0
903,328,0
54,895,0
196,12,0
912,13,0
216,585,0
1000,123,0
1636,1020,0
168,983,0
500,246,0
257,10,0
1586,20,0
959,475,0
199,33,0
83,321,0
269,571,0
214,776,0
327,478,0
269,1177,0
152,1327,0
1513,133,0
356,26,0
85,1313,0
252,1637,0
16,385,0
85,1140,0
458,289,0
57,1620,0
196,222,0
20,68,0
1504,252,0
1072,1486,0
47,13,0
188,54,0
31,347,0
264,132,0
1370,555,0
346,11,0
31,500,0
327,231,0
500,118,0
424,1460,0
545,164,0
1250,206,0
389,344,0
579,50,0
142,684,0
231,17,0
125,489,0
124,92,0
1002,31,0
50,1008,0
1028,50,0
1583,317,0
191,718,0
887,319,0
92,175,0
311,131,0
269,954,0
927,226,0
221,1606,0
1352,125,0
750,749,0
492,1240,0
173,252,0
13,892,0
101,684,0
206,693,0
1638,90,0
244,624,0
115,136,0
395,83,0
71,726,0
607,125,0
108,41,0
116,1615,0
1016,18,0
13,335,0
253,196,0
328,698,0
983,168,0
1639,362,0
87,906,0
631,630,0
63,1070,0
118,189,0
1610,73,0
56,610,0
1070,13,0
1411,1049,0
475,196,0
1046,1045,0
362,1639,0
247,419,0
1217,18,0
1147,1307,0
1110,414,0
1640,125,0
416,132,0
196,312,0
171,197,0
1040,332,0
189,626,0
701,168,0
92,609,0
615,474,0
1641,108,0
373,137,0
33,103,0
467,613,0
159,471,0
12,142,0
511,1364,0
362,1577,0
314,286,0
252,150,0
580,2,0
1425,592,0
1642,1643,0
1479,150,0
1210,63,0
317,708,0
168,480,0
1240,36,0
18,150,0
780,85,0
495,491,0
954,269,0
142,342,0
1210,950,0
150,257,0
603,67,0
1242,1241,0
231,851,0
641,708,0
226,1476,0
16,77,0
317,244,0
920,1345,0
140,1472,0
1481,1480,0
520,252,0
629,704,0
700,1347,0
371,409,0
296,933,0
159,878,0
256,1348,0
353,54,0
90,1638,0
280,159,0
33,414,0
532,1438,0
319,650,0
212,860,0
758,991,0
191,474,0
1644,621,0
892,13,0
1192,64,0
1123,118,0
54,613,0
280,54,0
56,721,0
478,887,0
347,142,0
196,627,0
386,63,0
549,638,0
188,123,0
159,1619,0
1468,1645,0
812,1337,0
121,1518,0
13,762,0
300,13,0
150,256,0
736,832,0
1408,1646,0
602,13,0
92,481,0
54,66,0
1590,1589,0
300,142,0
830,902,0
294,332,0
412,892,0
770,319,0
36,1132,0
54,657,0
375,196,0
68,596,0
63,710,0
50,683,0
1209,1100,0
114,70,0
67,545,0
601,92,0
243,474,0
157,1647,0
556,555,0
510,791,0
545,245,0
64,1074,0
652,13,0
1467,196,0
1179,67,0
181,638,0
744,13,0
974,171,0
1154,1392,0
244,314,0
1648,1012,0
1047,824,0
1288,121,0
90,454,0
159,417,0
83,1103,0
147,13,0
11,481,0
133,689,0
73,1624,0
395,1609,0
157,760,0
1283,83,0
334,150,0
1200,1199,0
319,1552,0
224,1649,0
1245,142,0
182,192,0
1135,106,0
424,283,0
679,83,0
1220,817,0
234,135,0
317,663,0
419,54,0
1650,53,0
121,483,0
85,149,0
56,40,0
76,1052,0
252,521,0
1481,1651,0
580,124,0
1233,222,0
1652,1653,0
419,811,0
1018,1257,0
1226,1327,0
796,275,0
1020,1636,0
634,256,0
479,510,0
52,814,0
256,153,0
33,850,0
171,1528,0
745,744,0
475,289,0
1030,101,0
548,629,0
288,328,0
332,865,0
1571,264,0
463,108,0
502,1605,0
689,133,0
54,601,0
455,54,0
87,1654,0
670,626,0
767,196,0
269,721,0
194,56,0
1089,1088,0
231,1028,0
268,56,0
624,244,0
329,116,0
1030,222,0
613,67,0
319,887,0
153,118,0
150,63,0
54,268,0
30,319,0
791,1169,0
132,985,0
123,378,0
267,791,0
143,142,0
448,1160,0
1380,673,0
1445,408,0
494,54,0
1355,1029,0
118,634,0
727,317,0
17,125,0
142,500,0
11,1032,0
570,1539,0
6,5,0
522,309,0
1517,550,0
1157,108,0
155,387,0
1181,198,0
1104,1072,0
394,1000,0
67,188,0
345,240,0
1294,592,0
719,222,0
159,1542,0
818,817,0
661,123,0
820,1058,0
914,565,0
269,357,0
419,150,0
1455,226,0
63,85,0
492,285,0
157,209,0
390,1324,0
56,160,0
60,478,0
140,705,0
219,373,0
106,105,0
1475,1626,0
188,319,0
492,954,0
136,50,0
31,546,0
67,148,0
142,244,0
1539,1411,0
197,478,0
67,867,0
492,1473,0
863,1655,0
565,339,0
28,473,0
527,1087,0
257,256,0
333,245,0
12,164,0
328,830,0
67,150,0
1541,474,0
698,25,0
85,112,0
108,599,0
119,673,0
328,286,0
123,1121,0
35,510,0
527,1420,0
164,713,0
878,142,0
653,452,0
287,76,0
48,1006,0
269,1656,0
184,349,0
700,227,0
713,196,0
275,796,0
1647,157,0
715,1047,0
347,67,0
283,121,0
50,1657,0
31,1250,0
245,481,0
63,279,0
267,36,0
792,108,0
275,59,0
20,19,0
1599,157,0
73,328,0
1658,73,0
266,33,0
201,1015,0
474,1338,0
105,107,0
31,535,0
668,492,0
286,328,0
1563,68,0
474,1368,0
650,67,0
1491,101,0
1522,174,0
53,1650,0
576,520,0
579,13,0
399,68,0
1523,31,0
1356,732,0
11,154,0
244,123,0
222,136,0
4,454,0
197,171,0
1097,350,0
366,17,0
462,517,0
950,1210,0
63,132,0
524,754,0
999,1302,0
206,1090,0
641,1537,0
70,437,0
171,286,0
621,1644,0
50,155,0
437,118,0
328,736,0
206,378,0
148,401,0
1293,168,0
1612,320,0
328,1528,0
665,226,0
918,1064,0
1535,275,0
465,150,0
150,18,0
63,62,0
452,280,0
1301,1506,0
101,221,0
224,70,0
323,362,0
25,698,0
1148,1050,0
1323,67,0
314,30,0
478,60,0
268,54,0
535,159,0
551,83,0
328,1404,0
252,357,0
1634,328,0
350,678,0
151,150,0
775,210,0
269,487,0
478,683,0
905,688,0
53,323,0
136,1059,0
383,16,0
17,56,0
20,1659,0
615,614,0
125,371,0
140,205,0
125,235,0
956,240,0
1134,1133,0
136,141,0
319,770,0
269,834,0
599,510,0
470,105,0
1660,1193,0
601,56,0
1014,871,0
1166,603,0
268,1178,0
150,165,0
189,252,0
373,1661,0
200,775,0
1150,21,0
142,1098,0
1564,425,0
1662,1596,0
188,196,0
89,371,0
328,694,0
1364,11,0
289,475,0
196,485,0
661,196,0
31,79,0
171,579,0
125,303,0
1556,85,0
616,319,0
1090,123,0
165,224,0
264,1087,0
50,422,0
688,606,0
1663,63,0
639,830,0
499,498,0
492,1175,0
290,196,0
153,147,0
335,13,0
308,146,0
300,159,0
1308,414,0
716,705,0
21,388,0
115,234,0
328,557,0
196,781,0
29,672,0
108,564,0
106,1135,0
1426,603,0
451,83,0
1490,87,0
189,118,0
319,181,0
118,8,0
83,395,0
142,1223,0
552,405,0
269,288,0
362,408,0
1136,125,0
13,114,0
39,272,0
378,93,0
408,903,0
26,1664,0
267,807,0
353,206,0
525,524,0
658,999,0
106,1665,0
463,1109,0
263,118,0
21,1236,0
1069,275,0
999,1463,0
338,171,0
314,244,0
181,11,0
64,929,0
319,535,0
31,958,0
462,1117,0
216,395,0
269,579,0
159,150,0
136,322,0
13,175,0
721,269,0
213,212,0
1301,125,0
402,1666,0
26,50,0
465,166,0
533,13,0
478,197,0
74,1198,0
196,1084,0
134,133,0
400,92,0
328,487,0
1667,296,0
1352,1351,0
328,719,0
101,1459,0
638,181,0
245,601,0
11,1451,0
11,181,0
56,407,0
193,50,0
1345,36,0
813,264,0
235,231,0
142,546,0
645,644,0
1207,110,0
1668,1583,0
1633,296,0
191,313,0
1669,335,0
147,401,0
41,108,0
166,252,0
569,83,0
92,888,0
326,83,0
1649,224,0
73,1071,0
196,713,0
123,45,0
1528,328,0
1146,914,0
384,67,0
991,492,0
673,1046,0
693,67,0
246,188,0
157,116,0
916,785,0
892,412,0
1295,67,0
1557,83,0
244,325,0
355,206,0
832,85,0
279,424,0
33,474,0
255,245,0
1004,550,0
206,628,0
1236,1669,0
228,256,0
141,67,0
389,54,0
475,159,0
196,878,0
1618,240,0
1048,492,0
57,54,0
147,246,0
598,597,0
159,662,0
1307,222,0
54,419,0
123,1022,0
475,67,0
63,968,0
311,678,0
221,833,0
686,855,0
1100,1099,0
11,189,0
11,1285,0
1670,157,0
546,123,0
519,446,0
1360,202,0
162,36,0
442,673,0
31,150,0
314,101,0
663,402,0
544,110,0
136,321,0
475,11,0
269,208,0
93,378,0
320,872,0
142,489,0
791,510,0
1665,106,0
729,1092,0
450,1602,0
1292,13,0
696,474,0
18,244,0
130,157,0
245,333,0
417,513,0
1259,453,0
1412,1492,0
1470,350,0
665,222,0
1578,492,0
1515,26,0
860,212,0
68,1671,0
252,579,0
70,114,0
30,245,0
1262,68,0
683,83,0
553,552,0
319,1322,0
137,39,0
492,568,0
245,150,0
159,859,0
1653,1652,0
123,141,0
1672,52,0
767,766,0
1673,1457,0
1064,918,0
145,1433,0
50,1638,0
11,342,0
888,118,0
209,157,0
764,73,0
206,1295,0
1240,492,0
712,949,0
626,189,0
142,443,0
906,370,0
10,776,0
474,436,0
101,781,0
114,314,0
494,196,0
762,328,0
903,136,0
151,85,0
888,252,0
920,953,0
1118,712,0
136,135,0
384,319,0
893,85,0
595,92,0
1674,673,0
674,56,0
1622,50,0
118,80,0
108,33,0
10,1532,0
773,772,0
602,63,0
8,54,0
124,580,0
495,533,0
712,362,0
1181,159,0
1501,570,0
1314,101,0
1169,791,0
11,260,0
922,157,0
73,1658,0
532,1029,0
244,13,0
101,1332,0
1596,1662,0
142,1675,0
234,695,0
45,317,0
414,1484,0
56,535,0
1453,1468,0
18,315,0
319,282,0
33,819,0
33,174,0
319,188,0
1322,319,0
2,89,0
31,303,0
267,402,0
175,63,0
66,54,0
1270,1269,0
107,581,0
999,569,0
1086,221,0
1550,394,0
603,569,0
196,665,0
1406,284,0
94,93,0
349,184,0
216,579,0
83,279,0
885,1105,0
235,216,0
63,1663,0
204,314,0
925,1185,0
54,229,0
234,115,0
796,171,0
1623,641,0
221,101,0
652,652,0
848,847,0
245,653,0
275,73,0
33,874,0
328,244,0
328,288,0
79,118,0
31,938,0
592,1344,0
323,429,0
886,347,0
994,296,0
73,1561,0
474,60,0
252,208,0
708,849,0
269,977,0
252,1032,0
626,670,0
70,1123,0
299,298,0
32,1236,0
132,711,0
957,473,0
1676,144,0
68,731,0
1315,83,0
342,125,0
245,124,0
196,255,0
492,897,0
314,429,0
463,492,0
94,1023,0
231,670,0
760,759,0
457,1614,0
578,116,0
1303,294,0
222,443,0
546,54,0
1040,1453,0
92,391,0
48,1464,0
63,897,0
1088,409,0
280,289,0
1250,13,0
101,541,0
500,92,0
159,99,0
20,1677,0
407,123,0
81,80,0
1024,570,0
73,1011,0
1594,191,0
666,319,0
609,11,0
711,723,0
11,634,0
389,1678,0
1029,1355,0
19,29,0
232,231,0
63,1679,0
269,1576,0
171,1680,0
389,265,0
269,429,0
478,487,0
133,353,0
11,421,0
1189,758,0
344,171,0
222,1681,0
56,597,0
492,1435,0
63,1123,0
314,489,0
876,1375,0
275,589,0
856,245,0
1601,492,0
267,784,0
623,21,0
11,500,0
414,1459,0
721,142,0
32,159,0
347,314,0
236,235,0
196,511,0
425,1335,0
1493,13,0
903,408,0
1669,1236,0
1012,1648,0
67,253,0
1469,603,0
196,1403,0
62,83,0
715,70,0
311,1102,0
1038,159,0
1547,1298,0
563,222,0
1094,627,0
277,1052,0
344,389,0
665,233,0
910,317,0
1675,142,0
1656,269,0
463,231,0
31,349,0
957,1486,0
5,199,0
938,206,0
67,650,0
721,252,0
67,1090,0
63,199,0
206,244,0
7,289,0
150,196,0
1229,800,0
1474,63,0
13,47,0
243,785,0
827,31,0
688,118,0
1364,1364,0
317,269,0
56,892,0
553,1635,0
123,207,0
118,489,0
175,67,0
178,177,0
1019,34,0
41,420,0
570,747,0
19,1475,0
641,269,0
54,738,0
1654,87,0
77,1239,0
942,837,0
358,711,0
123,188,0
342,56,0
10,1682,0
2,1683,0
234,344,0
18,475,0
67,55,0
1549,570,0
70,70,0
31,895,0
1059,1185,0
828,474,0
269,189,0
196,150,0
343,476,0
857,171,0
500,319,0
613,376,0
50,1064,0
914,913,0
1052,1596,0
164,342,0
310,629,0
142,1684,0
31,579,0
269,317,0
666,269,0
85,63,0
1577,362,0
92,355,0
779,68,0
597,1197,0
1588,492,0
402,663,0
182,1104,0
409,748,0
31,494,0
437,63,0
122,31,0
1155,50,0
1554,67,0
257,206,0
41,437,0
67,688,0
1441,597,0
429,159,0
579,252,0
2,1221,0
726,71,0
5,570,0
844,843,0
1630,520,0
133,565,0
1415,108,0
323,275,0
282,712,0
267,507,0
1061,332,0
1409,1408,0
142,384,0
197,13,0
1204,68,0
11,300,0
1534,1533,0
252,429,0
67,613,0
99,959,0
18,1273,0
347,133,0
520,729,0
54,1685,0
394,92,0
87,513,0
1552,50,0
216,280,0
570,1024,0
47,46,0
201,1443,0
159,487,0
133,961,0
807,33,0
895,67,0
1562,81,0
389,606,0
633,1686,0
771,63,0
142,177,0
123,12,0
445,174,0
761,171,0
92,30,0
394,31,0
132,550,0
54,231,0
83,679,0
669,744,0
1283,50,0
80,50,0
59,275,0
234,197,0
1036,896,0
481,123,0
196,542,0
118,1123,0
419,535,0
395,700,0
108,1641,0
1266,92,0
999,372,0
750,1440,0
202,43,0
495,174,0
714,196,0
1631,257,0
175,50,0
63,469,0
319,407,0
63,779,0
782,164,0
50,13,0
255,314,0
231,327,0
77,1130,0
1038,50,0
1464,48,0
110,1207,0
282,281,0
116,578,0
1018,1604,0
1500,196,0
1123,11,0
1054,33,0
709,1159,0
256,150,0
52,655,0
1036,520,0
31,147,0
500,452,0
375,636,0
609,256,0
123,355,0
399,158,0
700,516,0
216,429,0
199,5,0
347,123,0
1542,212,0
80,118,0
164,175,0
500,142,0
319,895,0
767,142,0
897,809,0
1687,652,0
286,136,0
1130,77,0
479,478,0
13,199,0
142,487,0
125,1160,0
70,914,0
140,1688,0
1006,389,0
142,878,0
142,661,0
757,202,0
196,1352,0
902,481,0
683,478,0
222,910,0
1573,710,0
68,1689,0
999,831,0
698,465,0
31,475,0
92,244,0
83,1475,0
753,1176,0
311,76,0
251,250,0
256,634,0
739,132,0
267,20,0
605,1690,0
56,803,0
196,721,0
723,123,0
475,314,0
332,661,0
177,142,0
142,349,0
1078,474,0
233,245,0
1611,474,0
370,369,0
1164,150,0
43,202,0
284,1303,0
252,189,0
174,33,0
11,161,0
230,222,0
391,31,0
70,31,0
565,429,0
11,244,0
206,455,0
626,1437,0
904,1691,0
1574,11,0
33,108,0
324,1355,0
1575,81,0
602,70,0
31,1374,0
257,11,0
67,342,0
335,314,0
724,918,0
13,230,0
31,346,0
701,311,0
192,182,0
1396,332,0
407,125,0
833,221,0
1591,767,0
170,432,0
17,408,0
1255,1254,0
50,26,0
422,127,0
13,830,0
26,1692,0
222,1693,0
1211,1210,0
142,1245,0
618,640,0
52,1672,0
166,245,0
68,177,0
945,1597,0
1194,803,0
196,342,0
247,328,0
157,1670,0
41,40,0
582,492,0
31,280,0
1166,68,0
164,481,0
1566,67,0
1018,1399,0
31,650,0
878,133,0
76,1244,0
999,470,0
157,159,0
93,31,0
13,150,0
582,429,0
1558,124,0
481,245,0
206,355,0
603,215,0
121,1288,0
68,411,0
280,67,0
142,1062,0
952,5,0
252,830,0
269,1086,0
67,443,0
245,30,0
245,233,0
929,64,0
1091,1090,0
1058,1613,0
144,1676,0
1049,412,0
1679,63,0
886,695,0
776,214,0
530,171,0
344,189,0
136,251,0
408,1694,0
31,70,0
469,11,0
196,367,0
1119,5,0
566,67,0
57,314,0
269,181,0
693,196,0
1646,1408,0
1460,284,0
773,1423,0
1607,48,0
161,103,0
1516,13,0
1645,1468,0
92,347,0
782,31,0
478,300,0
107,22,0
50,1283,0
1050,394,0
1537,348,0
66,118,0
605,235,0
651,40,0
168,159,0
150,118,0
887,314,0
1540,108,0
315,18,0
1608,474,0
1371,14,0
1000,394,0
1518,121,0
7,118,0
67,744,0
606,389,0
123,400,0
340,339,0
550,202,0
222,385,0
705,704,0
159,1276,0
735,121,0
985,984,0
598,373,0
1695,181,0
22,107,0
1158,1157,0
11,79,0
473,1530,0
682,67,0
387,408,0
196,662,0
221,1086,0
262,31,0
546,319,0
159,346,0
1422,1421,0
217,101,0
18,1449,0
118,12,0
269,1602,0
13,1680,0
389,612,0
216,147,0
1365,26,0
35,234,0
222,1523,0
1696,252,0
776,1697,0
141,123,0
245,244,0
98,97,0
257,1631,0
189,56,0
819,33,0
347,474,0
579,168,0
125,857,0
377,53,0
596,20,0
1166,1483,0
159,280,0
1150,387,0
177,56,0
865,157,0
1414,10,0
652,1687,0
171,908,0
1028,252,0
77,944,0
1024,520,0
501,343,0
609,18,0
67,603,0
1442,710,0
475,123,0
1312,121,0
223,776,0
1621,723,0
1698,409,0
465,464,0
196,500,0
225,224,0
235,520,0
364,363,0
527,1699,0
1581,125,0
520,1700,0
13,511,0
1086,269,0
1637,252,0
1643,1642,0
355,164,0
527,526,0
132,131,0
519,700,0
52,1284,0
358,4,0
409,1701,0
92,455,0
961,133,0
63,666,0
252,1086,0
776,299,0
775,146,0
513,1177,0
553,209,0
56,17,0
872,962,0
107,105,0
22,1603,0
4,1555,0
999,651,0
711,132,0
21,1579,0
1699,527,0
92,400,0
1502,2,0
719,231,0
846,845,0
1486,1072,0
799,67,0
1425,137,0
1638,50,0
910,222,0
168,1411,0
357,1058,0
641,904,0
1181,156,0
159,429,0
409,1698,0
1631,474,0
118,153,0
569,50,0
320,611,0
50,1119,0
437,41,0
296,1667,0
174,25,0
285,67,0
252,322,0
1077,794,0
92,204,0
1028,1702,0
20,146,0
158,1703,0
168,1509,0
142,280,0
856,323,0
1240,201,0
198,791,0
293,31,0
348,1537,0
36,1345,0
362,669,0
30,261,0
474,478,0
118,882,0
1628,67,0
181,1695,0
269,244,0
510,35,0
92,601,0
1221,802,0
587,7,0
1457,1673,0
125,1640,0
1193,1660,0
201,67,0
691,323,0
240,956,0
457,902,0
125,1334,0
1458,1457,0
641,131,0
190,189,0
610,56,0
504,182,0
1327,213,0
1213,1212,0
510,487,0
1456,1411,0
384,81,0
269,504,0
142,353,0
19,405,0
328,35,0
85,84,0
1357,222,0
50,1321,0
328,181,0
265,389,0
408,1218,0
377,18,0
417,408,0
1690,605,0
1243,18,0
231,463,0
1570,720,0
76,325,0
206,353,0
108,463,0
1661,373,0
487,510,0
1411,1411,0
535,67,0
1193,950,0
142,429,0
1498,1193,0
157,865,0
414,413,0
164,163,0
691,1418,0
105,658,0
1058,820,0
402,56,0
73,1704,0
11,224,0
1577,107,0
1087,121,0
201,68,0
728,644,0
54,475,0
175,13,0
21,1464,0
146,20,0
471,159,0
153,256,0
637,1383,0
695,136,0
406,136,0
116,329,0
95,133,0
1507,60,0
314,563,0
505,366,0
1680,13,0
123,1000,0
157,1705,0
1485,753,0
389,60,0
70,285,0
1384,87,0
244,11,0
975,222,0
144,435,0
700,262,0
661,206,0
1119,142,0
8,8,0
133,836,0
32,156,0
13,533,0
268,67,0
246,500,0
245,545,0
920,919,0
510,338,0
530,83,0
153,11,0
323,1344,0
231,797,0
245,166,0
859,54,0
118,347,0
707,22,0
1123,902,0
157,1085,0
1112,11,0
770,510,0
115,123,0
1613,1058,0
328,796,0
1016,452,0
520,576,0
26,445,0
28,1286,0
785,916,0
752,142,0
196,253,0
830,252,0
284,980,0
63,402,0
1421,70,0
67,1044,0
1545,16,0
18,377,0
16,741,0
494,142,0
1321,83,0
63,108,0
1689,68,0
673,1674,0
539,1706,0
1417,373,0
764,241,0
520,1203,0
354,269,0
335,1669,0
50,569,0
1100,1381,0
1390,817,0
77,309,0
11,938,0
132,924,0
133,1322,0
1694,408,0
1429,1428,0
513,1073,0
33,143,0
13,244,0
505,53,0
67,546,0
570,930,0
7,106,0
1345,920,0
142,721,0
252,132,0
31,255,0
159,36,0
10,1414,0
500,13,0
171,796,0
318,54,0
902,830,0
54,882,0
147,216,0
202,223,0
511,206,0
1437,626,0
196,810,0
1476,226,0
500,206,0
1038,319,0
373,1417,0
87,306,0
786,140,0
644,1022,0
1188,16,0
32,267,0
255,202,0
865,332,0
1131,222,0
402,33,0
661,142,0
712,1118,0
299,776,0
1085,402,0
388,21,0
476,56,0
313,54,0
872,194,0
125,1136,0
1129,1437,0
357,252,0
255,31,0
1704,73,0
83,80,0
9,816,0
827,67,0
795,116,0
80,350,0
1625,1023,0
73,1476,0
1273,125,0
146,282,0
347,125,0
1627,206,0
196,1250,0
294,1043,0
67,1253,0
664,398,0
63,36,0
92,124,0
521,252,0
602,208,0
252,504,0
666,196,0
244,18,0
157,136,0
150,92,0
108,594,0
108,1424,0
18,235,0
489,67,0
421,50,0
136,247,0
245,713,0
26,1515,0
1453,1453,0
54,1462,0
808,222,0
1706,539,0
1265,914,0
147,379,0
41,333,0
222,172,0
254,110,0
252,1696,0
1209,1073,0
837,942,0
314,300,0
613,272,0
196,634,0
597,56,0
67,859,0
