1,2,0
3,4,0
5,6,0
1,7,0
8,9,0
10,11,0
12,13,0
14,15,0
16,17,0
18,19,0
20,7,0
16,21,0
1,22,0
10,23,0
24,25,0
10,26,0
27,28,0
20,2,0
29,26,0
30,13,0
31,28,0
16,32,0
33,34,0
29,11,0
35,36,0
10,37,0
38,2,0
31,39,0
40,41,0
29,42,0
31,43,0
10,42,0
44,45,0
46,47,0
48,43,0
24,49,0
50,9,0
51,52,0
53,54,0
10,55,0
56,43,0
57,58,0
16,59,0
60,61,0
27,62,0
63,64,0
65,66,0
67,68,0
48,28,0
69,70,0
71,72,0
73,74,0
75,76,0
77,78,0
56,28,0
31,79,0
80,11,0
38,81,0
29,23,0
27,82,0
53,83,0
84,85,0
86,87,0
38,76,0
88,89,0
90,2,0
91,92,0
93,94,0
95,96,0
44,97,0
98,14,0
10,99,0
100,85,0
101,7,0
27,102,0
56,79,0
103,6,0
104,105,0
5,52,0
27,106,0
67,107,0
38,108,0
10,109,0
110,111,0
10,112,0
113,75,0
29,114,0
10,115,0
16,116,0
117,14,0
27,43,0
90,118,0
119,120,0
38,121,0
122,14,0
97,123,0
124,125,0
56,82,0
8,126,0
127,128,0
129,130,0
1,131,0
132,133,0
134,11,0
8,135,0
136,14,0
137,138,0
139,14,0
27,140,0
75,113,0
48,39,0
29,141,0
78,77,0
69,142,0
143,144,0
145,28,0
73,128,0
146,147,0
73,127,0
148,70,0
29,149,0
52,150,0
27,145,0
151,152,0
153,154,0
124,94,0
51,150,0
56,145,0
155,156,0
31,157,0
18,158,0
101,2,0
159,160,0
29,161,0
31,62,0
162,163,0
48,31,0
104,164,0
129,165,0
1,166,0
33,74,0
31,102,0
38,7,0
127,167,0
168,169,0
151,170,0
5,171,0
5,163,0
172,173,0
174,76,0
38,22,0
175,176,0
38,177,0
124,178,0
174,179,0
122,180,0
181,182,0
5,150,0
10,183,0
184,87,0
24,185,0
184,186,0
38,187,0
110,188,0
8,189,0
132,190,0
191,192,0
10,193,0
33,9,0
67,194,0
60,195,0
196,197,0
198,199,0
137,200,0
31,145,0
201,202,0
145,82,0
203,204,0
10,161,0
205,135,0
44,206,0
143,207,0
56,102,0
38,208,0
113,209,0
210,6,0
110,211,0
29,55,0
33,212,0
213,9,0
151,214,0
215,216,0
217,218,0
31,219,0
56,220,0
175,221,0
174,222,0
201,223,0
224,225,0
51,226,0
48,79,0
24,107,0
10,209,0
227,228,0
38,229,0
230,218,0
203,231,0
232,233,0
90,234,0
235,236,0
10,237,0
134,26,0
91,238,0
239,240,0
10,241,0
136,242,0
73,167,0
243,244,0
127,245,0
246,85,0
90,247,0
48,62,0
95,17,0
248,249,0
24,250,0
29,99,0
10,251,0
75,252,0
90,253,0
48,102,0
56,62,0
254,255,0
254,74,0
53,256,0
155,257,0
56,157,0
258,94,0
132,259,0
95,260,0
29,261,0
262,263,0
50,223,0
264,36,0
33,265,0
243,94,0
10,266,0
267,87,0
103,268,0
269,147,0
270,215,0
51,271,0
48,219,0
48,157,0
14,180,0
272,224,0
273,274,0
38,275,0
134,149,0
125,163,0
68,122,0
20,22,0
232,276,0
50,260,0
90,277,0
205,192,0
254,267,0
38,252,0
78,118,0
278,279,0
155,280,0
281,282,0
73,283,0
284,223,0
10,285,0
51,286,0
52,287,0
191,288,0
29,209,0
289,290,0
291,292,0
254,293,0
294,295,0
296,227,0
5,286,0
29,297,0
8,298,0
5,299,0
27,157,0
38,300,0
175,301,0
145,43,0
302,85,0
303,37,0
304,305,0
40,306,0
256,83,0
232,307,0
95,9,0
210,171,0
308,309,0
80,55,0
310,309,0
31,82,0
57,311,0
312,50,0
269,233,0
10,313,0
314,315,0
198,316,0
317,318,0
10,149,0
319,320,0
294,107,0
321,322,0
33,323,0
321,324,0
325,326,0
73,265,0
327,96,0
145,56,0
224,328,0
27,329,0
330,218,0
201,17,0
50,17,0
198,182,0
224,331,0
38,49,0
24,199,0
332,333,0
132,334,0
335,336,0
337,338,0
339,340,0
341,342,0
10,343,0
344,197,0
172,345,0
346,41,0
127,347,0
170,348,0
27,349,0
56,219,0
350,351,0
352,353,0
27,56,0
67,316,0
95,189,0
110,354,0
355,356,0
80,149,0
339,357,0
232,358,0
203,96,0
359,268,0
90,360,0
137,361,0
174,362,0
363,364,0
80,365,0
92,366,0
367,153,0
198,342,0
90,368,0
53,369,0
10,370,0
294,371,0
372,215,0
304,373,0
374,218,0
14,375,0
184,376,0
377,97,0
27,39,0
378,153,0
290,364,0
379,380,0
127,283,0
52,299,0
381,382,0
73,245,0
48,82,0
383,384,0
378,385,0
342,197,0
95,204,0
3,386,0
29,109,0
10,187,0
75,387,0
38,388,0
29,115,0
57,389,0
319,267,0
314,390,0
95,225,0
113,391,0
205,356,0
56,349,0
392,319,0
339,393,0
10,114,0
269,358,0
16,394,0
139,122,0
395,56,0
31,329,0
38,396,0
80,99,0
201,397,0
398,399,0
71,400,0
342,353,0
127,93,0
401,85,0
122,375,0
10,297,0
80,42,0
402,403,0
92,404,0
352,405,0
239,406,0
127,407,0
10,408,0
330,217,0
409,410,0
411,412,0
56,413,0
31,349,0
224,414,0
346,415,0
46,416,0
162,417,0
262,418,0
8,356,0
132,419,0
104,420,0
10,421,0
314,422,0
175,423,0
196,353,0
5,424,0
38,425,0
110,49,0
113,426,0
427,220,0
181,428,0
5,226,0
429,374,0
101,147,0
175,430,0
203,431,0
71,316,0
284,432,0
38,433,0
38,434,0
92,435,0
52,436,0
52,271,0
51,287,0
38,437,0
29,438,0
50,439,0
440,94,0
134,209,0
344,267,0
5,441,0
198,197,0
442,443,0
143,444,0
312,135,0
103,445,0
124,218,0
132,446,0
447,448,0
449,450,0
29,451,0
232,452,0
12,453,0
290,339,0
454,455,0
50,356,0
264,456,0
10,141,0
457,362,0
51,458,0
33,459,0
205,293,0
355,130,0
256,53,0
10,460,0
461,321,0
462,218,0
463,260,0
5,464,0
5,465,0
27,79,0
38,466,0
467,199,0
129,468,0
210,52,0
33,441,0
469,66,0
470,471,0
212,472,0
473,190,0
474,475,0
129,105,0
269,276,0
344,353,0
168,476,0
73,165,0
477,433,0
38,478,0
312,356,0
269,479,0
270,480,0
429,318,0
442,441,0
34,218,0
127,481,0
78,311,0
191,482,0
95,483,0
80,26,0
321,484,0
1,485,0
52,464,0
284,439,0
159,58,0
95,486,0
487,488,0
308,489,0
314,490,0
198,491,0
3,76,0
474,85,0
80,285,0
134,261,0
463,267,0
80,161,0
294,492,0
1,20,0
196,405,0
125,94,0
33,293,0
469,493,0
350,494,0
174,396,0
495,9,0
269,496,0
497,163,0
374,448,0
198,498,0
95,499,0
500,366,0
127,501,0
80,53,0
125,417,0
50,502,0
346,92,0
308,356,0
503,49,0
272,504,0
461,353,0
505,506,0
71,507,0
284,508,0
95,202,0
267,376,0
232,509,0
510,511,0
5,512,0
335,513,0
48,514,0
67,515,0
95,62,0
29,237,0
80,209,0
77,476,0
516,517,0
119,518,0
172,519,0
155,520,0
56,48,0
500,521,0
101,135,0
103,522,0
523,470,0
314,524,0
16,400,0
525,526,0
442,527,0
235,528,0
110,163,0
124,529,0
303,530,0
359,178,0
220,66,0
5,531,0
50,532,0
86,376,0
198,107,0
533,534,0
284,247,0
535,536,0
33,194,0
278,526,0
80,313,0
77,537,0
538,539,0
52,226,0
51,540,0
168,107,0
71,541,0
137,268,0
442,542,0
191,543,0
38,544,0
35,66,0
510,67,0
296,339,0
220,470,0
545,546,0
27,514,0
477,547,0
145,31,0
243,440,0
548,549,0
201,550,0
50,551,0
533,540,0
552,122,0
67,122,0
553,554,0
312,555,0
151,348,0
29,313,0
201,231,0
556,217,0
198,250,0
174,434,0
443,557,0
290,558,0
224,504,0
289,339,0
215,559,0
181,400,0
213,96,0
90,432,0
159,560,0
561,562,0
344,563,0
50,564,0
33,165,0
73,565,0
500,566,0
110,567,0
162,525,0
50,190,0
48,329,0
363,568,0
46,153,0
122,68,0
110,295,0
44,569,0
269,570,0
201,571,0
119,572,0
573,574,0
52,286,0
75,575,0
442,576,0
577,197,0
67,510,0
503,218,0
578,579,0
254,125,0
269,208,0
1,110,0
374,580,0
447,374,0
198,581,0
137,17,0
470,523,0
476,473,0
582,583,0
584,585,0
110,371,0
463,586,0
246,587,0
124,130,0
10,588,0
80,589,0
134,590,0
134,591,0
294,400,0
592,304,0
461,563,0
352,593,0
594,58,0
67,595,0
95,118,0
212,596,0
38,597,0
598,353,0
10,599,0
80,408,0
129,600,0
129,560,0
332,601,0
5,480,0
51,602,0
63,603,0
90,499,0
46,604,0
473,334,0
110,437,0
355,605,0
119,606,0
184,607,0
608,346,0
584,609,0
610,611,0
38,131,0
553,612,0
103,540,0
613,311,0
614,615,0
20,166,0
73,459,0
318,409,0
53,616,0
95,617,0
38,166,0
427,618,0
218,619,0
440,620,0
201,621,0
538,622,0
374,217,0
90,96,0
48,349,0
623,624,0
67,541,0
38,23,0
427,14,0
440,93,0
614,582,0
625,573,0
50,626,0
278,627,0
71,628,0
205,629,0
205,630,0
31,514,0
3,432,0
124,631,0
294,632,0
129,633,0
8,634,0
635,309,0
352,636,0
395,342,0
398,637,0
71,638,0
408,490,0
145,157,0
24,639,0
294,640,0
269,641,0
201,642,0
5,643,0
330,557,0
86,644,0
213,334,0
137,645,0
473,646,0
218,647,0
553,153,0
29,648,0
29,649,0
184,650,0
651,652,0
325,653,0
51,400,0
278,654,0
205,655,0
317,528,0
29,37,0
73,528,0
350,656,0
584,657,0
56,658,0
659,660,0
38,661,0
65,647,0
339,290,0
80,662,0
232,570,0
510,663,0
184,664,0
497,512,0
51,665,0
198,353,0
477,666,0
110,667,0
578,668,0
80,669,0
332,670,0
16,220,0
75,671,0
447,218,0
552,642,0
97,672,0
103,673,0
124,674,0
18,352,0
181,675,0
429,448,0
33,676,0
73,677,0
137,9,0
205,678,0
623,679,0
53,680,0
235,681,0
38,682,0
230,619,0
162,683,0
175,92,0
181,684,0
591,685,0
147,686,0
174,687,0
284,502,0
95,223,0
246,500,0
355,688,0
124,689,0
29,690,0
77,58,0
691,692,0
181,693,0
651,147,0
635,586,0
383,694,0
20,695,0
147,630,0
48,413,0
696,697,0
363,698,0
577,353,0
53,699,0
191,700,0
145,219,0
212,701,0
246,702,0
134,161,0
294,703,0
92,91,0
119,704,0
5,705,0
497,706,0
707,27,0
78,499,0
174,708,0
284,17,0
67,709,0
95,397,0
710,711,0
712,713,0
38,714,0
10,177,0
80,141,0
314,383,0
258,715,0
321,716,0
538,717,0
497,718,0
148,153,0
335,719,0
205,720,0
721,722,0
552,204,0
145,79,0
44,723,0
124,724,0
175,725,0
726,25,0
125,440,0
497,194,0
172,727,0
75,58,0
533,486,0
205,728,0
411,729,0
730,731,0
732,733,0
235,526,0
67,511,0
212,734,0
97,569,0
463,735,0
44,672,0
339,736,0
80,183,0
134,109,0
291,737,0
196,738,0
184,739,0
635,740,0
50,653,0
608,741,0
533,742,0
56,39,0
487,743,0
110,512,0
84,96,0
215,744,0
194,745,0
303,746,0
303,23,0
747,629,0
5,1,0
330,619,0
78,76,0
198,693,0
362,502,0
473,476,0
129,676,0
57,49,0
194,643,0
67,748,0
342,636,0
503,448,0
463,663,0
215,749,0
573,268,0
325,750,0
78,512,0
198,751,0
137,539,0
212,674,0
110,752,0
598,525,0
463,546,0
124,422,0
16,753,0
747,557,0
94,647,0
51,754,0
90,755,0
137,360,0
310,316,0
69,697,0
568,756,0
14,757,0
113,758,0
312,759,0
103,760,0
317,311,0
124,217,0
80,421,0
196,761,0
762,647,0
172,9,0
51,299,0
73,763,0
63,642,0
449,223,0
764,667,0
145,765,0
712,766,0
440,697,0
767,448,0
162,643,0
65,768,0
201,96,0
510,769,0
75,770,0
771,622,0
205,700,0
38,772,0
38,773,0
774,618,0
355,105,0
262,775,0
124,527,0
294,776,0
232,269,0
201,76,0
203,499,0
461,197,0
450,777,0
556,318,0
442,778,0
442,541,0
145,603,0
779,780,0
34,781,0
14,122,0
127,782,0
65,783,0
57,784,0
457,652,0
203,135,0
538,223,0
181,629,0
398,168,0
27,48,0
50,778,0
771,785,0
90,786,0
31,787,0
95,788,0
110,789,0
230,790,0
269,791,0
402,792,0
181,793,0
383,524,0
50,794,0
71,709,0
235,717,0
67,793,0
95,231,0
319,160,0
463,740,0
440,795,0
134,408,0
523,796,0
88,583,0
194,713,0
303,353,0
372,797,0
50,720,0
168,751,0
73,52,0
696,798,0
56,27,0
95,799,0
101,800,0
801,802,0
10,353,0
803,733,0
269,307,0
269,452,0
269,804,0
16,805,0
203,512,0
372,806,0
807,808,0
374,631,0
51,693,0
174,809,0
284,810,0
378,70,0
46,811,0
38,812,0
14,72,0
254,265,0
262,813,0
294,684,0
523,814,0
303,735,0
51,436,0
815,816,0
817,818,0
503,631,0
254,130,0
803,819,0
269,820,0
402,733,0
377,821,0
822,823,0
90,76,0
696,824,0
284,489,0
284,397,0
442,400,0
155,245,0
342,825,0
342,826,0
98,572,0
110,827,0
110,828,0
392,220,0
829,470,0
162,830,0
29,831,0
134,313,0
523,647,0
175,832,0
181,316,0
461,833,0
497,353,0
78,64,0
198,793,0
533,834,0
235,165,0
95,835,0
95,836,0
267,247,0
212,837,0
38,838,0
355,165,0
10,831,0
1,163,0
184,839,0
71,840,0
73,130,0
205,14,0
53,841,0
14,540,0
24,119,0
24,491,0
246,842,0
355,653,0
44,123,0
10,197,0
80,843,0
134,844,0
194,830,0
18,92,0
461,845,0
40,846,0
447,847,0
848,157,0
698,568,0
213,531,0
148,644,0
284,9,0
442,507,0
3,360,0
473,298,0
448,304,0
101,76,0
35,692,0
103,849,0
124,850,0
10,365,0
80,851,0
510,852,0
203,62,0
538,486,0
125,830,0
181,853,0
220,854,0
50,22,0
90,7,0
533,796,0
577,636,0
764,295,0
267,702,0
855,761,0
122,856,0
97,857,0
110,858,0
774,859,0
262,583,0
124,296,0
124,860,0
294,789,0
201,311,0
203,546,0
861,107,0
862,863,0
325,864,0
51,697,0
20,213,0
469,865,0
212,866,0
38,867,0
38,387,0
101,868,0
101,869,0
427,870,0
312,223,0
136,871,0
80,237,0
523,740,0
8,872,0
175,873,0
201,874,0
538,432,0
63,204,0
63,46,0
48,145,0
310,699,0
577,833,0
153,211,0
267,64,0
779,875,0
162,876,0
162,773,0
314,632,0
877,633,0
181,709,0
635,878,0
304,441,0
352,879,0
707,834,0
27,219,0
20,880,0
881,60,0
552,118,0
53,432,0
473,882,0
127,883,0
10,851,0
516,884,0
510,551,0
1,885,0
651,761,0
383,886,0
862,697,0
73,653,0
63,573,0
552,546,0
363,697,0
145,102,0
97,662,0
110,887,0
113,366,0
495,459,0
162,888,0
124,816,0
803,889,0
538,890,0
807,891,0
771,96,0
892,583,0
552,893,0
284,894,0
212,895,0
97,896,0
897,218,0
80,200,0
77,834,0
1,819,0
898,890,0
469,899,0
469,900,0
771,846,0
48,901,0
235,692,0
95,508,0
110,902,0
110,903,0
101,22,0
503,7,0
35,904,0
312,96,0
312,905,0
246,906,0
355,706,0
907,908,0
151,268,0
314,640,0
232,708,0
450,557,0
325,909,0
172,6,0
63,910,0
148,618,0
892,869,0
284,911,0
143,607,0
124,653,0
10,912,0
80,913,0
8,692,0
201,499,0
510,914,0
807,765,0
461,125,0
915,916,0
917,618,0
71,684,0
771,666,0
892,918,0
378,919,0
56,787,0
35,908,0
463,920,0
246,678,0
30,921,0
359,922,0
898,863,0
125,923,0
198,632,0
924,204,0
148,400,0
48,925,0
31,926,0
342,927,0
95,819,0
38,928,0
80,114,0
175,342,0
457,929,0
92,539,0
75,930,0
931,932,0
771,933,0
73,633,0
63,153,0
137,934,0
449,204,0
67,840,0
568,146,0
98,213,0
503,660,0
392,935,0
124,866,0
124,236,0
273,713,0
78,936,0
213,268,0
148,19,0
730,487,0
31,798,0
342,593,0
95,534,0
239,153,0
267,937,0
38,938,0
38,147,0
110,939,0
136,486,0
8,940,0
194,941,0
203,874,0
538,942,0
943,353,0
220,944,0
20,49,0
73,945,0
533,946,0
31,413,0
878,525,0
124,947,0
201,948,0
1,147,0
296,949,0
198,400,0
73,2,0
137,304,0
235,872,0
93,863,0
56,629,0
95,950,0
267,489,0
38,951,0
319,952,0
151,622,0
294,581,0
269,953,0
181,638,0
497,633,0
707,655,0
75,295,0
50,334,0
78,223,0
284,874,0
53,810,0
235,845,0
95,882,0
46,954,0
473,512,0
24,68,0
427,655,0
254,955,0
355,512,0
29,956,0
10,2,0
60,703,0
258,957,0
510,958,0
196,959,0
168,960,0
137,644,0
449,961,0
155,501,0
31,48,0
67,962,0
659,287,0
246,963,0
246,527,0
124,964,0
151,965,0
80,966,0
194,967,0
201,534,0
181,968,0
181,969,0
51,970,0
78,537,0
168,971,0
771,247,0
73,605,0
205,972,0
93,761,0
67,199,0
346,692,0
124,846,0
80,973,0
803,526,0
1,417,0
296,713,0
132,819,0
497,974,0
51,975,0
381,911,0
771,589,0
90,182,0
577,976,0
95,977,0
98,911,0
38,110,0
24,752,0
503,25,0
124,978,0
29,208,0
294,316,0
146,979,0
8,168,0
314,295,0
181,980,0
981,369,0
75,49,0
848,145,0
73,347,0
67,982,0
779,267,0
103,983,0
124,93,0
29,530,0
80,115,0
80,984,0
80,261,0
129,765,0
296,846,0
461,636,0
210,465,0
5,985,0
147,119,0
892,697,0
623,58,0
38,844,0
269,590,0
16,986,0
194,987,0
988,989,0
591,990,0
304,512,0
227,105,0
75,991,0
278,630,0
881,992,0
552,750,0
191,993,0
67,994,0
103,360,0
262,995,0
232,996,0
88,526,0
538,997,0
591,73,0
325,551,0
50,882,0
278,692,0
198,595,0
771,555,0
73,998,0
174,889,0
337,999,0
127,640,0
312,653,0
151,683,0
151,1000,0
80,177,0
80,1001,0
803,290,0
175,1002,0
232,746,0
16,1003,0
217,287,0
591,1004,0
943,1005,0
711,1006,0
51,298,0
198,1007,0
71,595,0
137,432,0
362,551,0
110,643,0
312,1008,0
246,1009,0
535,247,0
801,702,0
124,761,0
294,1010,0
314,703,0
258,1011,0
258,1012,0
258,467,0
201,1013,0
132,591,0
181,1014,0
807,1015,0
5,1016,0
50,268,0
78,1017,0
337,459,0
53,223,0
155,1018,0
38,1019,0
829,435,0
312,432,0
103,1020,0
495,130,0
495,25,0
262,66,0
124,1021,0
80,451,0
80,623,0
401,1022,0
269,745,0
538,992,0
92,346,0
184,697,0
125,1023,0
181,498,0
815,1024,0
817,85,0
71,1025,0
71,693,0
73,621,0
235,1026,0
95,502,0
98,484,0
127,559,0
312,296,0
312,997,0
134,233,0
803,583,0
269,1027,0
516,1028,0
461,1029,0
917,655,0
917,527,0
73,1030,0
1031,525,0
730,1032,0
31,1033,0
67,1034,0
362,334,0
212,1035,0
38,991,0
254,105,0
124,1036,0
124,426,0
10,1037,0
573,1038,0
18,1039,0
1040,834,0
1040,135,0
383,766,0
78,946,0
381,781,0
71,433,0
73,679,0
90,1041,0
174,1042,0
552,499,0
442,316,0
159,293,0
267,252,0
101,1043,0
317,773,0
124,1044,0
151,296,0
10,1045,0
80,1046,0
134,141,0
134,1047,0
203,642,0
203,586,0
497,587,0
71,624,0
771,268,0
90,1048,0
205,1049,0
892,146,0
267,692,0
503,76,0
1050,814,0
1051,1052,0
262,224,0
232,791,0
16,903,0
196,1053,0
296,637,0
181,541,0
352,1054,0
51,1055,0
51,978,0
815,765,0
73,481,0
881,692,0
90,1056,0
145,349,0
98,746,0
319,1057,0
254,846,0
355,1058,0
10,438,0
80,1059,0
201,204,0
201,49,0
119,1060,0
181,1061,0
210,480,0
381,1062,0
381,1063,0
552,810,0
442,751,0
243,1064,0
267,432,0
779,972,0
38,1065,0
355,633,0
124,629,0
151,647,0
80,831,0
294,1066,0
57,946,0
57,1067,0
1,1068,0
497,636,0
374,975,0
51,464,0
51,1069,0
168,1070,0
771,118,0
337,369,0
696,1071,0
342,343,0
362,1072,0
38,1073,0
84,163,0
679,11,0
294,541,0
294,748,0
314,639,0
269,643,0
91,1074,0
461,629,0
461,1075,0
1076,319,0
227,765,0
447,872,0
78,948,0
198,1077,0
881,975,0
1078,871,0
3,621,0
113,295,0
312,502,0
246,512,0
151,555,0
175,268,0
691,1069,0
1,643,0
861,766,0
18,863,0
168,1079,0
168,684,0
721,1080,0
449,1081,0
53,431,0
53,252,0
159,1082,0
67,684,0
98,674,0
110,639,0
578,484,0
151,9,0
80,1083,0
134,237,0
16,1084,0
613,773,0
168,298,0
624,1085,0
73,970,0
174,1086,0
48,1087,0
442,1088,0
779,628,0
467,595,0
767,1089,0
151,62,0
29,590,0
57,1090,0
16,1091,0
538,296,0
1,1019,0
573,36,0
1040,1063,0
27,413,0
78,295,0
198,969,0
137,260,0
462,746,0
191,1092,0
67,1093,0
110,441,0
503,695,0
29,241,0
80,1094,0
57,781,0
232,820,0
201,1095,0
181,1096,0
5,417,0
505,1097,0
75,639,0
33,245,0
78,550,0
449,334,0
38,25,0
500,165,0
24,1098,0
124,1099,0
129,122,0
592,14,0
1,871,0
18,1100,0
807,1101,0
172,560,0
50,1102,0
1103,49,0
624,773,0
771,9,0
771,750,0
137,546,0
205,194,0
1031,1104,0
48,787,0
212,1064,0
473,47,0
312,1105,0
103,267,0
162,628,0
535,172,0
10,1106,0
134,966,0
294,638,0
129,43,0
16,1107,0
303,591,0
203,911,0
132,445,0
5,1108,0
227,978,0
374,1064,0
90,108,0
609,1109,0
892,761,0
623,240,0
284,64,0
764,819,0
24,1110,0
254,1111,0
103,1025,0
801,946,0
124,31,0
124,633,0
124,1112,0
151,605,0
10,1113,0
80,649,0
125,643,0
497,417,0
51,1114,0
33,14,0
73,28,0
881,929,0
90,22,0
1031,618,0
284,260,0
212,693,0
355,765,0
264,1115,0
151,1116,0
80,1117,0
80,466,0
294,1118,0
303,301,0
303,1119,0
201,546,0
538,674,0
359,73,0
296,1120,0
181,746,0
497,164,0
168,1121,0
822,1122,0
71,994,0
90,1123,0
584,1124,0
284,1125,0
212,1126,0
473,287,0
254,1127,0
877,441,0
203,202,0
1,766,0
296,746,0
815,122,0
198,307,0
71,983,0
159,621,0
262,526,0
124,697,0
151,655,0
16,304,0
92,18,0
92,76,0
383,887,0
5,1128,0
33,1129,0
78,583,0
698,1130,0
771,539,0
442,484,0
191,534,0
95,296,0
267,1131,0
212,1132,0
127,1133,0
151,1134,0
134,285,0
401,1135,0
77,1136,0
203,810,0
538,869,0
296,1137,0
497,745,0
168,1138,0
73,560,0
721,252,0
623,618,0
151,165,0
80,1139,0
294,697,0
538,836,0
1,1140,0
92,1141,0
125,1109,0
50,499,0
168,1142,0
310,1120,0
462,674,0
552,936,0
442,872,0
31,1143,0
110,872,0
136,1032,0
124,1144,0
124,73,0
124,1114,0
151,911,0
232,487,0
78,639,0
78,110,0
198,436,0
71,1145,0
771,223,0
67,1146,0
95,642,0
3,574,0
38,1147,0
829,1148,0
103,1149,0
103,628,0
495,1127,0
124,754,0
80,1150,0
172,138,0
213,260,0
462,1151,0
284,1102,0
46,1152,0
212,487,0
38,1153,0
500,1154,0
392,1155,0
1156,1157,0
264,663,0
151,574,0
294,840,0
201,432,0
1,639,0
726,220,0
1158,901,0
771,761,0
137,499,0
95,1159,0
267,750,0
38,72,0
113,1160,0
84,1161,0
339,1162,0
151,880,0
573,223,0
5,1163,0
227,1097,0
374,1164,0
50,360,0
213,6,0
771,499,0
335,1165,0
552,360,0
155,1166,0
427,1167,0
312,1081,0
80,588,0
538,120,0
196,1168,0
50,1169,0
78,621,0
584,1109,0
284,571,0
31,1170,0
127,1171,0
127,1172,0
29,1173,0
10,451,0
203,1174,0
203,604,0
538,253,0
184,1175,0
184,245,0
505,387,0
78,819,0
771,287,0
771,1176,0
73,765,0
1177,819,0
67,1178,0
38,1179,0
254,52,0
254,697,0
355,1180,0
679,766,0
10,557,0
175,1181,0
877,323,0
538,602,0
181,975,0
398,1064,0
815,1055,0
698,1182,0
213,223,0
881,1183,0
3,64,0
3,582,0
427,1184,0
877,653,0
538,184,0
12,360,0
181,540,0
5,1185,0
172,679,0
198,636,0
771,1186,0
90,424,0
46,14,0
467,746,0
124,1187,0
124,1188,0
10,1189,0
80,266,0
196,1190,0
181,1191,0
181,982,0
227,1192,0
90,371,0
90,864,0
205,901,0
145,1193,0
500,653,0
355,313,0
10,966,0
77,1069,0
198,1194,0
771,929,0
771,550,0
267,356,0
38,1195,0
110,1196,0
127,439,0
103,1197,0
246,1011,0
162,1109,0
535,118,0
124,1138,0
389,323,0
201,671,0
92,1107,0
119,792,0
33,1089,0
771,948,0
477,290,0
881,1177,0
137,96,0
191,1198,0
46,1199,0
467,316,0
124,693,0
80,595,0
92,992,0
125,876,0
51,631,0
33,1049,0
137,1200,0
442,638,0
159,459,0
578,1064,0
103,352,0
80,386,0
134,1201,0
294,507,0
78,58,0
168,765,0
198,983,0
198,541,0
771,653,0
721,1059,0
155,555,0
95,64,0
95,1202,0
38,998,0
127,1203,0
124,323,0
151,814,0
29,1204,0
134,1205,0
129,1127,0
201,1206,0
771,604,0
205,1089,0
284,22,0
46,1207,0
473,894,0
473,1208,0
500,1209,0
829,1210,0
312,697,0
162,1211,0
134,541,0
50,929,0
33,1212,0
624,1213,0
73,1214,0
267,550,0
46,891,0
24,1109,0
503,928,0
578,1215,0
84,1049,0
246,954,0
262,1077,0
124,1216,0
16,1177,0
201,424,0
227,587,0
398,76,0
198,1217,0
198,1218,0
137,1219,0
137,663,0
137,574,0
442,468,0
267,1220,0
110,830,0
503,1221,0
124,1222,0
264,541,0
151,1011,0
10,1204,0
134,956,0
129,1223,0
16,541,0
181,996,0
51,1224,0
1158,970,0
71,540,0
779,1111,0
801,1225,0
124,1226,0
80,1227,0
16,1228,0
203,904,0
538,96,0
181,1218,0
50,1095,0
698,946,0
95,1229,0
652,147,0
38,1230,0
24,1231,0
448,369,0
246,746,0
801,249,0
203,1232,0
203,1233,0
398,596,0
51,1234,0
284,259,0
239,356,0
110,640,0
127,1235,0
151,28,0
10,649,0
294,1069,0
296,1236,0
92,1237,0
75,293,0
33,580,0
78,1149,0
624,1238,0
771,1239,0
310,923,0
159,2,0
67,1240,0
38,967,0
127,667,0
801,1241,0
151,1242,0
151,369,0
134,887,0
294,1194,0
294,1080,0
203,362,0
227,130,0
90,268,0
205,1243,0
721,1074,0
764,840,0
95,369,0
98,145,0
500,1244,0
355,679,0
151,397,0
10,984,0
294,667,0
201,1011,0
181,687,0
591,702,0
398,1245,0
51,250,0
51,1246,0
78,1069,0
698,869,0
213,909,0
73,506,0
335,839,0
137,366,0
442,1247,0
31,997,0
3,489,0
110,1109,0
448,1248,0
103,869,0
355,1249,0
1250,1011,0
134,872,0
401,818,0
538,361,0
181,1251,0
5,975,0
624,391,0
335,1252,0
137,14,0
284,1253,0
31,1089,0
392,1254,0
829,1255,0
578,1256,0
103,1257,0
124,1258,0
151,1259,0
151,1243,0
29,370,0
294,1260,0
401,1261,0
1262,309,0
861,581,0
296,1162,0
5,677,0
78,1239,0
771,925,0
137,28,0
205,11,0
205,1111,0
31,1164,0
31,1263,0
95,1264,0
38,1265,0
467,793,0
24,122,0
1266,924,0
312,1149,0
312,486,0
495,596,0
355,360,0
907,766,0
262,1079,0
124,1246,0
124,419,0
151,637,0
10,1173,0
134,49,0
877,316,0
201,62,0
203,268,0
203,1133,0
203,432,0
181,1267,0
51,875,0
771,486,0
73,1033,0
95,904,0
467,709,0
467,515,0
503,1043,0
578,1210,0
124,1268,0
124,1269,0
151,491,0
151,306,0
29,1270,0
129,123,0
146,295,0
201,1271,0
132,527,0
573,1272,0
12,1273,0
1103,525,0
168,1274,0
624,623,0
155,936,0
3,1149,0
3,499,0
473,223,0
24,1275,0
503,1064,0
127,1125,0
312,1276,0
767,706,0
355,850,0
355,1277,0
10,391,0
57,52,0
861,199,0
51,1278,0
198,295,0
137,223,0
48,1279,0
721,1109,0
284,1280,0
442,199,0
113,575,0
389,1210,0
175,534,0
877,567,0
726,816,0
573,1174,0
75,1074,0
50,120,0
137,874,0
337,808,0
284,534,0
442,1218,0
312,7,0
495,293,0
355,816,0
29,1281,0
538,1282,0
573,555,0
1158,387,0
73,360,0
779,640,0
312,64,0
162,145,0
134,1283,0
201,572,0
538,1215,0
861,962,0
119,521,0
5,1284,0
227,145,0
505,913,0
78,1104,0
205,245,0
284,1285,0
95,334,0
767,1170,0
84,1009,0
151,1286,0
80,591,0
1287,582,0
359,565,0
359,763,0
51,628,0
505,850,0
771,1288,0
771,1013,0
771,1289,0
442,595,0
442,515,0
500,400,0
113,887,0
448,1133,0
312,936,0
294,630,0
175,435,0
203,1125,0
203,814,0
635,287,0
591,887,0
1290,317,0
51,1291,0
1103,702,0
624,808,0
624,1292,0
213,190,0
73,1097,0
48,231,0
117,130,0
67,993,0
3,911,0
473,1239,0
448,1223,0
312,761,0
312,1293,0
495,1294,0
246,1114,0
355,1295,0
355,316,0
124,1210,0
573,64,0
1296,1297,0
90,369,0
48,1170,0
427,887,0
767,998,0
151,539,0
10,1298,0
294,1299,0
294,1300,0
203,655,0
203,189,0
538,551,0
5,574,0
95,1095,0
127,639,0
246,1301,0
124,1302,0
124,105,0
203,572,0
203,647,0
203,1303,0
538,1304,0
861,1057,0
726,743,0
227,1305,0
227,459,0
75,1306,0
213,551,0
771,135,0
284,1307,0
155,1308,0
878,527,0
29,1119,0
29,266,0
29,1001,0
134,1309,0
134,38,0
296,605,0
12,1097,0
33,1294,0
73,513,0
284,1310,0
95,328,0
110,1311,0
448,1312,0
767,1141,0
907,527,0
203,1313,0
181,994,0
50,512,0
78,876,0
198,776,0
771,905,0
284,1232,0
95,532,0
312,1051,0
151,1293,0
203,929,0
92,64,0
50,432,0
198,1314,0
771,1315,0
90,1316,0
48,622,0
284,190,0
442,709,0
95,1317,0
95,1318,0
473,814,0
473,1319,0
124,1320,0
124,211,0
201,946,0
573,432,0
12,560,0
181,515,0
78,486,0
442,793,0
1177,525,0
239,353,0
201,508,0
201,360,0
1277,1321,0
227,1089,0
624,1322,0
71,1323,0
90,539,0
117,560,0
155,589,0
95,120,0
24,1324,0
246,637,0
878,268,0
10,425,0
294,709,0
77,639,0
203,1183,0
203,502,0
538,679,0
1,660,0
132,1325,0
213,1326,0
90,64,0
155,135,0
3,948,0
38,1327,0
24,1328,0
246,1329,0
355,566,0
124,808,0
124,316,0
151,674,0
134,766,0
294,1077,0
294,962,0
201,663,0
201,64,0
203,190,0
92,1320,0
5,830,0
227,566,0
505,972,0
78,594,0
284,622,0
95,146,0
95,586,0
467,748,0
312,911,0
103,539,0
134,434,0
201,1102,0
538,2,0
817,1330,0
78,887,0
771,1259,0
1177,1184,0
113,695,0
127,1169,0
679,839,0
877,1127,0
201,1331,0
203,1332,0
90,621,0
137,586,0
284,1081,0
1177,1238,0
151,540,0
33,260,0
78,701,0
78,397,0
1333,1334,0
198,593,0
198,1025,0
137,1335,0
48,538,0
48,866,0
721,1011,0
495,105,0
84,1177,0
151,904,0
146,267,0
538,911,0
78,432,0
198,1336,0
95,1156,0
312,1239,0
312,534,0
124,1337,0
134,1338,0
294,1240,0
294,1339,0
129,1340,0
203,742,0
1277,47,0
213,799,0
73,600,0
881,334,0
137,1095,0
284,929,0
67,1341,0
312,693,0
312,750,0
103,534,0
151,1342,0
12,1343,0
181,595,0
78,1200,0
78,1344,0
205,1305,0
721,743,0
284,871,0
95,1174,0
38,1345,0
262,1346,0
262,107,0
151,621,0
151,1347,0
201,1348,0
5,745,0
5,1349,0
227,596,0
227,1243,0
505,998,0
90,836,0
310,746,0
310,1350,0
159,1012,0
473,432,0
312,724,0
103,992,0
151,1351,0
538,1352,0
50,799,0
198,1353,0
48,56,0
337,1114,0
284,1354,0
442,250,0
38,1355,0
113,512,0
578,1356,0
254,9,0
124,268,0
151,1357,0
10,1119,0
294,827,0
294,913,0
538,1107,0
227,674,0
51,709,0
78,202,0
71,1218,0
335,748,0
137,1358,0
137,1125,0
310,839,0
284,1359,0
779,1170,0
124,360,0
57,1059,0
389,596,0
119,1360,0
119,840,0
51,1361,0
335,891,0
137,622,0
284,491,0
95,531,0
312,508,0
151,950,0
8,190,0
203,534,0
359,293,0
92,118,0
172,1362,0
51,1336,0
505,839,0
50,397,0
33,754,0
198,1363,0
284,362,0
155,1364,0
95,546,0
500,1365,0
500,130,0
312,546,0
57,727,0
8,11,0
538,1366,0
92,1149,0
172,1367,0
1177,993,0
95,356,0
95,895,0
467,1368,0
500,916,0
355,1369,0
151,356,0
294,983,0
201,864,0
203,1370,0
296,978,0
726,566,0
172,1323,0
198,709,0
71,1079,0
205,837,0
1177,693,0
38,1069,0
24,1371,0
254,165,0
312,674,0
84,165,0
538,546,0
92,1188,0
591,22,0
51,638,0
33,512,0
168,1372,0
71,629,0
205,1196,0
24,1215,0
427,150,0
495,587,0
679,677,0
124,596,0
151,929,0
151,1373,0
359,1374,0
635,525,0
497,816,0
51,816,0
51,1302,0
48,1375,0
48,1239,0
48,1376,0
284,1377,0
155,1378,0
155,559,0
473,1379,0
500,560,0
10,1380,0
201,1149,0
201,1239,0
1381,356,0
227,400,0
78,247,0
48,1033,0
48,926,0
48,534,0
721,366,0
312,267,0
57,1080,0
175,1382,0
201,586,0
1383,94,0
227,1384,0
51,26,0
33,1385,0
78,674,0
90,814,0
90,1386,0
95,1387,0
267,245,0
151,997,0
29,1380,0
8,334,0
877,839,0
635,25,0
90,1149,0
239,342,0
312,1388,0
312,628,0
878,1211,0
151,76,0
151,1127,0
29,591,0
10,1389,0
129,66,0
51,122,0
75,1011,0
78,596,0
73,1320,0
477,1254,0
137,836,0
48,814,0
284,572,0
284,1390,0
284,1110,0
67,491,0
239,113,0
29,1113,0
29,408,0
1391,339,0
8,1127,0
1296,1392,0
198,962,0
1393,218,0
442,983,0
239,135,0
113,714,0
312,740,0
124,1394,0
538,1395,0
92,555,0
198,746,0
284,936,0
159,66,0
95,655,0
95,252,0
267,130,0
779,1148,0
473,932,0
878,296,0
124,1396,0
201,1134,0
573,746,0
50,617,0
335,1397,0
90,1352,0
284,1398,0
767,982,0
124,2,0
10,1399,0
57,743,0
175,62,0
203,1400,0
359,765,0
78,766,0
881,486,0
90,1401,0
721,640,0
721,1402,0
284,785,0
159,1223,0
95,692,0
754,70,0
239,197,0
24,1403,0
254,323,0
355,1142,0
878,618,0
29,1404,0
129,1249,0
129,164,0
201,1317,0
497,639,0
78,834,0
213,532,0
73,1203,0
90,1405,0
205,507,0
95,1388,0
95,1177,0
500,525,0
29,1047,0
129,1212,0
296,1210,0
172,653,0
51,507,0
168,8,0
335,701,0
137,992,0
95,1406,0
312,631,0
29,966,0
77,594,0
201,391,0
201,1407,0
538,1408,0
497,593,0
213,814,0
71,982,0
310,1409,0
337,468,0
38,1410,0
129,1411,0
573,674,0
1296,1412,0
78,1067,0
213,1264,0
71,1413,0
137,47,0
137,1414,0
284,1415,0
467,1011,0
427,1142,0
312,1416,0
103,871,0
262,589,0
151,1417,0
10,530,0
8,293,0
201,1366,0
203,1418,0
538,1176,0
51,839,0
213,942,0
335,653,0
284,1313,0
442,1120,0
67,1419,0
95,929,0
267,653,0
473,1420,0
767,1421,0
679,706,0
124,194,0
124,1067,0
50,864,0
168,638,0
73,971,0
113,1120,0
495,836,0
84,674,0
124,692,0
10,1201,0
10,1422,0
129,1026,0
401,1423,0
132,1424,0
573,402,0
573,369,0
497,808,0
73,1395,0
1177,1069,0
267,929,0
38,1425,0
38,1426,0
103,499,0
767,1192,0
124,970,0
538,1427,0
33,1428,0
33,694,0
78,1321,0
205,190,0
48,978,0
442,560,0
38,185,0
312,1321,0
312,1429,0
262,1430,0
389,839,0
389,638,0
538,761,0
119,1104,0
497,1431,0
198,168,0
198,935,0
137,1432,0
205,913,0
95,1013,0
95,1433,0
95,1434,0
151,1435,0
10,1425,0
90,1436,0
48,603,0
337,839,0
442,540,0
95,574,0
38,1437,0
312,1438,0
679,1141,0
10,1439,0
573,1239,0
497,1223,0
33,487,0
78,622,0
73,1305,0
335,449,0
239,17,0
473,1440,0
124,1026,0
124,1441,0
124,560,0
201,653,0
201,486,0
172,135,0
505,416,0
78,761,0
71,107,0
284,120,0
442,628,0
95,1442,0
467,1080,0
312,1095,0
389,1443,0
877,164,0
201,252,0
203,1042,0
12,1444,0
75,1445,0
817,1446,0
90,1447,0
90,1127,0
337,901,0
907,702,0
124,1323,0
77,14,0
389,1192,0
203,1448,0
132,1449,0
172,1450,0
78,1308,0
213,486,0
90,874,0
442,419,0
267,639,0
38,913,0
312,894,0
129,1192,0
877,945,0
573,431,0
505,891,0
75,1079,0
78,1451,0
213,499,0
73,93,0
721,703,0
117,1452,0
117,638,0
779,1210,0
24,1453,0
312,1454,0
679,1067,0
10,434,0
129,512,0
389,1455,0
1456,1301,0
726,271,0
227,440,0
50,1133,0
50,788,0
1103,267,0
284,1442,0
473,1457,0
427,559,0
767,765,0
201,1415,0
203,1319,0
1458,561,0
75,1459,0
78,746,0
198,515,0
198,638,0
73,334,0
205,211,0
205,416,0
427,766,0
29,1150,0
203,284,0
1383,93,0
296,194,0
51,1372,0
168,1460,0
213,1461,0
90,1169,0
113,1344,0
312,369,0
103,693,0
907,1462,0
124,701,0
201,1200,0
505,400,0
33,211,0
33,387,0
198,576,0
198,211,0
73,1396,0
137,1285,0
205,1463,0
473,1464,0
495,439,0
355,1234,0
907,1249,0
10,207,0
119,58,0
573,424,0
168,245,0
90,601,0
284,1465,0
38,930,0
103,595,0
124,1466,0
29,1467,0
10,144,0
877,293,0
877,1212,0
227,1397,0
73,1388,0
90,1468,0
137,785,0
284,1469,0
284,1470,0
95,889,0
267,1471,0
779,840,0
473,1032,0
312,424,0
312,796,0
312,361,0
355,983,0
877,1385,0
1472,16,0
172,945,0
51,1089,0
51,107,0
75,601,0
78,814,0
78,147,0
213,259,0
159,211,0
1177,1473,0
95,439,0
38,1474,0
312,202,0
495,323,0
495,1475,0
679,323,0
29,38,0
201,1347,0
5,420,0
75,1133,0
213,1239,0
73,1114,0
90,1476,0
284,904,0
312,1477,0
124,1463,0
129,978,0
132,150,0
132,546,0
573,1149,0
5,1478,0
497,1479,0
71,515,0
1177,1088,0
95,1331,0
95,864,0
95,911,0
779,1089,0
84,887,0
29,1046,0
129,632,0
389,1033,0
8,633,0
132,1480,0
573,2,0
1481,738,0
1482,470,0
172,163,0
51,245,0
73,1109,0
90,1483,0
124,1484,0
29,713,0
10,261,0
75,1067,0
168,566,0
213,1149,0
38,174,0
500,456,0
254,706,0
312,1448,0
767,971,0
124,484,0
57,1011,0
57,1109,0
8,66,0
8,467,0
877,1249,0
201,1485,0
201,1486,0
172,1033,0
1296,74,0
71,618,0
335,901,0
284,1487,0
312,499,0
124,435,0
29,1488,0
1262,1489,0
505,971,0
78,1136,0
205,1367,0
48,27,0
721,655,0
254,43,0
679,1030,0
201,904,0
73,1278,0
1490,194,0
205,1491,0
1177,295,0
95,1232,0
500,512,0
500,436,0
103,304,0
296,590,0
1481,353,0
5,1492,0
198,1291,0
90,361,0
95,489,0
38,1493,0
467,1109,0
103,1400,0
124,464,0
124,1278,0
359,130,0
119,311,0
172,1440,0
505,816,0
198,540,0
213,1208,0
335,525,0
205,39,0
48,1494,0
337,590,0
442,632,0
1495,631,0
500,692,0
500,1372,0
29,425,0
1496,294,0
8,836,0
12,1497,0
497,629,0
1103,781,0
284,268,0
442,1093,0
117,165,0
1177,655,0
473,929,0
500,580,0
355,632,0
10,648,0
573,1186,0
505,426,0
1103,1162,0
335,665,0
442,426,0
124,513,0
132,760,0
1481,197,0
635,1114,0
505,62,0
48,400,0
721,713,0
284,1498,0
442,840,0
95,1499,0
38,902,0
124,1500,0
29,960,0
8,1379,0
296,638,0
119,1501,0
132,1087,0
1381,655,0
33,43,0
78,1063,0
168,1097,0
284,1038,0
442,1077,0
95,1502,0
124,564,0
12,825,0
227,1210,0
168,1055,0
205,1503,0
721,1504,0
1177,527,0
95,76,0
500,1170,0
679,808,0
124,293,0
1262,1505,0
12,692,0
635,1019,0
5,1506,0
172,600,0
78,1013,0
213,886,0
335,1097,0
90,189,0
103,618,0
124,580,0
8,369,0
877,165,0
573,1451,0
573,905,0
90,1507,0
95,1352,0
312,893,0
767,66,0
679,1024,0
124,891,0
129,539,0
132,887,0
5,660,0
227,1111,0
51,1088,0
50,1208,0
71,895,0
721,789,0
284,135,0
467,207,0
254,1212,0
129,1396,0
119,1064,0
12,1466,0
1277,607,0
172,1114,0
172,1508,0
1509,1510,0
337,1511,0
284,814,0
159,1214,0
38,755,0
500,765,0
113,1067,0
312,1280,0
312,118,0
103,527,0
495,1067,0
29,2,0
29,1189,0
877,677,0
201,1512,0
296,1223,0
1076,952,0
51,1079,0
442,962,0
779,1087,0
38,1513,0
103,904,0
495,1514,0
355,1097,0
132,743,0
635,1055,0
213,929,0
213,1354,0
779,1515,0
779,560,0
1516,750,0
124,1126,0
1517,215,0
51,639,0
78,929,0
213,1518,0
284,1013,0
284,96,0
117,1519,0
239,1520,0
38,695,0
113,1521,0
103,486,0
679,816,0
10,478,0
359,1522,0
172,1523,0
213,1379,0
73,286,0
205,891,0
337,1460,0
284,1524,0
239,470,0
38,1525,0
254,816,0
124,255,0
57,366,0
201,761,0
635,781,0
497,1508,0
75,512,0
198,1526,0
71,962,0
90,1527,0
90,1395,0
721,863,0
284,1133,0
95,1102,0
113,316,0
103,1323,0
495,600,0
355,436,0
389,1528,0
635,713,0
51,1025,0
33,901,0
90,1529,0
254,632,0
84,911,0
172,970,0
1458,188,0
335,754,0
284,948,0
284,1530,0
117,541,0
95,432,0
95,1461,0
312,1531,0
312,260,0
767,1114,0
124,507,0
129,1532,0
296,441,0
132,1533,0
51,1534,0
51,840,0
71,793,0
284,304,0
284,722,0
113,480,0
312,1535,0
495,1055,0
355,441,0
296,1356,0
132,1301,0
635,1536,0
73,501,0
90,17,0
205,1537,0
284,1538,0
284,1432,0
159,607,0
113,628,0
124,11,0
29,588,0
10,833,0
51,1192,0
50,1321,0
335,219,0
95,424,0
312,1315,0
51,1305,0
505,422,0
335,975,0
721,299,0
117,1539,0
779,1375,0
467,1145,0
500,1540,0
103,296,0
29,1541,0
8,1542,0
51,449,0
168,1540,0
337,983,0
312,144,0
124,1543,0
1277,58,0
172,840,0
75,1544,0
50,489,0
213,1308,0
73,754,0
205,1545,0
205,1097,0
113,643,0
1546,819,0
389,1372,0
359,605,0
33,2,0
335,1503,0
284,532,0
442,1323,0
779,1192,0
8,1097,0
51,1148,0
33,6,0
198,425,0
213,946,0
205,1547,0
205,638,0
442,1548,0
442,596,0
312,1549,0
312,1550,0
767,449,0
124,1551,0
10,1552,0
8,1354,0
726,356,0
726,49,0
1517,270,0
497,876,0
1553,655,0
75,323,0
50,1461,0
817,580,0
90,1232,0
38,1554,0
254,1097,0
312,1378,0
355,135,0
124,630,0
129,1385,0
497,1555,0
172,567,0
172,1556,0
51,1460,0
168,1369,0
284,1062,0
284,1111,0
767,1557,0
355,694,0
10,1150,0
227,487,0
51,891,0
335,1033,0
284,910,0
284,1558,0
467,840,0
767,808,0
29,1559,0
389,1560,0
296,839,0
726,887,0
573,1561,0
335,1562,0
95,22,0
1148,403,0
495,1256,0
355,371,0
124,472,0
389,1256,0
877,901,0
573,1378,0
573,17,0
497,48,0
51,576,0
213,235,0
213,1215,0
38,162,0
467,542,0
29,1563,0
29,193,0
10,591,0
389,102,0
497,1311,0
71,502,0
73,580,0
90,1151,0
652,778,0
312,622,0
359,1564,0
573,111,0
51,1565,0
284,1454,0
254,1566,0
312,1013,0
10,1567,0
57,1568,0
57,840,0
877,1568,0
50,531,0
90,491,0
95,1271,0
355,1569,0
124,1133,0
124,1093,0
129,323,0
296,526,0
497,1570,0
51,1571,0
198,1572,0
71,1573,0
500,1574,0
8,436,0
33,419,0
73,426,0
1575,215,0
205,1030,0
284,1045,0
348,204,0
348,855,0
95,1576,0
500,107,0
355,580,0
355,267,0
129,866,0
389,435,0
573,1048,0
33,1114,0
213,7,0
205,1569,0
205,1577,0
284,1395,0
284,486,0
312,1370,0
312,1578,0
124,1372,0
29,1579,0
10,1580,0
10,1581,0
129,1294,0
129,420,0
988,981,0
205,1582,0
284,1583,0
95,1125,0
95,512,0
239,223,0
281,486,0
8,605,0
497,1411,0
227,970,0
71,1341,0
335,1571,0
95,1584,0
239,1585,0
239,1586,0
312,76,0
495,632,0
389,1114,0
505,226,0
33,1035,0
198,1587,0
198,1234,0
205,387,0
95,1588,0
1589,1590,0
172,45,0
50,1271,0
335,1019,0
1591,1134,0
239,383,0
38,1592,0
467,540,0
10,844,0
8,1294,0
172,688,0
335,596,0
254,1170,0
312,190,0
767,1252,0
29,1593,0
129,1114,0
877,1440,0
50,679,0
335,825,0
90,948,0
90,1594,0
337,436,0
284,1595,0
779,1312,0
500,1596,0
84,417,0
355,6,0
355,793,0
129,1440,0
1597,761,0
1481,1168,0
227,1087,0
51,972,0
198,1598,0
90,1599,0
284,1429,0
38,1600,0
467,1572,0
500,1059,0
312,1174,0
10,1601,0
877,1293,0
573,551,0
51,1596,0
50,550,0
168,1209,0
198,628,0
213,1602,0
90,1433,0
284,1603,0
348,1604,0
467,1605,0
312,1606,0
84,1607,0
355,1170,0
124,1035,0
124,1608,0
401,1446,0
726,596,0
172,794,0
505,31,0
376,559,0
198,629,0
38,1609,0
495,605,0
355,576,0
389,701,0
573,936,0
1610,1611,0
50,1543,0
1333,1612,0
198,1613,0
779,679,0
254,436,0
124,972,0
10,1614,0
227,435,0
284,1615,0
38,1464,0
312,1524,0
359,9,0
132,45,0
50,1183,0
198,1616,0
71,1617,0
73,1149,0
1490,702,0
239,833,0
312,1618,0
312,1619,0
124,734,0
124,1087,0
726,975,0
132,1620,0
1621,224,0
50,1264,0
213,1272,0
337,1622,0
284,166,0
1623,778,0
281,869,0
500,17,0
10,38,0
8,259,0
359,513,0
573,1329,0
51,600,0
90,550,0
779,1114,0
38,1068,0
467,1568,0
124,1148,0
726,702,0
227,1624,0
51,527,0
284,1625,0
159,1110,0
1623,512,0
38,1626,0
254,439,0
29,473,0
877,28,0
1296,150,0
33,653,0
33,1243,0
90,9,0
337,1033,0
442,1627,0
495,676,0
124,1534,0
124,1628,0
1383,889,0
51,1323,0
505,1165,0
213,1048,0
205,226,0
442,1572,0
442,1463,0
159,1127,0
495,1629,0
29,1630,0
129,1142,0
129,1631,0
573,1632,0
51,416,0
73,420,0
337,1633,0
284,1453,0
284,1634,0
467,993,0
467,1149,0
312,1635,0
495,1149,0
10,1636,0
1589,1069,0
57,287,0
1381,499,0
1381,1215,0
284,1183,0
442,1255,0
1591,1210,0
1637,887,0
239,405,0
312,1342,0
124,1638,0
124,982,0
1639,1293,0
57,353,0
573,1127,0
51,515,0
1575,1640,0
90,534,0
337,1475,0
117,677,0
95,193,0
38,1016,0
281,319,0
355,468,0
124,1641,0
51,1293,0
168,1443,0
335,1148,0
239,334,0
312,1642,0
355,525,0
29,1643,0
573,1586,0
227,1644,0
168,323,0
198,1238,0
90,397,0
205,1645,0
337,316,0
442,1646,0
467,982,0
312,841,0
495,808,0
124,1455,0
124,1214,0
129,945,0
1647,339,0
172,1648,0
198,144,0
117,887,0
95,603,0
312,1102,0
124,837,0
10,1649,0
8,260,0
359,839,0
168,486,0
90,1345,0
90,1251,0
239,96,0
1148,1650,0
124,1651,0
124,1120,0
401,1652,0
1262,1162,0
8,653,0
877,513,0
573,531,0
573,499,0
988,296,0
50,1172,0
168,866,0
1266,334,0
495,1440,0
1262,888,0
57,636,0
132,1120,0
573,722,0
1296,998,0
33,1223,0
239,593,0
239,742,0
1546,1184,0
1546,808,0
10,563,0
401,1653,0
57,695,0
877,301,0
132,1323,0
198,1191,0
652,618,0
359,260,0
1381,728,0
168,66,0
198,1328,0
335,349,0
90,1654,0
205,449,0
337,706,0
284,574,0
239,566,0
500,441,0
1266,1233,0
254,1033,0
312,1655,0
124,600,0
29,1656,0
57,1657,0
389,1024,0
1381,118,0
73,826,0
90,1658,0
95,414,0
124,350,0
10,386,0
726,746,0
227,1112,0
198,1659,0
90,252,0
117,628,0
1591,1252,0
124,1660,0
1589,692,0
1661,525,0
1647,792,0
33,1127,0
442,1212,0
117,1662,0
754,1162,0
1383,1167,0
172,7,0
51,1126,0
50,1156,0
33,978,0
168,122,0
73,316,0
90,622,0
90,126,0
467,1110,0
389,978,0
8,1067,0
359,566,0
1663,701,0
50,1518,0
205,1293,0
254,501,0
355,323,0
29,1664,0
129,1665,0
129,1214,0
1666,163,0
168,1667,0
284,1668,0
95,387,0
239,546,0
239,323,0
38,1669,0
38,1670,0
500,271,0
312,1671,0
495,1373,0
29,1672,0
10,1047,0
1391,713,0
1639,816,0
877,43,0
877,107,0
726,713,0
573,491,0
172,1608,0
505,350,0
73,1673,0
239,621,0
239,586,0
1148,1674,0
124,163,0
10,1675,0
1383,1057,0
573,1013,0
337,1026,0
284,1676,0
442,564,0
312,1677,0
355,400,0
29,1678,0
389,780,0
8,432,0
573,1679,0
172,1030,0
172,1192,0
33,267,0
117,1145,0
254,688,0
1680,887,0
57,640,0
50,572,0
117,1218,0
159,1681,0
355,271,0
124,1682,0
1661,1142,0
877,130,0
726,366,0
573,1683,0
573,1415,0
172,1214,0
51,676,0
50,1354,0
168,287,0
467,421,0
312,1183,0
84,997,0
124,1684,0
1391,1329,0
129,1685,0
389,1466,0
8,486,0
573,252,0
172,1089,0
284,1686,0
239,1232,0
500,185,0
124,1019,0
124,1687,0
29,1688,0
1639,1089,0
877,1689,0
50,1032,0
33,693,0
198,1690,0
198,1145,0
73,1691,0
73,1298,0
159,1571,0
239,788,0
500,706,0
495,580,0
124,1692,0
124,1693,0
227,653,0
505,1293,0
168,1026,0
205,952,0
1591,978,0
495,1515,0
84,1457,0
124,1633,0
124,1694,0
29,1695,0
227,1469,0
1666,677,0
50,1125,0
50,1081,0
95,360,0
239,911,0
500,1696,0
495,1252,0
1546,839,0
10,1697,0
389,1218,0
33,472,0
73,1698,0
337,1192,0
38,1699,0
312,842,0
10,1700,0
573,1308,0
50,942,0
33,872,0
284,1095,0
442,360,0
124,1701,0
124,1252,0
10,1702,0
10,838,0
129,1030,0
389,846,0
877,1543,0
172,356,0
198,1703,0
117,1385,0
159,1321,0
38,1240,0
500,188,0
29,22,0
401,1704,0
1639,1372,0
389,1361,0
8,1062,0
573,1191,0
442,356,0
38,1705,0
355,587,0
29,1249,0
129,502,0
573,1470,0
227,701,0
1666,1192,0
168,1684,0
90,166,0
239,1211,0
239,1431,0
239,360,0
38,1706,0
312,1707,0
29,1708,0
573,146,0
227,1033,0
505,1691,0
33,600,0
376,119,0
90,1280,0
442,1709,0
442,1710,0
239,952,0
312,1325,0
124,1711,0
29,1712,0
51,808,0
50,1713,0
1296,85,0
198,1714,0
198,1079,0
73,947,0
73,422,0
90,1715,0
95,1716,0
239,1717,0
239,796,0
500,688,0
495,734,0
495,102,0
355,9,0
124,551,0
129,1125,0
57,939,0
168,464,0
198,1718,0
90,223,0
442,1025,0
239,622,0
495,43,0
124,1575,0
124,486,0
10,1719,0
389,1165,0
877,1026,0
132,311,0
132,1105,0
227,1720,0
50,202,0
198,1098,0
337,1721,0
117,1300,0
38,1722,0
38,1723,0
129,1673,0
877,975,0
33,1030,0
168,44,0
90,1724,0
239,628,0
8,580,0
1647,846,0
505,1252,0
117,1571,0
495,621,0
84,14,0
1546,323,0
355,1033,0
573,1240,0
1663,972,0
505,1725,0
168,513,0
95,1032,0
254,1192,0
254,1165,0
495,1129,0
1647,1726,0
359,369,0
337,6,0
254,926,0
495,564,0
1546,1278,0
355,255,0
10,1046,0
8,122,0
132,911,0
172,298,0
10,227,0
1639,1305,0
57,1064,0
389,1727,0
8,909,0
1647,713,0
51,1728,0
90,1729,0
38,1730,0
38,1731,0
312,869,0
8,1199,0
359,271,0
1663,596,0
172,1732,0
51,1024,0
505,1733,0
73,164,0
500,105,0
312,1111,0
10,107,0
401,911,0
1647,1162,0
1647,1060,0
359,1142,0
132,1184,0
1663,1170,0
51,1388,0
50,1584,0
337,1608,0
95,1734,0
124,1407,0
227,1337,0
51,1210,0
1296,506,0
168,816,0
159,119,0
159,1067,0
1591,1515,0
8,1372,0
877,1361,0
1666,564,0
505,1645,0
33,7,0
198,1735,0
254,1320,0
495,706,0
495,701,0
124,379,0
1647,655,0
168,1633,0
90,1736,0
239,926,0
312,1737,0
124,1738,0
29,386,0
129,947,0
172,43,0
51,1161,0
198,1739,0
73,706,0
90,1535,0
38,965,0
33,1192,0
198,1740,0
90,977,0
90,992,0
337,1148,0
312,1414,0
124,449,0
1647,1360,0
51,282,0
442,1187,0
95,1310,0
129,674,0
389,1089,0
359,1460,0
90,356,0
117,901,0
239,1202,0
10,1541,0
227,1187,0
227,9,0
1663,1155,0
73,1479,0
90,551,0
117,1323,0
312,1741,0
355,1077,0
355,1127,0
124,1533,0
8,1264,0
132,1742,0
227,1199,0
442,904,0
159,970,0
239,1743,0
239,1744,0
84,1011,0
355,1243,0
129,794,0
227,1428,0
227,420,0
1666,1097,0
50,1387,0
254,891,0
124,1356,0
10,1745,0
129,1746,0
57,629,0
57,975,0
1663,600,0
505,600,0
50,1149,0
50,1433,0
254,1631,0
84,970,0
124,1747,0
124,1748,0
124,1749,0
8,483,0
8,617,0
877,688,0
50,486,0
198,994,0
495,502,0
495,11,0
57,391,0
389,420,0
8,323,0
172,799,0
33,1305,0
337,31,0
442,982,0
117,706,0
355,527,0
1391,743,0
389,1375,0
172,360,0
73,1440,0
442,1291,0
239,1352,0
312,1750,0
495,1751,0
57,1752,0
877,1079,0
172,754,0
198,1753,0
337,1127,0
1591,1464,0
239,1754,0
500,502,0
124,1755,0
124,1256,0
10,1756,0
389,998,0
505,665,0
117,1127,0
95,331,0
124,676,0
1391,1064,0
1639,387,0
1663,1312,0
505,436,0
50,571,0
90,146,0
90,1757,0
442,1301,0
159,360,0
132,1758,0
172,1026,0
51,1684,0
50,827,0
442,849,0
442,978,0
495,872,0
355,560,0
359,706,0
51,962,0
505,1347,0
33,826,0
73,688,0
117,150,0
159,287,0
124,1312,0
1663,527,0
117,484,0
239,1453,0
495,1759,0
84,211,0
1546,387,0
355,1633,0
132,586,0
198,1760,0
90,1045,0
124,1761,0
1391,745,0
389,107,0
33,400,0
239,439,0
495,1762,0
355,1763,0
10,1431,0
129,1764,0
8,1142,0
227,1114,0
168,436,0
73,839,0
95,854,0
239,9,0
10,1270,0
227,1120,0
51,1026,0
168,1701,0
1591,1112,0
84,1013,0
57,703,0
1663,450,0
1666,596,0
50,1215,0
73,1460,0
442,1534,0
124,1192,0
124,1527,0
129,441,0
57,1400,0
8,950,0
33,628,0
198,1765,0
337,1120,0
159,7,0
84,929,0
84,1259,0
124,1225,0
10,1404,0
1391,58,0
227,894,0
168,1455,0
442,629,0
500,1766,0
877,11,0
51,1269,0
198,1080,0
90,1454,0
337,515,0
159,891,0
355,1209,0
124,1571,0
389,449,0
877,468,0
227,1361,0
1666,839,0
198,1341,0
239,893,0
355,28,0
124,606,0
8,6,0
505,371,0
50,1317,0
168,679,0
73,1767,0
337,1768,0
355,1769,0
10,1770,0
129,653,0
227,1764,0
505,376,0
10,1678,0
359,1127,0
159,1249,0
389,1771,0
337,682,0
337,449,0
355,972,0
877,1211,0
1296,323,0
90,1272,0
124,1772,0
8,223,0
168,1721,0
51,164,0
254,1727,0
227,542,0
877,1773,0
359,1024,0
51,31,0
90,1774,0
51,1112,0
90,1775,0
1639,1420,0
51,435,0
159,754,0
33,506,0
1546,1293,0
117,1776,0
495,260,0
877,891,0
73,825,0
124,1768,0
389,1777,0
198,1324,0
124,993,0
90,1442,0
50,1293,0
117,168,0
359,825,0
1591,1778,0
124,1779,0
73,439,0
505,1192,0
337,1372,0
84,1184,0
159,441,0
10,1227,0
442,631,0
355,1388,0
389,513,0
442,1558,0
168,808,0
129,1089,0
389,1780,0
8,1420,0
227,998,0
10,1309,0
124,164,0
95,1470,0
239,1651,0
500,1375,0
129,1388,0
442,1781,0
90,559,0
10,1782,0
495,986,0
389,986,0
355,891,0
84,1062,0
1666,978,0
95,796,0
33,1249,0
57,976,0
1666,323,0
95,1142,0
401,580,0
57,1211,0
1296,271,0
57,923,0
505,559,0
359,436,0
124,359,0
124,1293,0
355,603,0
8,1095,0
57,863,0
129,1783,0
442,1110,0
117,502,0
50,722,0
505,282,0
1546,901,0
95,874,0
124,1440,0
90,1451,0
337,1165,0
129,369,0
124,1784,0
401,450,0
57,647,0
505,1475,0
168,1278,0
8,499,0
239,1347,0
359,1785,0
337,490,0
84,1367,0
124,1110,0
90,1786,0
124,1215,0
505,1787,0
57,1788,0
50,1789,0
877,245,0
168,1560,0
10,25,0
129,299,0
227,1790,0
500,48,0
124,1170,0
1639,1033,0
33,891,0
8,1440,0
401,893,0
337,163,0
73,1791,0
51,1369,0
90,835,0
73,1792,0
401,655,0
8,1793,0
500,816,0
124,1794,0
10,200,0
877,1795,0
90,1218,0
10,1796,0
73,1476,0
389,1312,0
355,901,0
389,926,0
337,350,0
159,107,0
355,1475,0
129,808,0
129,839,0
442,1733,0
168,164,0
389,1651,0
500,1012,0
10,522,0
1666,513,0
168,1534,0
95,1407,0
90,1432,0
73,1764,0
50,945,0
8,350,0
1296,839,0
51,1443,0
84,1619,0
117,1797,0
84,486,0
57,1798,0
33,1367,0
1546,1252,0
95,1586,0
389,163,0
117,728,0
227,1616,0
355,513,0
51,1019,0
33,1210,0
355,826,0
73,436,0
239,1045,0
359,501,0
50,259,0
8,567,0
33,350,0
73,199,0
73,1799,0
442,1800,0
90,841,0
227,2,0
337,1305,0
1546,891,0
401,1801,0
1296,1293,0
505,926,0
389,808,0
73,1110,0
50,1802,0
239,1038,0
33,122,0
1639,107,0
57,265,0
505,1210,0
355,1577,0
442,1587,0
50,1803,0
124,1804,0
359,48,0
51,1805,0
337,480,0
389,1562,0
51,1255,0
90,1806,0
877,122,0
1666,298,0
8,932,0
124,8,0
227,1255,0
337,1258,0
401,1134,0
442,422,0
90,202,0
124,1807,0
124,901,0
389,1278,0
355,1321,0
10,466,0
129,527,0
1546,416,0
337,1279,0
442,880,0
129,1293,0
73,1026,0
389,1209,0
73,1361,0
57,1808,0
389,825,0
124,1132,0
129,1809,0
401,836,0
8,945,0
239,1063,0
355,470,0
10,1139,0
10,441,0
51,541,0
10,1810,0
168,1691,0
33,602,0
10,1299,0
389,901,0
505,1372,0
95,125,0
84,1554,0
129,419,0
168,1523,0
50,1533,0
50,836,0
505,1167,0
8,1728,0
90,1737,0
337,587,0
442,1779,0
33,52,0
90,1313,0
227,1551,0
90,1811,0
239,1169,0
90,1576,0
51,1479,0
124,1218,0
8,706,0
355,1320,0
401,1812,0
359,1813,0
505,164,0
355,1305,0
355,970,0
1666,676,0
10,913,0
50,904,0
355,1184,0
505,1814,0
57,761,0
442,51,0
50,886,0
389,754,0
359,1815,0
1639,420,0
51,1218,0
1546,31,0
129,816,0
239,834,0
168,706,0
124,962,0
50,1233,0
124,760,0
505,1077,0
227,631,0
1639,226,0
124,1816,0
129,1209,0
90,744,0
239,571,0
227,1771,0
1639,362,0
57,1817,0
10,1708,0
8,794,0
51,433,0
33,1373,0
129,316,0
10,1630,0
90,260,0
124,1301,0
389,1813,0
505,1818,0
159,596,0
442,1324,0
124,1819,0
442,1249,0
33,1209,0
1639,978,0
84,642,0
505,433,0
1639,600,0
227,1749,0
33,1820,0
159,694,0
8,152,0
159,1011,0
124,1821,0
239,1822,0
227,866,0
73,1269,0
442,913,0
73,1192,0
1296,1823,0
1666,1790,0
8,1208,0
389,1824,0
129,706,0
1666,816,0
168,1125,0
1546,1721,0
33,1293,0
50,1825,0
355,123,0
168,1030,0
90,1826,0
168,880,0
355,366,0
50,1827,0
505,501,0
73,1089,0
84,632,0
8,1828,0
90,1829,0
50,595,0
73,6,0
10,1830,0
129,1831,0
50,1832,0
239,397,0
227,1252,0
33,677,0
442,1014,0
51,423,0
33,501,0
355,1114,0
355,1455,0
227,527,0
355,48,0
10,902,0
129,28,0
90,1833,0
124,1370,0
33,502,0
50,1834,0
124,638,0
8,551,0
51,468,0
1296,1249,0
90,1249,0
1666,1170,0
84,1793,0
124,1835,0
10,1836,0
1546,301,0
505,629,0
168,913,0
90,1837,0
355,735,0
168,1838,0
90,1839,0
1546,1030,0
73,514,0
33,1840,0
168,1815,0
73,866,0
124,1255,0
84,436,0
227,1258,0
505,866,0
442,748,0
50,644,0
73,1428,0
10,121,0
90,1841,0
124,1842,0
117,1454,0
355,1372,0
117,1843,0
84,923,0
10,1844,0
51,1845,0
355,387,0
124,893,0
73,1596,0
124,1777,0
168,1846,0
90,1847,0
84,893,0
355,1312,0
10,233,0
168,674,0
8,911,0
50,1848,0
355,1849,0
1296,808,0
227,734,0
227,1571,0
129,971,0
129,1850,0
1546,1464,0
84,1032,0
51,1721,0
168,334,0
159,1049,0
227,1503,0
8,287,0
10,636,0
442,760,0
50,1851,0
442,1633,0
8,839,0
33,1852,0
1546,1024,0
355,1049,0
1296,566,0
442,1328,0
124,1667,0
117,1211,0
355,349,0
505,320,0
505,150,0
10,1853,0
1666,866,0
33,1340,0
8,788,0
73,105,0
1666,1727,0
51,1258,0
227,1854,0
10,1855,0
50,1299,0
355,1792,0
129,501,0
124,339,0
73,468,0
505,1429,0
8,1428,0
227,470,0
10,1856,0
505,1026,0
10,786,0
73,1369,0
51,880,0
505,168,0
10,1283,0
84,766,0
1666,426,0
73,1857,0
124,1858,0
1546,1421,0
8,1026,0
50,296,0
51,1252,0
73,566,0
129,62,0
227,1768,0
73,1475,0
168,1859,0
124,880,0
159,1737,0
442,282,0
505,1466,0
1296,484,0
33,1860,0
73,1246,0
159,971,0
159,1258,0
124,1644,0
159,1210,0
355,1385,0
129,754,0
168,501,0
168,677,0
227,1388,0
124,1558,0
505,420,0
8,1861,0
168,1571,0
442,1087,0
355,422,0
84,1862,0
1546,1455,0
442,1367,0
8,1633,0
442,1863,0
159,1440,0
33,422,0
10,1493,0
1666,413,0
33,107,0
355,1508,0
442,1772,0
10,1864,0
129,1111,0
355,211,0
33,1278,0
129,334,0
73,1865,0
10,1866,0
50,1524,0
1296,1258,0
1666,674,0
51,1867,0
442,1868,0
227,839,0
129,1120,0
442,1869,0
1666,294,0
159,1097,0
84,880,0
51,484,0
124,1199,0
505,157,0
84,926,0
124,1870,0
8,1540,0
50,1871,0
1546,1149,0
1296,1019,0
129,435,0
1296,1872,0
442,1873,0
227,513,0
51,1142,0
124,1874,0
1666,486,0
51,911,0
505,826,0
124,1863,0
8,1215,0
8,799,0
50,1048,0
355,1223,0
159,145,0
1546,972,0
124,1838,0
73,1628,0
505,1875,0
168,895,0
1546,1302,0
51,998,0
84,1063,0
33,420,0
1666,693,0
84,366,0
355,1367,0
505,1876,0
355,697,0
8,242,0
10,1053,0
129,1540,0
129,1877,0
129,972,0
129,1240,0
129,1572,0
129,1211,0
129,1878,0
129,665,0
129,1879,0
129,301,0
129,1880,0
129,1881,0
129,255,0
129,1882,0
129,1883,0
129,1884,0
129,1460,0
129,8,0
129,572,0
129,176,0
129,894,0
129,1501,0
129,1885,0
129,1633,0
129,1767,0
129,1790,0
129,1784,0
129,484,0
129,825,0
129,1886,0
129,1689,0
129,1859,0
129,1428,0
129,1319,0
129,550,0
129,170,0
129,682,0
129,1887,0
129,1187,0
129,1888,0
129,564,0
129,1889,0
129,1126,0
129,199,0
129,1890,0
129,1373,0
129,1032,0
129,304,0
129,1469,0
129,1891,0
129,1892,0
129,731,0
129,602,0
129,436,0
129,271,0
129,286,0
129,694,0
129,1763,0
129,1893,0
129,1894,0
129,1895,0
129,664,0
129,1282,0
129,1896,0
129,1897,0
129,1898,0
129,1079,0
129,1155,0
129,1899,0
129,1900,0
129,1820,0
129,1701,0
129,1901,0
129,1641,0
129,837,0
129,970,0
129,1199,0
129,701,0
129,295,0
129,780,0
129,1902,0
129,452,0
129,1568,0
129,1816,0
129,1312,0
129,9,0
129,506,0
129,1247,0
129,1903,0
129,1904,0
129,1409,0
129,621,0
129,1792,0
129,360,0
129,1575,0
129,596,0
129,1905,0
129,849,0
129,605,0
129,734,0
129,1684,0
129,1727,0
129,688,0
129,1906,0
129,350,0
129,1769,0
129,1077,0
129,1691,0
129,1320,0
129,1907,0
129,1908,0
129,48,0
129,1302,0
129,439,0
129,642,0
129,1909,0
129,1551,0
129,1861,0
129,1910,0
129,449,0
129,1911,0
129,513,0
129,1033,0
129,1170,0
129,1569,0
129,1912,0
129,102,0
129,413,0
129,31,0
129,787,0
129,998,0
129,472,0
129,1628,0
129,1913,0
129,487,0
129,1821,0
129,1252,0
129,45,0
129,1179,0
129,986,0
129,1577,0
129,315,0
129,1761,0
129,697,0
129,983,0
129,982,0
129,107,0
129,515,0
129,1093,0
129,628,0
129,1384,0
129,693,0
129,1560,0
129,467,0
129,14,0
129,1749,0
129,1269,0
129,1326,0
129,1914,0
129,1815,0
129,1915,0
129,532,0
129,891,0
129,1081,0
129,1916,0
129,1055,0
129,1097,0
129,644,0
129,1176,0
129,1917,0
129,836,0
129,1215,0
129,695,0
129,1777,0
129,1148,0
129,1161,0
129,1218,0
129,1918,0
129,1869,0
129,1407,0
129,427,0
129,1863,0
129,387,0
129,1919,0
129,667,0
129,1793,0
129,1356,0
129,1920,0
129,1857,0
129,1455,0
129,426,0
129,440,0
129,1921,0
129,677,0
129,1922,0
129,1112,0
129,1923,0
129,1924,0
129,1361,0
129,566,0
129,416,0
129,1644,0
129,1807,0
129,1475,0
129,242,0
129,1925,0
129,1926,0
129,679,0
129,942,0
129,1738,0
1927,1928,0
1927,1929,0
77,1173,0
77,1930,0
1496,1931,0
255,1932,0
255,559,0
255,1933,0
255,1934,0
255,1935,0
523,1936,0
146,1937,0
389,1938,0
389,970,0
8,1838,0
8,1211,0
8,1460,0
8,1939,0
8,1133,0
8,632,0
8,1373,0
8,1224,0
8,502,0
8,1232,0
8,1105,0
8,688,0
8,1457,0
8,971,0
8,808,0
8,1464,0
8,880,0
8,514,0
8,1940,0
8,1941,0
8,476,0
8,975,0
8,1831,0
8,1815,0
8,49,0
8,1527,0
8,1148,0
8,1161,0
8,1218,0
8,1369,0
8,1455,0
8,1807,0
314,1079,0
314,1267,0
175,1311,0
175,1267,0
175,1942,0
175,1929,0
221,1943,0
16,1268,0
16,1797,0
877,1944,0
203,1598,0
203,1945,0
203,794,0
613,79,0
1,1164,0
1,1946,0
1,1267,0
1,1947,0
1,1929,0
196,1948,0
344,1949,0
296,1950,0
92,1521,0
92,1348,0
119,1951,0
119,1453,0
367,1105,0
181,1598,0
181,1952,0
181,1164,0
181,1953,0
181,1712,0
181,1607,0
181,879,0
181,903,0
591,1954,0
591,1955,0
591,903,0
304,1956,0
304,1929,0
352,1957,0
352,1929,0
352,1958,0
5,1959,0
5,1960,0
5,1961,0
5,1962,0
497,1963,0
497,1964,0
227,993,0
227,1721,0
227,1030,0
227,1965,0
227,1197,0
227,564,0
227,1889,0
227,632,0
227,304,0
227,6,0
227,1894,0
227,1385,0
227,869,0
227,1966,0
227,1942,0
227,1967,0
227,1769,0
227,1320,0
227,579,0
227,1170,0
227,1279,0
227,1628,0
227,471,0
227,267,0
227,1269,0
227,1777,0
227,534,0
227,1698,0
227,1779,0
1621,1968,0
1621,1929,0
556,1942,0
68,1969,0
68,1332,0
398,903,0
325,1970,0
1666,1971,0
1666,1024,0
1666,1125,0
1666,1026,0
1666,850,0
1666,1651,0
1666,1972,0
1666,1030,0
1666,435,0
1666,1973,0
1666,1891,0
1666,164,0
1666,464,0
1666,1479,0
1666,1974,0
1666,1975,0
1666,51,0
1666,1062,0
1666,1155,0
1666,1976,0
1666,970,0
1666,1184,0
1666,1977,0
1666,701,0
1666,295,0
1666,1453,0
1666,1978,0
1666,1352,0
1666,734,0
1666,688,0
1666,846,0
1666,1691,0
1666,1908,0
1666,1979,0
1666,765,0
1666,1120,0
1666,1388,0
1666,1258,0
1666,1980,0
1666,419,0
1666,245,0
1666,1608,0
1666,1033,0
1666,926,0
1666,1087,0
1666,102,0
1666,39,0
1666,62,0
1666,998,0
1666,379,0
1666,1252,0
1666,1441,0
1666,986,0
1666,267,0
1666,1256,0
1666,1981,0
1666,709,0
1666,540,0
1666,400,0
1666,1560,0
1666,122,0
1666,320,0
1666,1831,0
1666,752,0
1666,1916,0
1666,1982,0
1666,1813,0
1666,1983,0
1666,1455,0
1666,600,0
1666,534,0
1666,1543,0
1666,437,0
1666,1984,0
172,1985,0
172,935,0
51,1986,0
51,1838,0
51,1987,0
51,1878,0
51,301,0
51,1375,0
51,587,0
51,825,0
51,1030,0
51,366,0
51,1859,0
51,1965,0
51,1865,0
51,1988,0
51,1562,0
51,420,0
51,1989,0
51,1990,0
51,1171,0
51,1991,0
51,1992,0
51,1184,0
51,1993,0
51,1994,0
51,780,0
51,1995,0
51,1764,0
51,596,0
51,996,0
51,1466,0
51,48,0
51,765,0
51,297,0
51,1996,0
51,678,0
51,901,0
51,926,0
51,1170,0
51,866,0
51,1279,0
51,986,0
51,1997,0
51,793,0
51,982,0
51,1762,0
51,1097,0
51,387,0
51,1356,0
51,1998,0
51,677,0
51,215,0
51,44,0
51,1999,0
51,2000,0
51,1779,0
505,1240,0
505,542,0
505,1305,0
505,2001,0
505,484,0
505,1319,0
505,125,0
505,564,0
505,199,0
505,2002,0
505,602,0
505,1533,0
505,1764,0
505,605,0
505,1500,0
505,219,0
505,39,0
505,540,0
505,507,0
505,2003,0
505,437,0
505,1807,0
75,2004,0
75,2005,0
75,2006,0
75,2007,0
50,1990,0
1296,2008,0
1296,972,0
1296,665,0
1296,1030,0
1296,706,0
1296,1820,0
1296,1165,0
1296,1184,0
1296,2009,0
1296,1764,0
1296,369,0
1296,1223,0
1296,48,0
1296,1388,0
1296,901,0
1296,1170,0
1296,1569,0
1296,1256,0
1296,320,0
1296,1356,0
1296,1127,0
1158,2010,0
1158,2011,0
33,1515,0
33,972,0
33,1838,0
33,590,0
33,1682,0
33,993,0
33,1211,0
33,1814,0
33,2012,0
33,1721,0
33,2013,0
33,1880,0
33,255,0
33,1026,0
33,523,0
33,850,0
33,2014,0
33,2015,0
33,2016,0
33,1571,0
33,1885,0
33,2017,0
33,1633,0
33,1767,0
33,2018,0
33,2019,0
33,1835,0
33,1208,0
33,2020,0
33,484,0
33,825,0
33,2021,0
33,366,0
33,435,0
33,1859,0
33,1772,0
33,445,0
33,682,0
33,2022,0
33,1188,0
33,564,0
33,1889,0
33,268,0
33,1126,0
33,199,0
33,1133,0
33,2023,0
33,2024,0
33,282,0
33,731,0
33,2025,0
33,164,0
33,1523,0
33,286,0
33,2026,0
33,2027,0
33,1479,0
33,2028,0
33,2029,0
33,1846,0
33,1894,0
33,499,0
33,2030,0
33,1132,0
33,1196,0
33,226,0
33,1411,0
33,96,0
33,2031,0
33,2032,0
33,2033,0
33,1350,0
33,1440,0
33,1561,0
33,837,0
33,629,0
33,1776,0
33,371,0
33,970,0
33,2034,0
33,1199,0
33,701,0
33,295,0
33,1547,0
33,2035,0
33,2036,0
33,1809,0
33,11,0
33,2037,0
33,1064,0
33,1816,0
33,2038,0
33,1711,0
33,895,0
33,1764,0
33,1420,0
33,1785,0
33,596,0
33,1246,0
33,2039,0
33,1842,0
33,1014,0
33,734,0
33,1684,0
33,1727,0
33,2040,0
33,2041,0
33,688,0
33,2042,0
33,2043,0
33,1584,0
33,1769,0
33,1077,0
33,1691,0
33,1466,0
33,1110,0
33,48,0
33,1780,0
33,1681,0
33,1388,0
33,1302,0
33,439,0
33,1347,0
33,2044,0
33,130,0
33,965,0
33,880,0
33,1500,0
33,1861,0
33,449,0
33,2045,0
33,1747,0
33,1819,0
33,678,0
33,155,0
33,1646,0
33,1508,0
33,513,0
33,144,0
33,1033,0
33,1170,0
33,674,0
33,866,0
33,1569,0
33,1912,0
33,219,0
33,145,0
33,413,0
33,39,0
33,329,0
33,28,0
33,62,0
33,349,0
33,2046,0
33,998,0
33,2047,0
33,2048,0
33,1631,0
33,1465,0
33,379,0
33,1913,0
33,2049,0
33,1252,0
33,1179,0
33,1577,0
33,2050,0
33,1746,0
33,793,0
33,1323,0
33,316,0
33,541,0
33,515,0
33,840,0
33,794,0
33,540,0
33,638,0
33,507,0
33,1560,0
33,97,0
33,1269,0
33,1326,0
33,1831,0
33,1914,0
33,2051,0
33,1858,0
33,2052,0
33,1067,0
33,49,0
33,1081,0
33,1916,0
33,1055,0
33,1097,0
33,2053,0
33,1917,0
33,1123,0
33,1527,0
33,1395,0
33,1215,0
33,695,0
33,1777,0
33,1148,0
33,2054,0
33,1218,0
33,1407,0
33,218,0
33,667,0
33,1369,0
33,633,0
33,1356,0
33,1857,0
33,2055,0
33,426,0
33,2056,0
33,2057,0
33,2058,0
33,534,0
33,2059,0
33,2060,0
33,2061,0
33,2062,0
33,1112,0
33,214,0
33,1361,0
33,2063,0
33,416,0
33,123,0
33,44,0
33,339,0
33,1463,0
33,1768,0
33,85,0
33,1779,0
33,679,0
33,942,0
33,560,0
33,1805,0
33,298,0
78,1395,0
168,2064,0
168,1521,0
168,1267,0
168,2065,0
822,1968,0
2066,2067,0
213,125,0
71,960,0
71,2064,0
71,2068,0
71,1267,0
71,23,0
771,2069,0
771,2070,0
73,2071,0
73,2072,0
73,1322,0
73,1451,0
73,665,0
73,1024,0
73,255,0
73,146,0
73,1884,0
73,66,0
73,850,0
73,2014,0
73,1771,0
73,444,0
73,2019,0
73,1394,0
73,92,0
73,435,0
73,2073,0
73,2074,0
73,2075,0
73,2076,0
73,1019,0
73,2022,0
73,1540,0
73,539,0
73,41,0
73,125,0
73,1888,0
73,564,0
73,1562,0
73,1891,0
73,1892,0
73,2077,0
73,383,0
73,1523,0
73,299,0
73,271,0
73,1763,0
73,1210,0
73,1894,0
73,1895,0
73,1714,0
73,2078,0
73,1062,0
73,2079,0
73,2080,0
73,2081,0
73,2033,0
73,2082,0
73,1199,0
73,1794,0
73,1445,0
73,168,0
73,780,0
73,2036,0
73,1696,0
73,1107,0
73,9,0
73,2083,0
73,369,0
73,1834,0
73,1038,0
73,2084,0
73,64,0
73,1842,0
73,1558,0
73,950,0
73,253,0
73,798,0
73,350,0
73,1769,0
73,1077,0
73,1142,0
73,1466,0
73,48,0
73,1503,0
73,1464,0
73,1302,0
73,1347,0
73,880,0
73,449,0
73,419,0
73,926,0
73,1170,0
73,31,0
73,329,0
73,2085,0
73,2086,0
73,1631,0
73,1913,0
73,1252,0
73,1511,0
73,267,0
73,1761,0
73,2087,0
73,595,0
73,983,0
73,628,0
73,400,0
73,1832,0
73,1560,0
73,1831,0
73,2051,0
73,1815,0
73,532,0
73,1081,0
73,1917,0
73,695,0
73,1777,0
73,1148,0
73,2088,0
73,1813,0
73,1518,0
73,978,0
73,1356,0
73,2056,0
73,2057,0
73,2089,0
73,1922,0
73,2090,0
73,2091,0
73,123,0
73,339,0
73,85,0
73,1443,0
73,1805,0
73,1151,0
73,294,0
477,2092,0
477,208,0
477,2093,0
477,168,0
477,2094,0
477,903,0
1490,2095,0
1490,379,0
881,2096,0
335,1479,0
335,2097,0
90,2098,0
533,2081,0
137,1267,0
137,1929,0
137,1467,0
584,1267,0
584,1929,0
1078,2067,0
721,2099,0
69,2100,0
69,1929,0
69,1468,0
284,2101,0
284,2102,0
284,1267,0
284,2103,0
442,805,0
442,1394,0
442,1694,0
442,2104,0
442,1453,0
442,2105,0
442,1684,0
442,2106,0
442,2059,0
117,2107,0
117,2108,0
117,118,0
117,2109,0
117,2110,0
117,1991,0
117,1328,0
117,662,0
117,2111,0
117,1247,0
117,1223,0
117,2112,0
117,2113,0
117,2114,0
155,2115,0
155,2068,0
159,2116,0
159,1515,0
159,1971,0
159,1838,0
159,923,0
159,1587,0
159,1024,0
159,2117,0
159,1651,0
159,169,0
159,2118,0
159,825,0
159,1030,0
159,366,0
159,1689,0
159,74,0
159,1149,0
159,1772,0
159,564,0
159,252,0
159,199,0
159,512,0
159,2119,0
159,1476,0
159,1192,0
159,164,0
159,602,0
159,464,0
159,299,0
159,6,0
159,1752,0
159,1069,0
159,1479,0
159,639,0
159,1846,0
159,1894,0
159,647,0
159,250,0
159,1109,0
159,1074,0
159,2120,0
159,816,0
159,226,0
159,96,0
159,1372,0
159,1820,0
159,839,0
159,1701,0
159,1350,0
159,1385,0
159,1992,0
159,1080,0
159,1199,0
159,1063,0
159,168,0
159,2121,0
159,11,0
159,1816,0
159,1420,0
159,1038,0
159,1246,0
159,1558,0
159,734,0
159,808,0
159,1691,0
159,432,0
159,2122,0
159,1142,0
159,1466,0
159,48,0
159,1209,0
159,1503,0
159,1101,0
159,2044,0
159,880,0
159,945,0
159,1551,0
159,1861,0
159,1819,0
159,1685,0
159,513,0
159,1170,0
159,1089,0
159,866,0
159,157,0
159,43,0
159,329,0
159,45,0
159,2123,0
159,595,0
159,541,0
159,748,0
159,840,0
159,693,0
159,1560,0
159,952,0
159,14,0
159,796,0
159,1055,0
159,1315,0
159,1212,0
159,1218,0
159,911,0
159,1367,0
159,387,0
159,667,0
159,633,0
159,1455,0
159,1361,0
159,22,0
159,1807,0
159,1255,0
159,1463,0
159,518,0
159,1443,0
159,1475,0
159,1751,0
159,1779,0
159,2124,0
290,1164,0
145,557,0
67,2125,0
67,1311,0
67,2126,0
67,559,0
67,2127,0
67,2128,0
67,2129,0
67,1145,0
67,2130,0
67,2131,0
342,2132,0
95,2133,0
95,268,0
1623,2134,0
652,2135,0
652,2136,0
239,781,0
239,1456,0
267,135,0
267,2137,0
267,1950,0
267,2138,0
267,1095,0
362,1598,0
362,2055,0
779,2127,0
779,2139,0
855,339,0
38,1933,0
38,2140,0
38,2141,0
346,2142,0
122,2143,0
122,1167,0
122,2144,0
122,1664,0
473,2145,0
473,2097,0
500,2146,0
500,1942,0
110,1933,0
110,1875,0
308,766,0
24,1180,0
24,1800,0
24,2147,0
24,2148,0
24,2149,0
24,958,0
24,1468,0
113,2150,0
113,2151,0
113,1311,0
113,713,0
113,2152,0
113,1942,0
113,2153,0
113,1395,0
448,2154,0
101,166,0
1148,1950,0
1156,2155,0
127,2156,0
1051,2157,0
35,2158,0
463,942,0
254,621,0
254,2159,0
254,836,0
254,1982,0
312,2160,0
312,2161,0
312,2064,0
312,2162,0
312,1164,0
312,1990,0
312,2163,0
312,2164,0
312,863,0
312,903,0
312,2165,0
103,2166,0
103,2097,0
103,342,0
103,1924,0
767,2167,0
1182,1929,0
272,2168,0
495,126,0
84,655,0
84,1162,0
84,287,0
84,1109,0
84,1372,0
84,761,0
84,701,0
84,2169,0
84,596,0
84,2170,0
84,2085,0
84,840,0
84,1315,0
246,2171,0
246,43,0
1546,1838,0
1546,923,0
1546,2172,0
1546,665,0
1546,1026,0
1546,1885,0
1546,2173,0
1546,484,0
1546,1689,0
1546,564,0
1546,834,0
1546,282,0
1546,1192,0
1546,299,0
1546,1895,0
1546,816,0
1546,226,0
1546,1665,0
1546,640,0
1546,1199,0
1546,1105,0
1546,198,0
1546,1409,0
1546,1246,0
1546,1842,0
1546,1558,0
1546,605,0
1546,2174,0
1546,1466,0
1546,1110,0
1546,48,0
1546,1114,0
1546,2175,0
1546,2176,0
1546,245,0
1546,513,0
1546,1033,0
1546,102,0
1546,43,0
1546,190,0
1546,628,0
1546,1560,0
1546,14,0
1546,320,0
1546,1097,0
1546,695,0
1546,1148,0
1546,2003,0
1546,1356,0
1546,1857,0
1546,2177,0
1546,2056,0
1546,2059,0
1546,2178,0
1546,1443,0
2179,1943,0
355,1514,0
355,2180,0
355,1515,0
355,455,0
355,1240,0
355,1838,0
355,2181,0
355,1645,0
355,1024,0
355,301,0
355,458,0
355,1026,0
355,1345,0
355,1460,0
355,66,0
355,2182,0
355,176,0
355,194,0
355,1035,0
355,1651,0
355,1571,0
355,1852,0
355,2173,0
355,1790,0
355,1667,0
355,2183,0
355,2184,0
355,825,0
355,1694,0
355,1030,0
355,2185,0
355,1886,0
355,490,0
355,1689,0
355,2186,0
355,550,0
355,1019,0
355,1540,0
355,2187,0
355,41,0
355,2188,0
355,1888,0
355,564,0
355,1802,0
355,199,0
355,1890,0
355,1562,0
355,1192,0
355,164,0
355,1534,0
355,602,0
355,464,0
355,1523,0
355,287,0
355,480,0
355,1069,0
355,2027,0
355,1479,0
355,1210,0
355,2189,0
355,1433,0
355,2120,0
355,2190,0
355,1196,0
355,226,0
355,1411,0
355,96,0
355,2191,0
355,2031,0
355,1510,0
355,2032,0
355,1440,0
355,1165,0
355,2192,0
355,2082,0
355,2193,0
355,1991,0
355,1992,0
355,941,0
355,916,0
355,1977,0
355,761,0
355,1199,0
355,701,0
355,2194,0
355,2195,0
355,1994,0
355,780,0
355,567,0
355,2036,0
355,2196,0
355,1454,0
355,2197,0
355,1845,0
355,1764,0
355,1273,0
355,621,0
355,1420,0
355,369,0
355,2198,0
355,2199,0
355,596,0
355,1246,0
355,2200,0
355,2201,0
355,849,0
355,734,0
355,1727,0
355,846,0
355,1967,0
355,1613,0
355,971,0
355,2202,0
355,1691,0
355,2203,0
355,1503,0
355,1293,0
355,945,0
355,1551,0
355,1861,0
355,449,0
355,2204,0
355,1258,0
355,1799,0
355,678,0
355,419,0
355,2205,0
355,501,0
355,245,0
355,1685,0
355,7,0
355,819,0
355,926,0
355,866,0
355,1087,0
355,102,0
355,145,0
355,82,0
355,39,0
355,31,0
355,329,0
355,379,0
355,487,0
355,754,0
355,390,0
355,1252,0
355,45,0
355,1441,0
355,2206,0
355,1256,0
355,595,0
355,962,0
355,748,0
355,840,0
355,1111,0
355,540,0
355,693,0
355,952,0
355,122,0
355,14,0
355,1749,0
355,97,0
355,1269,0
355,656,0
355,740,0
355,1161,0
355,978,0
355,1356,0
355,631,0
355,426,0
355,2207,0
355,1673,0
355,773,0
355,1543,0
355,2208,0
355,1361,0
355,1807,0
355,1255,0
355,339,0
355,1999,0
355,1278,0
355,1214,0
355,298,0
162,1929,0
162,1924,0
162,2209,0
878,213,0
1250,2210,0
1250,276,0
136,117,0
136,2007,0
262,2211,0
679,2212,0
679,654,0
679,903,0
124,2213,0
124,2214,0
124,1721,0
124,2215,0
124,2216,0
124,2217,0
124,2218,0
124,2219,0
124,1970,0
124,2220,0
124,2221,0
124,1798,0
124,890,0
124,487,0
124,2112,0
124,793,0
124,576,0
124,195,0
124,2209,0
341,1167,0
151,2222,0
151,2223,0
151,2224,0
29,285,0
10,655,0
10,1672,0
10,2225,0
10,2226,0
10,2227,0
10,1249,0
10,2228,0
10,1133,0
10,1643,0
10,229,0
10,2229,0
10,1609,0
10,2230,0
10,1281,0
10,2231,0
10,2232,0
10,956,0
10,2233,0
10,2234,0
10,623,0
10,2235,0
10,1593,0
10,1437,0
10,1488,0
10,595,0
10,473,0
10,49,0
10,110,0
10,2236,0
10,1094,0
10,2237,0
10,879,0
10,773,0
10,22,0
10,2238,0
10,1467,0
10,2239,0
80,655,0
80,1230,0
134,781,0
134,1929,0
134,1797,0
134,750,0
294,2067,0
294,1227,0
