1,1,0
1,1010,0
1,1023,0
1,1085,0
1,1156,0
1,1173,0
1,1189,0
1,1333,0
1,1404,0
1,1415,0
1,1456,0
1,1457,0
1,1489,0
1,1667,0
1,183,0
1,2,0
1,2053,0
1,2067,0
1,2080,0
1,2081,0
1,2300,0
1,2326,0
1,2499,0
1,2663,0
1,2738,0
1,2915,0
1,306,0
1,321,0
1,33,0
1,331,0
1,37,0
1,40,0
1,428,0
1,593,0
1,687,0
1,7,0
1,724,0
1,749,0
1,841,0
1,852,0
1,872,0
1,918,0
1,927,0
1,930,0
1,947,0
1,962,0
2,103,0
2,1417,0
2,1777,0
2,2,0
2,2072,0
2,2171,0
2,2241,0
2,268,0
2,2681,0
2,306,0
2,307,0
2,363,0
2,428,0
2,527,0
2,604,0
2,687,0
2,84,0
2,885,0
3,1160,0
3,1329,0
3,1872,0
3,2259,0
3,4,0
3,417,0
3,574,0
3,756,0
3,879,0
3,965,0
5,6,0
5,9,0
6,1120,0
6,1493,0
6,201,0
6,6,0
6,817,0
6,823,0
6,846,0
6,888,0
7,1944,0
7,212,0
7,306,0
7,777,0
7,8,0
7,817,0
7,930,0
8,777,0
9,1076,0
9,1089,0
9,1104,0
9,1245,0
9,1291,0
9,1334,0
9,1359,0
9,1424,0
9,1434,0
9,1493,0
9,1609,0
9,197,0
9,201,0
9,2089,0
9,2191,0
9,2214,0
9,2597,0
9,2633,0
9,558,0
9,817,0
9,823,0
9,84,0
9,846,0
9,888,0
9,889,0
9,9,0
9,938,0
10,11,0
10,12,0
10,127,0
10,2740,0
10,505,0
10,631,0
10,798,0
10,82,0
12,188,0
12,796,0
13,1026,0
13,14,0
13,2407,0
13,450,0
13,592,0
13,684,0
14,110,0
14,1384,0
14,1684,0
14,1808,0
14,2083,0
14,929,0
15,1005,0
15,1018,0
15,1040,0
15,1056,0
15,1057,0
15,106,0
15,1067,0
15,107,0
15,1100,0
15,1129,0
15,1136,0
15,1141,0
15,1145,0
15,1152,0
15,1169,0
15,1211,0
15,1219,0
15,122,0
15,1243,0
15,1272,0
15,1277,0
15,1291,0
15,1343,0
15,1350,0
15,1372,0
15,1393,0
15,141,0
15,1425,0
15,1432,0
15,1465,0
15,151,0
15,152,0
15,155,0
15,156,0
15,1583,0
15,16,0
15,162,0
15,1632,0
15,1654,0
15,1678,0
15,171,0
15,1726,0
15,1740,0
15,1776,0
15,1909,0
15,1912,0
15,1937,0
15,196,0
15,1979,0
15,1988,0
15,2024,0
15,2028,0
15,2088,0
15,2115,0
15,2133,0
15,218,0
15,2203,0
15,2222,0
15,2254,0
15,2275,0
15,2277,0
15,2333,0
15,2350,0
15,2360,0
15,2399,0
15,24,0
15,2404,0
15,2421,0
15,247,0
15,2555,0
15,2568,0
15,2573,0
15,2587,0
15,265,0
15,2704,0
15,2751,0
15,2771,0
15,278,0
15,280,0
15,282,0
15,2871,0
15,3018,0
15,303,0
15,3086,0
15,312,0
15,336,0
15,354,0
15,372,0
15,402,0
15,410,0
15,411,0
15,433,0
15,435,0
15,451,0
15,48,0
15,520,0
15,546,0
15,564,0
15,588,0
15,594,0
15,615,0
15,639,0
15,649,0
15,656,0
15,670,0
15,674,0
15,680,0
15,692,0
15,705,0
15,715,0
15,728,0
15,748,0
15,772,0
15,805,0
15,817,0
15,824,0
15,851,0
15,880,0
15,883,0
15,889,0
15,901,0
15,910,0
15,950,0
15,952,0
15,954,0
15,96,0
15,964,0
15,972,0
15,999,0
16,124,0
16,140,0
16,182,0
16,308,0
16,609,0
16,808,0
17,17,0
17,326,0
18,1216,0
18,19,0
18,2078,0
18,51,0
20,199,0
20,20,0
20,21,0
20,3042,0
20,329,0
21,1234,0
21,422,0
22,2139,0
22,22,0
22,706,0
22,76,0
23,1474,0
23,24,0
23,2673,0
23,339,0
23,87,0
24,1214,0
24,1232,0
24,142,0
24,1555,0
24,175,0
24,2155,0
24,2191,0
24,2295,0
24,24,0
24,250,0
24,276,0
24,2953,0
24,304,0
24,329,0
24,38,0
24,406,0
24,422,0
24,455,0
24,463,0
24,510,0
24,544,0
24,573,0
24,613,0
24,624,0
24,720,0
24,838,0
24,875,0
24,924,0
24,97,0
25,2295,0
25,26,0
26,2702,0
27,28,0
29,1105,0
29,1159,0
29,1491,0
29,30,0
29,417,0
30,1159,0
30,1383,0
30,1616,0
30,1911,0
30,2803,0
31,1236,0
31,1367,0
31,1940,0
31,31,0
32,172,0
32,3049,0
32,33,0
33,1224,0
34,1004,0
34,1086,0
34,1138,0
34,115,0
34,1217,0
34,124,0
34,1290,0
34,1294,0
34,1337,0
34,1338,0
34,1341,0
34,1342,0
34,1376,0
34,1389,0
34,147,0
34,1480,0
34,1481,0
34,1505,0
34,1518,0
34,1545,0
34,1648,0
34,1661,0
34,1685,0
34,181,0
34,1835,0
34,1888,0
34,1899,0
34,1924,0
34,2000,0
34,203,0
34,2116,0
34,2216,0
34,2260,0
34,232,0
34,2331,0
34,2343,0
34,2454,0
34,247,0
34,2609,0
34,271,0
34,2770,0
34,2791,0
34,2868,0
34,319,0
34,35,0
34,369,0
34,386,0
34,410,0
34,412,0
34,434,0
34,441,0
34,448,0
34,477,0
34,49,0
34,54,0
34,59,0
34,602,0
34,656,0
34,680,0
34,751,0
34,753,0
34,776,0
34,889,0
34,969,0
34,999,0
35,1018,0
35,107,0
35,1155,0
35,133,0
35,141,0
35,1480,0
35,1488,0
35,1639,0
35,1849,0
35,2243,0
35,231,0
35,241,0
35,255,0
35,258,0
35,2669,0
35,280,0
35,386,0
35,393,0
35,411,0
35,48,0
35,55,0
35,594,0
35,751,0
35,772,0
35,840,0
35,929,0
35,999,0
36,107,0
36,122,0
36,1271,0
36,1505,0
36,156,0
36,1584,0
36,1594,0
36,171,0
36,1959,0
36,247,0
36,281,0
36,301,0
36,354,0
36,36,0
36,363,0
36,460,0
36,615,0
36,621,0
36,651,0
37,104,0
37,117,0
37,1184,0
37,1250,0
37,179,0
37,334,0
37,370,0
37,38,0
37,42,0
37,421,0
37,524,0
37,543,0
37,580,0
37,631,0
37,65,0
37,733,0
37,852,0
37,89,0
37,895,0
37,907,0
37,965,0
38,107,0
38,1144,0
38,122,0
38,1505,0
38,1538,0
38,156,0
38,160,0
38,165,0
38,1662,0
38,171,0
38,1745,0
38,1831,0
38,215,0
38,2253,0
38,247,0
38,2573,0
38,2594,0
38,2707,0
38,3052,0
38,410,0
38,440,0
38,460,0
38,765,0
38,863,0
38,893,0
39,1175,0
39,331,0
39,40,0
39,525,0
39,575,0
39,852,0
40,1189,0
40,1227,0
40,1260,0
40,163,0
40,1637,0
40,178,0
40,2055,0
40,2183,0
40,223,0
40,335,0
40,42,0
40,446,0
40,457,0
40,512,0
40,525,0
40,575,0
40,589,0
40,605,0
40,726,0
40,73,0
40,782,0
40,796,0
40,89,0
40,918,0
41,1380,0
41,1419,0
41,1756,0
41,2246,0
41,41,0
41,429,0
42,104,0
42,126,0
42,130,0
42,139,0
42,1397,0
42,1419,0
42,145,0
42,1562,0
42,1678,0
42,174,0
42,1930,0
42,2078,0
42,214,0
42,327,0
42,361,0
42,377,0
42,415,0
42,42,0
42,43,0
42,457,0
42,52,0
42,524,0
42,525,0
42,53,0
42,537,0
42,540,0
42,550,0
42,553,0
42,566,0
42,572,0
42,575,0
42,605,0
42,619,0
42,628,0
42,704,0
42,726,0
42,789,0
42,796,0
42,834,0
42,968,0
43,237,0
43,369,0
43,444,0
44,1250,0
44,129,0
44,130,0
44,1605,0
44,163,0
44,164,0
44,1653,0
44,334,0
44,335,0
44,361,0
44,362,0
44,45,0
44,485,0
44,506,0
44,517,0
44,601,0
44,716,0
44,907,0
44,926,0
45,1203,0
46,1419,0
46,46,0
47,1054,0
47,1144,0
47,122,0
47,1662,0
47,171,0
47,2112,0
47,247,0
47,2954,0
47,47,0
47,48,0
47,57,0
47,764,0
47,765,0
47,860,0
47,972,0
48,140,0
48,1478,0
48,154,0
48,166,0
48,168,0
48,175,0
48,206,0
48,2119,0
48,2253,0
48,304,0
48,308,0
48,436,0
48,460,0
48,576,0
48,720,0
48,723,0
48,834,0
49,1217,0
49,124,0
49,130,0
49,1337,0
49,175,0
49,50,0
49,539,0
50,130,0
50,369,0
51,1113,0
51,1249,0
51,1281,0
51,1327,0
51,134,0
51,1504,0
51,1677,0
51,1840,0
51,1901,0
51,1953,0
51,252,0
51,2538,0
51,283,0
51,3004,0
51,3103,0
51,425,0
51,443,0
51,485,0
51,51,0
51,52,0
51,672,0
52,1196,0
52,1208,0
52,129,0
52,1303,0
52,164,0
52,1678,0
52,2014,0
52,2105,0
52,213,0
52,2366,0
52,261,0
52,458,0
52,473,0
52,553,0
52,566,0
52,580,0
52,601,0
52,605,0
52,610,0
52,65,0
52,703,0
52,755,0
52,789,0
52,862,0
53,1018,0
53,1086,0
53,1155,0
53,1454,0
53,1617,0
53,2150,0
53,230,0
53,2308,0
53,280,0
53,2933,0
53,441,0
53,54,0
53,554,0
53,599,0
53,631,0
53,646,0
53,751,0
53,789,0
54,3046,0
54,668,0
55,1107,0
55,158,0
55,161,0
55,2001,0
55,2724,0
55,278,0
55,56,0
55,946,0
56,1522,0
56,1750,0
56,1773,0
56,2318,0
56,2415,0
56,2436,0
56,2566,0
56,310,0
56,656,0
56,793,0
56,932,0
56,946,0
57,1027,0
57,1037,0
57,1058,0
57,114,0
57,1152,0
57,1185,0
57,1192,0
57,1197,0
57,127,0
57,1281,0
57,133,0
57,1435,0
57,1578,0
57,1595,0
57,1673,0
57,1763,0
57,1830,0
57,192,0
57,207,0
57,212,0
57,2178,0
57,223,0
57,2441,0
57,2501,0
57,268,0
57,2950,0
57,297,0
57,344,0
57,448,0
57,507,0
57,524,0
57,537,0
57,551,0
57,556,0
57,58,0
57,613,0
57,617,0
57,618,0
57,749,0
57,791,0
57,907,0
58,1087,0
58,271,0
58,489,0
58,58,0
59,114,0
59,2252,0
59,271,0
59,437,0
59,438,0
59,60,0
59,723,0
60,1138,0
60,115,0
60,1427,0
60,271,0
60,424,0
60,507,0
61,1139,0
61,163,0
61,1859,0
61,213,0
61,2229,0
61,257,0
61,2600,0
61,519,0
61,550,0
61,62,0
61,89,0
62,139,0
63,1104,0
63,64,0
65,130,0
65,163,0
65,214,0
65,2303,0
65,3094,0
65,458,0
65,524,0
65,66,0
65,968,0
66,163,0
66,1653,0
66,209,0
66,2096,0
66,213,0
66,214,0
66,458,0
66,968,0
67,1501,0
67,1593,0
67,1604,0
67,1637,0
67,256,0
67,479,0
67,68,0
67,818,0
68,127,0
69,1094,0
69,110,0
69,125,0
69,1445,0
69,193,0
69,69,0
69,70,0
69,774,0
70,110,0
70,1499,0
70,1902,0
70,2503,0
70,2536,0
70,380,0
70,604,0
70,631,0
71,1807,0
71,72,0
72,1269,0
72,1283,0
72,1592,0
72,177,0
72,1874,0
72,2035,0
72,294,0
73,979,0
74,1143,0
74,1151,0
74,75,0
75,1143,0
75,1151,0
75,290,0
76,1258,0
76,133,0
76,223,0
76,457,0
76,523,0
76,77,0
76,812,0
76,902,0
77,1258,0
78,2119,0
78,358,0
78,584,0
78,79,0
78,810,0
79,1019,0
79,1950,0
79,2251,0
79,2290,0
79,973,0
79,993,0
80,1277,0
80,1861,0
80,2146,0
80,246,0
80,296,0
80,407,0
80,441,0
80,81,0
80,982,0
82,1083,0
82,1572,0
82,2002,0
82,2817,0
82,339,0
82,472,0
82,500,0
82,731,0
82,737,0
82,83,0
82,895,0
84,1076,0
84,1089,0
84,1179,0
84,1349,0
84,1369,0
84,1493,0
84,1609,0
84,2214,0
84,2633,0
84,2680,0
84,817,0
84,84,0
85,85,0
86,122,0
86,156,0
86,86,0
86,87,0
86,894,0
87,1066,0
87,1103,0
87,1214,0
87,124,0
87,1369,0
87,140,0
87,153,0
87,175,0
87,1824,0
87,2193,0
87,2571,0
87,2693,0
87,276,0
87,2852,0
87,304,0
87,329,0
87,400,0
87,406,0
87,544,0
87,573,0
87,613,0
87,614,0
87,624,0
87,690,0
87,746,0
87,933,0
87,97,0
88,1187,0
88,1310,0
88,163,0
88,1712,0
88,1974,0
88,204,0
88,257,0
88,2801,0
88,392,0
88,452,0
88,790,0
88,89,0
89,1017,0
89,1028,0
89,1061,0
89,1196,0
89,1233,0
89,1255,0
89,1307,0
89,139,0
89,1536,0
89,1595,0
89,164,0
89,1732,0
89,1755,0
89,1804,0
89,1928,0
89,1970,0
89,2041,0
89,2078,0
89,213,0
89,2372,0
89,2477,0
89,322,0
89,334,0
89,335,0
89,361,0
89,377,0
89,391,0
89,449,0
89,519,0
89,537,0
89,605,0
89,89,0
89,991,0
90,1172,0
90,1248,0
90,133,0
90,1385,0
90,1738,0
90,1763,0
90,2018,0
90,2056,0
90,224,0
90,255,0
90,270,0
90,2744,0
90,295,0
90,394,0
90,873,0
90,91,0
90,990,0
91,2942,0
91,604,0
92,151,0
92,1674,0
92,584,0
92,746,0
92,93,0
92,98,0
94,133,0
94,1604,0
94,1763,0
94,307,0
94,771,0
94,796,0
94,95,0
96,1000,0
96,1093,0
96,1100,0
96,154,0
96,1554,0
96,1730,0
96,2644,0
96,304,0
96,436,0
96,577,0
96,700,0
96,720,0
96,824,0
96,834,0
96,97,0
97,122,0
97,1231,0
97,171,0
97,2114,0
97,2779,0
97,280,0
97,97,0
98,584,0
99,100,0
99,1034,0
99,1146,0
99,127,0
99,1403,0
99,1404,0
99,1608,0
99,1687,0
99,1715,0
99,1838,0
99,2071,0
99,223,0
99,2287,0
99,2339,0
99,2344,0
99,2374,0
99,245,0
99,2458,0
99,253,0
99,2623,0
99,2694,0
99,279,0
99,2946,0
99,3048,0
99,3073,0
99,3113,0
99,331,0
99,343,0
99,354,0
99,415,0
99,428,0
99,477,0
99,492,0
99,634,0
99,780,0
99,810,0
99,876,0
99,889,0
99,890,0
99,947,0
99,988,0
99,99,0
100,1013,0
100,127,0
100,1667,0
100,2327,0
100,306,0
100,308,0
100,331,0
100,918,0
100,927,0
100,930,0
101,101,0
101,158,0
102,102,0
102,103,0
102,1202,0
102,1592,0
102,1655,0
102,340,0
102,850,0
103,144,0
103,1494,0
103,1656,0
103,841,0
104,105,0
104,1172,0
104,130,0
104,1467,0
104,164,0
104,1682,0
104,1771,0
104,2108,0
104,605,0
104,642,0
104,704,0
104,979,0
105,1413,0
105,163,0
105,553,0
105,642,0
106,107,0
107,1078,0
107,124,0
107,150,0
107,1736,0
107,1795,0
107,231,0
107,328,0
107,436,0
107,437,0
107,784,0
107,894,0
108,109,0
108,644,0
108,645,0
109,109,0
109,2325,0
109,254,0
109,348,0
109,442,0
109,459,0
109,578,0
110,1026,0
110,1044,0
110,1062,0
110,1189,0
110,1193,0
110,133,0
110,1439,0
110,1499,0
110,1596,0
110,178,0
110,207,0
110,252,0
110,2528,0
110,2891,0
110,2892,0
110,294,0
110,403,0
110,429,0
110,451,0
110,806,0
110,973,0
110,976,0
111,112,0
111,1583,0
113,113,0
113,114,0
113,2385,0
113,537,0
114,1099,0
114,114,0
114,1148,0
114,127,0
114,1377,0
114,1435,0
114,1598,0
114,1882,0
114,1940,0
114,2063,0
114,255,0
114,2646,0
114,2776,0
114,391,0
114,438,0
114,492,0
114,631,0
114,702,0
114,847,0
114,855,0
114,929,0
115,115,0
115,116,0
115,139,0
115,1871,0
115,2077,0
115,353,0
115,422,0
115,455,0
115,579,0
115,631,0
115,898,0
116,1051,0
116,310,0
116,635,0
117,118,0
117,1463,0
117,1604,0
117,2886,0
117,493,0
117,653,0
117,730,0
117,756,0
117,789,0
119,1082,0
119,119,0
119,120,0
119,151,0
119,1544,0
119,2090,0
119,241,0
119,265,0
119,584,0
119,948,0
120,1751,0
120,947,0
121,121,0
121,122,0
121,156,0
121,2317,0
121,2643,0
121,508,0
122,1059,0
122,1066,0
122,1214,0
122,1232,0
122,124,0
122,1251,0
122,1394,0
122,142,0
122,153,0
122,175,0
122,1824,0
122,188,0
122,196,0
122,215,0
122,2222,0
122,2252,0
122,2295,0
122,230,0
122,248,0
122,250,0
122,256,0
122,276,0
122,304,0
122,316,0
122,329,0
122,406,0
122,473,0
122,544,0
122,609,0
122,624,0
122,723,0
122,734,0
122,746,0
122,784,0
122,808,0
122,813,0
123,124,0
124,1057,0
124,1086,0
124,1126,0
124,1155,0
124,1217,0
124,124,0
124,1314,0
124,1337,0
124,1338,0
124,1341,0
124,1342,0
124,1376,0
124,1469,0
124,147,0
124,1480,0
124,1488,0
124,1632,0
124,1648,0
124,1661,0
124,1739,0
124,176,0
124,1775,0
124,181,0
124,1849,0
124,1912,0
124,1921,0
124,1929,0
124,2000,0
124,2282,0
124,2318,0
124,2333,0
124,2411,0
124,2475,0
124,2669,0
124,2768,0
124,277,0
124,2776,0
124,2791,0
124,280,0
124,2833,0
124,300,0
124,325,0
124,336,0
124,386,0
124,411,0
124,412,0
124,432,0
124,434,0
124,490,0
124,495,0
124,528,0
124,546,0
124,549,0
124,580,0
124,605,0
124,649,0
124,656,0
124,751,0
124,772,0
124,802,0
124,889,0
124,897,0
124,949,0
124,964,0
124,969,0
124,994,0
124,999,0
125,125,0
125,126,0
125,1437,0
125,1574,0
125,1575,0
125,177,0
125,563,0
125,621,0
125,814,0
126,140,0
126,1437,0
126,1551,0
126,1627,0
126,175,0
126,192,0
126,2294,0
126,361,0
126,395,0
126,457,0
126,544,0
126,618,0
126,666,0
126,691,0
126,742,0
127,127,0
127,128,0
127,137,0
127,1608,0
127,1663,0
127,1711,0
127,1795,0
127,2118,0
127,2351,0
127,244,0
127,253,0
127,2637,0
127,271,0
127,2823,0
127,2834,0
127,290,0
127,291,0
127,2941,0
127,310,0
127,344,0
127,441,0
127,492,0
127,505,0
127,550,0
127,569,0
127,600,0
127,710,0
127,792,0
127,797,0
127,810,0
127,818,0
127,837,0
128,1482,0
128,2765,0
128,374,0
129,1196,0
129,129,0
129,1419,0
130,1014,0
130,1016,0
130,1108,0
130,1139,0
130,1152,0
130,1154,0
130,1196,0
130,1230,0
130,1252,0
130,1283,0
130,130,0
130,131,0
130,139,0
130,1419,0
130,1492,0
130,1590,0
130,1755,0
130,189,0
130,1939,0
130,1952,0
130,2049,0
130,2063,0
130,2069,0
130,2105,0
130,2477,0
130,261,0
130,262,0
130,335,0
130,361,0
130,362,0
130,377,0
130,378,0
130,415,0
130,506,0
130,518,0
130,553,0
130,566,0
130,605,0
130,643,0
130,647,0
130,703,0
130,789,0
130,822,0
130,833,0
130,907,0
131,163,0
131,213,0
132,133,0
132,837,0
133,1010,0
133,1023,0
133,1140,0
133,1251,0
133,1263,0
133,133,0
133,1333,0
133,1351,0
133,1359,0
133,1392,0
133,1409,0
133,1415,0
133,1449,0
133,1455,0
133,1498,0
133,161,0
133,1673,0
133,1679,0
133,1680,0
133,1753,0
133,1763,0
133,1950,0
133,2045,0
133,2061,0
133,2107,0
133,2147,0
133,2226,0
133,223,0
133,2327,0
133,2379,0
133,2428,0
133,2511,0
133,2665,0
133,2897,0
133,292,0
133,294,0
133,314,0
133,373,0
133,428,0
133,533,0
133,542,0
133,545,0
133,592,0
133,593,0
133,617,0
133,702,0
133,706,0
133,796,0
133,822,0
133,843,0
133,860,0
133,872,0
133,893,0
133,918,0
133,922,0
133,988,0
133,991,0
134,1225,0
134,135,0
134,204,0
134,2417,0
134,2828,0
135,2801,0
135,313,0
135,425,0
135,452,0
135,565,0
136,137,0
136,1614,0
136,2165,0
136,244,0
136,2589,0
136,2788,0
136,290,0
136,291,0
137,2118,0
137,2165,0
137,260,0
138,1374,0
138,138,0
138,2136,0
139,1334,0
139,1405,0
139,173,0
139,237,0
139,601,0
139,642,0
139,704,0
139,995,0
140,1018,0
140,1035,0
140,1251,0
140,1277,0
140,141,0
140,1469,0
140,1541,0
140,155,0
140,156,0
140,1593,0
140,1654,0
140,175,0
140,176,0
140,265,0
140,271,0
140,345,0
140,448,0
140,549,0
140,650,0
140,772,0
140,840,0
141,166,0
141,168,0
141,175,0
141,473,0
141,584,0
142,1057,0
142,1086,0
142,1116,0
142,1123,0
142,1271,0
142,1277,0
142,1300,0
142,143,0
142,1469,0
142,1496,0
142,1526,0
142,155,0
142,1560,0
142,1565,0
142,1588,0
142,1632,0
142,1668,0
142,1669,0
142,1721,0
142,1752,0
142,1765,0
142,1827,0
142,1860,0
142,1989,0
142,2003,0
142,2228,0
142,2238,0
142,2456,0
142,2473,0
142,2514,0
142,2540,0
142,2659,0
142,271,0
142,2710,0
142,287,0
142,2924,0
142,2977,0
142,2992,0
142,3035,0
142,3039,0
142,3128,0
142,475,0
142,508,0
142,539,0
142,549,0
142,582,0
142,658,0
142,671,0
142,774,0
142,778,0
142,880,0
142,889,0
142,894,0
142,896,0
142,943,0
142,959,0
142,972,0
142,992,0
143,744,0
144,1076,0
144,1384,0
144,169,0
144,223,0
144,2325,0
144,378,0
144,760,0
145,1772,0
145,179,0
145,2055,0
145,2595,0
145,2625,0
145,3019,0
145,485,0
145,641,0
146,147,0
147,182,0
148,149,0
149,1339,0
149,149,0
149,1760,0
149,2218,0
149,2434,0
149,2472,0
149,2931,0
149,671,0
150,150,0
150,156,0
150,1584,0
150,2225,0
151,1089,0
151,1104,0
151,1252,0
151,159,0
151,1992,0
151,2002,0
151,2090,0
151,241,0
151,265,0
151,266,0
151,2747,0
151,314,0
151,331,0
151,460,0
151,584,0
151,757,0
151,852,0
151,934,0
151,947,0
151,968,0
152,153,0
152,1795,0
152,537,0
152,813,0
153,1126,0
153,153,0
153,247,0
153,432,0
153,537,0
153,551,0
153,813,0
153,830,0
153,880,0
154,1292,0
154,1410,0
154,1487,0
154,1518,0
154,155,0
154,1617,0
154,1757,0
154,1794,0
154,190,0
154,1923,0
154,2014,0
154,2277,0
154,2987,0
154,357,0
154,554,0
154,611,0
154,683,0
154,695,0
154,821,0
155,1006,0
155,166,0
155,175,0
155,182,0
155,211,0
155,304,0
155,308,0
155,460,0
155,627,0
155,692,0
155,720,0
155,726,0
155,808,0
155,834,0
156,1044,0
156,1067,0
156,1150,0
156,1152,0
156,1232,0
156,1277,0
156,1435,0
156,156,0
156,157,0
156,1610,0
156,1661,0
156,175,0
156,1787,0
156,196,0
156,2293,0
156,247,0
156,248,0
156,276,0
156,305,0
156,3098,0
156,329,0
156,372,0
156,399,0
156,400,0
156,405,0
156,406,0
156,433,0
156,437,0
156,456,0
156,473,0
156,530,0
156,556,0
156,590,0
156,639,0
156,646,0
156,683,0
156,695,0
156,705,0
156,813,0
156,821,0
156,906,0
156,930,0
156,933,0
156,981,0
157,791,0
158,1044,0
158,1214,0
158,1533,0
158,175,0
158,1877,0
158,2222,0
158,238,0
158,257,0
158,276,0
159,1335,0
159,160,0
159,1680,0
159,1763,0
159,2428,0
159,295,0
159,546,0
159,812,0
159,856,0
160,1335,0
160,160,0
160,2492,0
160,508,0
161,1126,0
161,1190,0
161,1277,0
161,1358,0
161,161,0
161,162,0
161,1738,0
161,175,0
161,176,0
161,1800,0
161,211,0
161,231,0
161,247,0
161,248,0
161,2543,0
161,2557,0
161,320,0
161,344,0
161,399,0
161,406,0
161,410,0
161,437,0
161,438,0
161,544,0
161,572,0
161,641,0
161,649,0
161,683,0
161,695,0
161,803,0
161,821,0
161,839,0
161,860,0
161,924,0
161,964,0
162,206,0
162,679,0
162,784,0
163,1196,0
163,1595,0
163,163,0
163,164,0
163,2041,0
163,2219,0
163,257,0
163,322,0
163,361,0
163,377,0
163,449,0
163,519,0
163,533,0
163,566,0
163,691,0
163,862,0
163,968,0
164,1255,0
164,194,0
164,213,0
164,335,0
164,369,0
164,703,0
164,738,0
164,862,0
164,963,0
165,166,0
165,175,0
165,196,0
165,304,0
165,308,0
165,436,0
165,473,0
165,700,0
165,720,0
166,1678,0
166,1837,0
166,1937,0
166,2373,0
166,247,0
166,265,0
166,745,0
166,772,0
166,880,0
166,952,0
166,964,0
166,999,0
167,168,0
168,1037,0
168,1067,0
168,1295,0
168,1465,0
168,1554,0
168,1716,0
168,180,0
168,1882,0
168,1910,0
168,2115,0
168,2404,0
168,247,0
168,253,0
168,2534,0
168,2573,0
168,265,0
168,271,0
168,281,0
168,3041,0
168,312,0
168,354,0
168,411,0
168,577,0
168,588,0
168,705,0
168,745,0
168,772,0
168,952,0
168,964,0
168,972,0
169,1156,0
169,1433,0
169,169,0
169,2312,0
169,267,0
169,375,0
170,1056,0
170,170,0
170,171,0
170,1992,0
170,2421,0
170,265,0
170,2873,0
170,545,0
170,713,0
170,852,0
170,937,0
170,948,0
171,1019,0
171,304,0
171,333,0
171,431,0
171,473,0
171,720,0
172,2377,0
173,1310,0
173,1367,0
173,1405,0
173,1643,0
173,174,0
173,1803,0
173,199,0
173,2331,0
173,631,0
173,655,0
173,773,0
174,174,0
174,179,0
174,457,0
175,1037,0
175,1068,0
175,1069,0
175,1077,0
175,1100,0
175,1126,0
175,1136,0
175,1144,0
175,1149,0
175,1153,0
175,1164,0
175,1168,0
175,1169,0
175,1252,0
175,1286,0
175,1366,0
175,1415,0
175,1486,0
175,1518,0
175,1526,0
175,1547,0
175,1551,0
175,1627,0
175,1740,0
175,175,0
175,176,0
175,178,0
175,1782,0
175,181,0
175,1862,0
175,1910,0
175,192,0
175,1937,0
175,2024,0
175,2050,0
175,2070,0
175,2072,0
175,2162,0
175,2188,0
175,2261,0
175,2264,0
175,2280,0
175,2308,0
175,235,0
175,2370,0
175,247,0
175,2482,0
175,2545,0
175,2728,0
175,2990,0
175,3085,0
175,312,0
175,317,0
175,345,0
175,354,0
175,388,0
175,395,0
175,410,0
175,473,0
175,482,0
175,485,0
175,511,0
175,544,0
175,546,0
175,609,0
175,618,0
175,666,0
175,743,0
175,772,0
175,774,0
175,783,0
175,817,0
175,864,0
175,880,0
175,889,0
175,893,0
175,907,0
175,972,0
176,2899,0
176,329,0
176,473,0
176,609,0
176,649,0
176,805,0
176,868,0
177,1096,0
177,1179,0
177,1202,0
177,1230,0
177,1384,0
177,1404,0
177,1445,0
177,1562,0
177,1629,0
177,177,0
177,178,0
177,1807,0
177,2369,0
177,2420,0
177,252,0
177,2836,0
177,301,0
177,488,0
177,525,0
177,774,0
177,815,0
177,824,0
178,1096,0
178,192,0
178,501,0
178,502,0
179,1339,0
179,1753,0
179,180,0
179,1807,0
179,1836,0
179,187,0
179,2476,0
179,507,0
179,726,0
179,895,0
180,1035,0
180,1436,0
180,2795,0
180,381,0
181,182,0
181,703,0
181,769,0
181,771,0
181,860,0
182,1018,0
182,1037,0
182,1040,0
182,1047,0
182,1057,0
182,1074,0
182,1086,0
182,1102,0
182,1119,0
182,1126,0
182,1155,0
182,1169,0
182,1217,0
182,1256,0
182,1294,0
182,1341,0
182,1350,0
182,1375,0
182,1378,0
182,1389,0
182,1440,0
182,1468,0
182,1513,0
182,1551,0
182,1661,0
182,1683,0
182,1701,0
182,1704,0
182,1718,0
182,1739,0
182,1764,0
182,1768,0
182,1775,0
182,1805,0
182,182,0
182,1862,0
182,1912,0
182,1921,0
182,1924,0
182,1929,0
182,1945,0
182,203,0
182,2115,0
182,2116,0
182,2207,0
182,2216,0
182,2246,0
182,2323,0
182,2331,0
182,2344,0
182,2513,0
182,2521,0
182,2593,0
182,2632,0
182,2679,0
182,2683,0
182,2699,0
182,271,0
182,2743,0
182,2754,0
182,277,0
182,280,0
182,2815,0
182,3002,0
182,3087,0
182,3089,0
182,325,0
182,336,0
182,410,0
182,411,0
182,412,0
182,432,0
182,434,0
182,511,0
182,528,0
182,546,0
182,564,0
182,594,0
182,621,0
182,640,0
182,656,0
182,715,0
182,751,0
182,846,0
182,893,0
182,897,0
182,905,0
182,935,0
182,942,0
182,954,0
182,969,0
182,971,0
182,994,0
184,1386,0
184,185,0
184,252,0
184,690,0
184,915,0
185,1228,0
186,187,0
187,1712,0
187,1854,0
187,2247,0
187,259,0
187,356,0
187,879,0
188,1040,0
188,1524,0
188,1678,0
188,188,0
188,230,0
188,2401,0
188,364,0
188,676,0
189,1570,0
189,270,0
190,1347,0
190,1450,0
190,191,0
190,1938,0
190,780,0
192,1627,0
192,193,0
192,394,0
192,650,0
192,774,0
192,907,0
193,193,0
193,911,0
194,287,0
195,1698,0
195,195,0
196,1343,0
196,1703,0
196,1979,0
196,2081,0
196,2400,0
196,2605,0
196,304,0
196,3090,0
196,375,0
196,432,0
196,622,0
196,695,0
196,772,0
196,791,0
196,817,0
196,824,0
196,865,0
196,889,0
196,910,0
196,952,0
196,964,0
197,1089,0
197,1104,0
197,1245,0
197,1369,0
197,197,0
197,198,0
197,2680,0
197,527,0
197,623,0
197,796,0
197,817,0
198,1076,0
198,1493,0
198,817,0
198,888,0
199,1310,0
199,1367,0
199,1812,0
199,1922,0
199,199,0
199,1991,0
199,200,0
199,2044,0
199,2077,0
199,234,0
199,237,0
199,244,0
199,2696,0
199,3133,0
199,346,0
199,347,0
199,413,0
199,579,0
199,635,0
199,659,0
199,663,0
199,898,0
200,232,0
200,775,0
201,1080,0
201,2191,0
201,2495,0
201,2865,0
201,428,0
201,600,0
202,203,0
203,1004,0
203,1036,0
203,1084,0
203,1239,0
203,1829,0
203,1982,0
203,259,0
203,2790,0
203,586,0
203,714,0
203,783,0
203,944,0
204,1708,0
204,1974,0
204,204,0
204,2321,0
204,2628,0
204,2762,0
204,452,0
205,206,0
206,206,0
206,2754,0
206,2820,0
207,1979,0
207,207,0
207,930,0
208,208,0
208,856,0
208,956,0
209,1101,0
209,210,0
209,319,0
209,334,0
209,424,0
209,791,0
210,2359,0
210,639,0
211,1050,0
211,1337,0
211,1862,0
211,2252,0
211,305,0
211,455,0
211,537,0
211,613,0
211,703,0
211,813,0
211,839,0
212,2962,0
212,306,0
212,683,0
212,793,0
212,930,0
213,213,0
213,214,0
213,2423,0
213,355,0
213,365,0
213,417,0
213,449,0
213,963,0
214,1196,0
214,1562,0
214,1856,0
214,223,0
214,2248,0
214,2273,0
214,333,0
214,361,0
214,458,0
214,510,0
214,547,0
215,1119,0
215,215,0
215,216,0
215,2364,0
215,2784,0
215,2997,0
215,3066,0
215,602,0
215,959,0
215,994,0
217,1521,0
217,217,0
217,218,0
217,2714,0
219,1112,0
219,220,0
221,1194,0
221,222,0
222,1413,0
223,1125,0
223,1189,0
223,1192,0
223,1504,0
223,2069,0
223,223,0
223,2276,0
223,249,0
223,2736,0
223,3079,0
223,314,0
223,340,0
223,466,0
223,527,0
223,595,0
223,617,0
223,627,0
223,796,0
223,817,0
223,850,0
223,889,0
223,910,0
223,968,0
224,1189,0
224,1385,0
224,1760,0
224,604,0
224,796,0
225,1262,0
225,1352,0
225,226,0
225,420,0
225,641,0
225,984,0
226,420,0
226,641,0
226,723,0
226,954,0
226,983,0
227,2023,0
227,228,0
227,454,0
228,1346,0
228,1387,0
228,981,0
229,1040,0
229,1197,0
229,1198,0
229,1277,0
229,229,0
229,230,0
229,917,0
230,1000,0
230,1078,0
230,1337,0
230,1376,0
230,1398,0
230,1685,0
230,230,0
230,2331,0
230,777,0
231,1031,0
231,1100,0
231,1290,0
231,1776,0
231,1825,0
231,1935,0
231,2157,0
231,2161,0
231,2201,0
231,231,0
231,2315,0
231,232,0
231,2343,0
231,2414,0
231,2514,0
231,271,0
231,2818,0
231,2835,0
231,312,0
231,319,0
231,437,0
231,640,0
231,737,0
231,799,0
231,859,0
231,880,0
231,883,0
232,1078,0
232,1332,0
232,1772,0
232,1801,0
232,250,0
232,413,0
232,437,0
232,671,0
233,233,0
233,234,0
233,237,0
233,444,0
233,995,0
234,1262,0
234,1336,0
234,1546,0
234,636,0
234,887,0
234,995,0
235,2280,0
235,236,0
235,2797,0
235,394,0
236,3100,0
237,1000,0
237,1255,0
237,1262,0
237,1336,0
237,1345,0
237,1361,0
237,1650,0
237,2373,0
237,2552,0
237,407,0
237,531,0
237,636,0
237,642,0
237,855,0
237,892,0
237,909,0
237,968,0
238,1968,0
238,238,0
238,2559,0
238,271,0
239,1918,0
239,240,0
241,1252,0
241,1470,0
241,1577,0
241,2058,0
241,242,0
241,2628,0
241,265,0
241,584,0
241,888,0
241,911,0
241,947,0
242,1006,0
242,1262,0
242,1584,0
243,2229,0
243,243,0
243,631,0
243,730,0
243,932,0
243,965,0
244,1021,0
244,1069,0
244,1146,0
244,1172,0
244,1316,0
244,1333,0
244,1363,0
244,1371,0
244,1377,0
244,1394,0
244,1468,0
244,1719,0
244,1754,0
244,1811,0
244,1858,0
244,1922,0
244,2189,0
244,245,0
244,2547,0
244,2642,0
244,2775,0
244,279,0
244,2813,0
244,2851,0
244,292,0
244,2934,0
244,3030,0
244,349,0
244,368,0
244,384,0
244,471,0
244,556,0
244,610,0
244,660,0
244,678,0
244,682,0
244,768,0
244,797,0
244,836,0
244,876,0
244,905,0
244,919,0
244,929,0
245,437,0
245,872,0
247,248,0
247,329,0
247,436,0
247,473,0
247,590,0
247,734,0
247,791,0
247,813,0
248,1040,0
248,2001,0
248,2127,0
248,248,0
248,2550,0
248,265,0
248,432,0
248,497,0
248,683,0
248,695,0
248,745,0
248,764,0
248,805,0
248,964,0
249,250,0
250,1083,0
250,1171,0
250,1217,0
250,1294,0
250,1390,0
250,1442,0
250,1472,0
250,1480,0
250,1481,0
250,1524,0
250,1560,0
250,1761,0
250,1865,0
250,1907,0
250,1950,0
250,1958,0
250,2258,0
250,2331,0
250,2349,0
250,2355,0
250,250,0
250,2500,0
250,2511,0
250,2618,0
250,2621,0
250,2804,0
250,2964,0
250,2972,0
250,299,0
250,3061,0
250,3068,0
250,377,0
250,437,0
250,490,0
250,549,0
250,621,0
250,708,0
251,252,0
251,508,0
251,576,0
251,631,0
252,1384,0
252,1684,0
252,1808,0
252,252,0
252,785,0
252,814,0
252,834,0
252,929,0
253,1156,0
253,1178,0
253,1180,0
253,1412,0
253,1703,0
253,253,0
253,254,0
253,988,0
254,1090,0
254,1156,0
254,1191,0
254,348,0
254,375,0
254,578,0
254,891,0
255,1034,0
255,1302,0
255,2449,0
255,256,0
255,318,0
255,393,0
255,904,0
256,1138,0
256,1271,0
256,1444,0
256,1451,0
256,1488,0
256,1565,0
256,2456,0
256,256,0
256,724,0
256,784,0
256,949,0
257,1015,0
257,1106,0
257,1540,0
257,1735,0
257,2219,0
257,2229,0
257,2530,0
257,257,0
257,258,0
257,310,0
257,365,0
257,449,0
257,504,0
257,518,0
257,756,0
257,789,0
257,862,0
258,2039,0
258,2524,0
258,2525,0
258,258,0
258,2708,0
258,436,0
258,455,0
258,590,0
259,1436,0
259,260,0
259,2971,0
259,878,0
260,260,0
260,2769,0
260,605,0
260,791,0
261,1664,0
261,1996,0
261,261,0
261,262,0
261,3123,0
262,1196,0
262,553,0
263,264,0
265,1257,0
265,1667,0
265,266,0
265,304,0
265,338,0
265,399,0
265,473,0
265,609,0
265,757,0
265,805,0
265,808,0
265,934,0
265,937,0
265,948,0
266,1158,0
266,338,0
266,937,0
267,2312,0
267,267,0
267,268,0
267,2911,0
268,1092,0
268,2241,0
268,2576,0
268,2727,0
268,344,0
268,617,0
269,1009,0
269,2509,0
269,270,0
270,1385,0
270,1415,0
270,1926,0
270,2610,0
270,524,0
270,604,0
270,616,0
270,634,0
271,1091,0
271,1118,0
271,1138,0
271,1213,0
271,1235,0
271,1305,0
271,1350,0
271,1373,0
271,1391,0
271,1403,0
271,1438,0
271,1569,0
271,1579,0
271,1587,0
271,1612,0
271,1750,0
271,1855,0
271,1949,0
271,1965,0
271,1969,0
271,2052,0
271,2059,0
271,2116,0
271,2197,0
271,2227,0
271,2250,0
271,2268,0
271,2319,0
271,2341,0
271,2351,0
271,2357,0
271,2403,0
271,2422,0
271,2554,0
271,2585,0
271,2586,0
271,2643,0
271,2651,0
271,2668,0
271,2675,0
271,2685,0
271,2700,0
271,272,0
271,2726,0
271,2761,0
271,2893,0
271,290,0
271,2910,0
271,2920,0
271,2940,0
271,2982,0
271,301,0
271,3080,0
271,3091,0
271,3097,0
271,3125,0
271,317,0
271,327,0
271,329,0
271,429,0
271,433,0
271,437,0
271,455,0
271,478,0
271,499,0
271,510,0
271,559,0
271,563,0
271,582,0
271,591,0
271,598,0
271,649,0
271,676,0
271,712,0
271,766,0
271,775,0
271,785,0
271,801,0
271,806,0
271,825,0
271,830,0
271,839,0
271,867,0
271,987,0
271,997,0
273,273,0
273,274,0
273,2955,0
273,508,0
274,1967,0
274,2643,0
275,2143,0
275,276,0
276,1043,0
276,1045,0
276,1271,0
276,1731,0
276,2183,0
276,2296,0
276,2348,0
276,2446,0
276,2496,0
276,276,0
276,278,0
276,2782,0
276,286,0
276,309,0
276,3115,0
276,444,0
276,621,0
276,689,0
276,782,0
276,887,0
276,977,0
277,1155,0
277,278,0
277,438,0
277,528,0
277,751,0
277,802,0
278,1044,0
278,1103,0
278,1311,0
278,2063,0
278,2274,0
278,2523,0
278,2693,0
278,405,0
278,446,0
278,499,0
278,522,0
278,530,0
278,573,0
278,627,0
278,705,0
278,810,0
278,976,0
280,280,0
281,2571,0
281,304,0
281,805,0
282,473,0
282,507,0
282,590,0
283,1939,0
283,2076,0
283,425,0
283,452,0
284,2438,0
284,284,0
284,285,0
284,575,0
285,2438,0
286,1386,0
286,2206,0
286,526,0
286,766,0
286,915,0
287,1557,0
287,2836,0
288,1040,0
288,1251,0
288,289,0
288,488,0
288,916,0
289,2756,0
290,1608,0
290,1636,0
290,1784,0
290,2014,0
290,2097,0
290,2302,0
290,2422,0
290,2452,0
290,2488,0
290,290,0
290,291,0
290,3082,0
290,343,0
290,344,0
290,607,0
290,684,0
290,920,0
290,953,0
291,1146,0
291,1469,0
291,1608,0
291,1641,0
291,1949,0
291,2097,0
291,2122,0
291,3102,0
291,438,0
291,608,0
292,1667,0
292,1760,0
292,2137,0
292,2434,0
292,2793,0
292,292,0
292,534,0
293,1913,0
293,293,0
294,380,0
294,403,0
294,833,0
295,1340,0
295,296,0
295,306,0
295,331,0
295,373,0
295,584,0
295,739,0
295,881,0
295,947,0
295,991,0
296,1144,0
296,1638,0
296,2024,0
296,2277,0
296,2601,0
296,296,0
296,579,0
296,821,0
297,1830,0
297,297,0
297,428,0
298,298,0
302,1117,0
302,1638,0
302,1678,0
302,2579,0
302,2994,0
302,303,0
302,304,0
302,371,0
302,465,0
302,545,0
302,808,0
303,2163,0
303,304,0
303,372,0
303,436,0
303,465,0
303,522,0
303,791,0
303,824,0
304,1006,0
304,1057,0
304,1472,0
304,1505,0
304,1520,0
304,1584,0
304,1631,0
304,1909,0
304,1937,0
304,2021,0
304,2132,0
304,2164,0
304,2841,0
304,2930,0
304,3017,0
304,305,0
304,314,0
304,342,0
304,354,0
304,371,0
304,372,0
304,402,0
304,436,0
304,456,0
304,465,0
304,602,0
304,674,0
304,680,0
304,685,0
304,743,0
304,772,0
304,824,0
304,840,0
304,910,0
304,954,0
304,956,0
304,999,0
305,1607,0
305,460,0
305,588,0
305,646,0
306,1244,0
306,1371,0
306,1459,0
306,1573,0
306,1613,0
306,1656,0
306,1699,0
306,2203,0
306,2252,0
306,2501,0
306,307,0
306,363,0
306,428,0
306,492,0
306,527,0
306,584,0
306,687,0
306,718,0
306,719,0
306,776,0
306,793,0
306,817,0
306,822,0
306,889,0
306,918,0
306,955,0
306,973,0
307,1100,0
307,1442,0
307,1826,0
307,1964,0
308,1126,0
308,1155,0
308,1336,0
308,1937,0
308,2024,0
308,2395,0
308,308,0
308,410,0
308,677,0
308,772,0
308,791,0
308,943,0
308,964,0
309,1386,0
309,2106,0
309,893,0
309,915,0
310,2597,0
310,311,0
310,345,0
310,527,0
310,576,0
310,592,0
310,696,0
311,311,0
311,592,0
312,1000,0
312,412,0
312,437,0
312,556,0
313,313,0
314,1381,0
314,2037,0
314,2842,0
314,314,0
314,585,0
314,791,0
314,936,0
315,316,0
316,1611,0
316,316,0
316,398,0
317,1618,0
317,1960,0
317,2420,0
317,318,0
317,691,0
317,828,0
317,979,0
318,1279,0
319,1034,0
319,1063,0
319,1372,0
319,1451,0
319,1505,0
319,1549,0
319,1589,0
319,1617,0
319,1738,0
319,1761,0
319,1835,0
319,1851,0
319,1949,0
319,2081,0
319,2218,0
319,2294,0
319,2824,0
319,2918,0
319,3044,0
319,319,0
319,320,0
319,412,0
319,437,0
319,473,0
319,489,0
319,725,0
319,737,0
319,791,0
319,859,0
319,954,0
320,424,0
320,473,0
322,322,0
322,730,0
323,324,0
324,2221,0
324,324,0
326,1682,0
326,361,0
326,518,0
326,861,0
326,862,0
328,1051,0
328,2384,0
328,2496,0
328,328,0
328,329,0
328,981,0
329,1040,0
329,1057,0
329,1240,0
329,1277,0
329,1631,0
329,1726,0
329,1776,0
329,1862,0
329,2106,0
329,2217,0
329,2484,0
329,2624,0
329,2643,0
329,347,0
329,364,0
329,520,0
329,521,0
329,545,0
330,331,0
331,1082,0
331,1252,0
331,1519,0
331,1766,0
331,1980,0
331,2098,0
331,3033,0
331,331,0
331,338,0
331,697,0
331,852,0
331,937,0
332,333,0
333,1031,0
333,1518,0
333,1968,0
333,1970,0
333,2410,0
333,2576,0
333,2630,0
333,524,0
333,791,0
333,891,0
333,968,0
334,1250,0
334,1512,0
334,334,0
334,335,0
334,643,0
335,1423,0
335,1871,0
335,2203,0
335,361,0
335,362,0
335,537,0
335,601,0
335,634,0
335,703,0
335,963,0
335,995,0
337,1178,0
337,1179,0
337,337,0
337,459,0
338,1158,0
338,1257,0
338,1667,0
338,673,0
338,934,0
338,948,0
338,993,0
339,1622,0
340,448,0
340,789,0
341,342,0
342,1703,0
342,3034,0
342,724,0
343,343,0
343,344,0
344,1435,0
344,384,0
344,702,0
344,719,0
344,849,0
344,920,0
346,2134,0
346,2264,0
346,2499,0
346,442,0
346,711,0
346,875,0
348,1090,0
348,1156,0
348,1191,0
348,1412,0
348,1703,0
348,1941,0
348,2638,0
348,348,0
348,375,0
348,442,0
348,459,0
348,578,0
348,988,0
349,1379,0
350,1152,0
350,350,0
350,351,0
350,452,0
350,605,0
350,960,0
351,605,0
352,353,0
353,1864,0
353,353,0
353,508,0
354,400,0
354,436,0
354,473,0
354,631,0
354,805,0
355,741,0
356,878,0
357,1296,0
357,1411,0
357,1831,0
357,2697,0
357,2951,0
357,358,0
357,556,0
357,583,0
358,584,0
359,1635,0
359,1974,0
359,2917,0
359,359,0
359,360,0
360,1691,0
360,1974,0
361,1016,0
361,1310,0
361,2294,0
361,361,0
361,362,0
361,518,0
361,601,0
361,703,0
361,787,0
361,789,0
361,963,0
361,968,0
362,1139,0
362,1233,0
362,1590,0
362,506,0
362,642,0
362,703,0
363,1006,0
363,1278,0
363,1440,0
363,2316,0
363,363,0
363,364,0
363,462,0
363,676,0
363,796,0
363,889,0
363,961,0
364,1005,0
364,1006,0
364,1040,0
364,1594,0
364,2132,0
364,364,0
364,433,0
364,954,0
365,365,0
365,631,0
366,367,0
369,1485,0
369,2254,0
369,2280,0
369,605,0
369,622,0
369,960,0
370,1017,0
370,1019,0
370,1404,0
370,1689,0
370,1754,0
370,1842,0
370,1963,0
370,2831,0
370,413,0
370,631,0
370,686,0
371,1139,0
371,1638,0
371,2617,0
371,372,0
371,465,0
371,521,0
371,631,0
371,646,0
371,981,0
372,1314,0
372,1654,0
372,1887,0
372,3120,0
372,372,0
372,402,0
372,456,0
372,720,0
372,743,0
372,858,0
373,1041,0
373,2169,0
373,513,0
373,527,0
374,1144,0
374,374,0
374,432,0
374,631,0
375,1090,0
375,1156,0
375,1179,0
375,1180,0
375,1301,0
375,1453,0
375,2376,0
375,2588,0
375,376,0
375,578,0
375,922,0
375,988,0
377,1550,0
377,1682,0
377,2179,0
378,1097,0
378,1133,0
378,1574,0
378,1646,0
378,1975,0
378,2180,0
378,2196,0
378,2487,0
378,2864,0
378,2925,0
378,2929,0
378,3095,0
378,379,0
378,428,0
378,533,0
378,578,0
378,600,0
378,824,0
379,1324,0
379,810,0
381,1184,0
381,1222,0
381,382,0
383,2356,0
383,2943,0
383,384,0
383,739,0
384,1042,0
385,385,0
385,419,0
386,1066,0
386,1337,0
386,387,0
388,389,0
388,800,0
390,1807,0
390,2134,0
390,391,0
390,868,0
392,1094,0
392,393,0
393,1187,0
393,1209,0
393,1315,0
393,1628,0
393,1936,0
393,2095,0
393,2767,0
393,3055,0
393,393,0
393,750,0
393,796,0
393,818,0
394,1544,0
394,1551,0
394,1604,0
394,2162,0
394,2294,0
394,2872,0
394,394,0
394,395,0
394,424,0
394,666,0
394,796,0
394,907,0
395,395,0
396,397,0
397,2167,0
397,731,0
397,798,0
398,1325,0
398,1806,0
398,398,0
398,399,0
398,544,0
398,875,0
398,949,0
399,1120,0
399,1211,0
399,1271,0
399,1740,0
399,399,0
399,401,0
399,438,0
399,451,0
399,622,0
399,683,0
399,784,0
399,883,0
399,964,0
400,2551,0
400,2789,0
400,2996,0
400,400,0
400,401,0
400,640,0
401,623,0
401,821,0
402,473,0
403,1499,0
403,2276,0
403,404,0
403,451,0
403,833,0
405,1554,0
405,3099,0
405,405,0
405,584,0
405,631,0
405,893,0
406,1144,0
406,1646,0
406,406,0
406,621,0
407,1678,0
407,647,0
407,995,0
408,409,0
408,561,0
409,1622,0
409,2686,0
409,561,0
410,437,0
410,473,0
410,507,0
410,805,0
411,473,0
411,717,0
411,805,0
412,1152,0
412,437,0
412,723,0
413,787,0
414,414,0
415,416,0
415,683,0
415,784,0
415,893,0
415,991,0
417,1167,0
417,1383,0
417,2423,0
418,419,0
418,631,0
419,1328,0
419,1511,0
419,1942,0
419,550,0
420,421,0
421,2848,0
421,421,0
421,641,0
422,1418,0
422,422,0
422,911,0
422,926,0
423,1582,0
423,1638,0
423,1751,0
423,424,0
424,1024,0
424,1034,0
424,1069,0
424,1358,0
424,1377,0
424,1589,0
424,1949,0
424,2106,0
424,2218,0
424,2294,0
424,2574,0
424,2612,0
424,2626,0
424,473,0
424,652,0
424,671,0
424,703,0
424,725,0
424,767,0
424,871,0
425,1530,0
425,1537,0
425,1614,0
425,1691,0
425,2048,0
425,2589,0
425,3014,0
425,425,0
425,426,0
425,525,0
425,565,0
427,1260,0
427,1349,0
427,428,0
428,1034,0
428,1080,0
428,1156,0
428,1559,0
428,1649,0
428,1849,0
428,1978,0
428,2171,0
428,527,0
428,617,0
428,888,0
428,889,0
428,968,0
429,430,0
429,525,0
429,575,0
429,627,0
429,833,0
430,1214,0
431,1498,0
431,1667,0
431,590,0
431,822,0
432,1098,0
432,432,0
432,433,0
432,473,0
432,599,0
432,784,0
432,802,0
432,805,0
432,821,0
433,1040,0
433,1152,0
433,1277,0
433,1425,0
433,2177,0
433,2605,0
433,433,0
433,821,0
434,537,0
435,2283,0
435,436,0
435,676,0
435,705,0
436,1100,0
436,1240,0
436,1430,0
436,1505,0
436,1654,0
436,1761,0
436,2128,0
436,2132,0
436,2264,0
436,2456,0
436,2667,0
436,2909,0
436,436,0
436,465,0
436,520,0
436,588,0
436,680,0
436,724,0
436,772,0
436,791,0
436,910,0
436,916,0
436,954,0
437,1055,0
437,1290,0
437,1376,0
437,1389,0
437,1529,0
437,1560,0
437,1775,0
437,1997,0
437,2092,0
437,2207,0
437,2258,0
437,2343,0
437,2571,0
437,2636,0
437,2743,0
437,437,0
437,441,0
437,489,0
437,528,0
437,554,0
437,580,0
437,599,0
437,640,0
437,714,0
437,737,0
437,765,0
437,768,0
437,799,0
437,803,0
437,859,0
437,893,0
437,994,0
438,1059,0
438,1060,0
438,1673,0
438,2546,0
438,439,0
438,631,0
438,701,0
438,821,0
438,875,0
438,951,0
439,1729,0
439,2174,0
439,439,0
440,1472,0
440,1554,0
440,2202,0
440,2932,0
440,440,0
440,547,0
440,724,0
440,780,0
442,1297,0
442,1664,0
442,1863,0
442,442,0
442,443,0
442,459,0
442,578,0
443,1147,0
443,1647,0
443,1648,0
443,1734,0
443,1945,0
443,2156,0
443,2266,0
443,2289,0
443,2582,0
443,2712,0
443,2746,0
443,2861,0
443,2866,0
443,2869,0
443,2873,0
443,2969,0
443,3127,0
443,443,0
444,1336,0
444,1404,0
444,1663,0
444,2552,0
444,2575,0
444,444,0
444,445,0
444,484,0
444,704,0
444,728,0
444,892,0
444,979,0
445,1019,0
445,991,0
446,1156,0
446,1332,0
446,446,0
447,448,0
447,525,0
448,2451,0
448,635,0
448,657,0
449,1682,0
449,989,0
450,2407,0
451,2512,0
451,451,0
452,1530,0
452,1691,0
452,1942,0
452,2011,0
452,2175,0
452,2291,0
452,2417,0
452,2504,0
452,2648,0
453,1832,0
453,1833,0
453,2301,0
453,3109,0
453,454,0
453,488,0
454,1044,0
454,1297,0
454,1386,0
454,1832,0
454,1833,0
454,981,0
455,647,0
455,714,0
455,752,0
455,859,0
456,1479,0
456,1554,0
456,1987,0
456,3006,0
456,456,0
456,588,0
456,724,0
457,1202,0
457,1260,0
457,1836,0
457,2353,0
457,501,0
457,507,0
457,527,0
457,575,0
457,691,0
457,902,0
457,909,0
458,2303,0
458,2407,0
458,493,0
458,524,0
459,2325,0
459,459,0
460,1020,0
460,1056,0
460,1121,0
460,1309,0
460,1554,0
460,1688,0
460,1700,0
460,1909,0
460,2133,0
460,2238,0
460,2332,0
460,2567,0
460,2928,0
460,514,0
460,554,0
460,817,0
460,942,0
461,1076,0
461,1218,0
461,1280,0
461,1331,0
461,1570,0
461,1983,0
461,1994,0
461,2105,0
461,3042,0
461,462,0
461,525,0
461,547,0
461,669,0
461,796,0
462,1008,0
462,1330,0
462,1587,0
462,1644,0
462,462,0
462,668,0
463,1079,0
463,1467,0
463,1843,0
463,2130,0
463,2131,0
463,463,0
463,464,0
463,628,0
463,706,0
463,707,0
463,834,0
464,464,0
465,1584,0
465,2164,0
465,2513,0
465,680,0
465,772,0
465,791,0
465,916,0
465,999,0
466,2428,0
466,466,0
466,593,0
466,634,0
467,468,0
469,1932,0
469,470,0
471,1234,0
471,1521,0
471,2863,0
471,472,0
471,499,0
472,1577,0
473,1031,0
473,1057,0
473,1100,0
473,1169,0
473,1350,0
473,1435,0
473,1451,0
473,1507,0
473,1517,0
473,1709,0
473,2083,0
473,2207,0
473,2225,0
473,2385,0
473,2518,0
473,2699,0
473,2743,0
473,2791,0
473,2984,0
473,473,0
473,474,0
473,476,0
473,606,0
473,625,0
473,745,0
473,772,0
473,840,0
473,910,0
473,920,0
473,999,0
474,1362,0
474,1634,0
474,2709,0
474,662,0
474,691,0
476,691,0
478,2923,0
479,1717,0
479,479,0
480,1140,0
480,480,0
480,503,0
481,482,0
482,1034,0
482,1074,0
482,496,0
483,484,0
483,704,0
485,1007,0
485,1196,0
485,1283,0
485,1562,0
485,2212,0
485,2226,0
485,2245,0
485,2595,0
485,494,0
485,628,0
485,643,0
485,732,0
485,872,0
485,960,0
486,487,0
486,491,0
487,1011,0
487,1224,0
487,1226,0
487,1724,0
487,2393,0
487,2654,0
488,1035,0
488,1601,0
488,1832,0
488,1833,0
488,2782,0
488,488,0
488,489,0
488,978,0
491,2393,0
492,1578,0
492,527,0
492,968,0
493,1226,0
493,1310,0
493,493,0
493,754,0
494,2845,0
494,3047,0
495,1122,0
495,2250,0
495,2889,0
495,496,0
496,1423,0
497,498,0
497,784,0
500,631,0
501,1096,0
501,1411,0
501,1494,0
501,1595,0
501,502,0
501,504,0
501,505,0
501,594,0
501,699,0
501,741,0
502,2195,0
504,2195,0
504,565,0
505,1086,0
505,739,0
507,1000,0
507,1057,0
507,1187,0
507,1306,0
507,1635,0
507,2225,0
507,649,0
507,834,0
507,880,0
508,1431,0
508,1612,0
508,1748,0
508,1871,0
508,1943,0
508,2257,0
508,2427,0
508,2540,0
508,508,0
508,509,0
508,728,0
510,1690,0
510,2024,0
510,2949,0
510,831,0
512,2180,0
512,2353,0
512,513,0
512,575,0
512,600,0
512,628,0
513,1836,0
513,767,0
515,2556,0
515,516,0
517,861,0
518,1208,0
518,1233,0
518,580,0
518,601,0
518,963,0
520,1466,0
520,3122,0
520,521,0
520,791,0
520,858,0
521,1100,0
521,2119,0
522,1317,0
522,1638,0
522,1678,0
522,2568,0
522,522,0
522,621,0
522,724,0
522,951,0
523,1017,0
523,1109,0
523,524,0
524,1063,0
524,1447,0
524,1562,0
524,1781,0
524,2316,0
524,524,0
524,789,0
524,907,0
524,935,0
524,937,0
524,968,0
525,1136,0
525,1217,0
525,1252,0
525,1324,0
525,2003,0
525,2552,0
525,526,0
525,541,0
525,580,0
525,727,0
525,824,0
525,913,0
525,941,0
526,2183,0
526,575,0
527,1010,0
527,1156,0
527,1446,0
527,1490,0
527,2089,0
527,2379,0
527,2478,0
527,2485,0
527,2592,0
527,2597,0
527,2735,0
527,2888,0
527,558,0
527,890,0
527,938,0
527,968,0
529,530,0
530,1043,0
530,1044,0
530,1120,0
530,530,0
530,555,0
530,977,0
531,1367,0
531,1528,0
531,2429,0
531,532,0
531,655,0
531,773,0
531,885,0
531,898,0
533,1019,0
533,1950,0
533,584,0
533,893,0
533,991,0
534,1524,0
534,2463,0
534,538,0
535,1607,0
535,536,0
535,798,0
536,1607,0
537,1010,0
537,1398,0
537,1425,0
537,1427,0
537,1775,0
537,2168,0
537,2388,0
537,2622,0
537,537,0
537,580,0
537,631,0
537,646,0
537,813,0
537,830,0
538,1435,0
538,1823,0
538,539,0
540,541,0
540,646,0
541,1188,0
542,1335,0
542,1601,0
542,1853,0
544,544,0
544,695,0
545,2727,0
546,734,0
546,951,0
547,1330,0
547,1493,0
547,1816,0
547,2255,0
547,668,0
548,549,0
549,1478,0
551,1189,0
551,1255,0
551,1366,0
551,1760,0
551,1970,0
551,2372,0
551,551,0
551,672,0
551,696,0
551,707,0
551,787,0
552,553,0
553,1154,0
553,968,0
554,2037,0
554,2741,0
554,555,0
554,592,0
554,700,0
554,717,0
554,723,0
554,729,0
554,834,0
555,1044,0
555,555,0
555,558,0
555,779,0
556,1100,0
556,1406,0
556,1554,0
556,2085,0
556,556,0
556,557,0
556,588,0
556,700,0
556,720,0
556,764,0
556,805,0
558,1262,0
558,558,0
558,733,0
560,2740,0
560,560,0
560,561,0
560,991,0
561,1483,0
561,1741,0
561,1927,0
561,2959,0
562,563,0
562,760,0
563,1217,0
563,2087,0
563,2151,0
563,2475,0
565,1530,0
565,2032,0
565,2291,0
565,2504,0
565,2648,0
565,2701,0
565,3008,0
565,565,0
565,708,0
567,1354,0
567,568,0
567,592,0
570,1203,0
570,1439,0
570,1464,0
570,571,0
570,789,0
570,926,0
571,733,0
572,1347,0
572,1879,0
572,573,0
573,573,0
573,641,0
575,1322,0
575,1402,0
575,1568,0
575,2275,0
575,2519,0
575,2844,0
575,2895,0
575,575,0
575,727,0
575,824,0
575,965,0
576,1034,0
576,1288,0
576,1867,0
576,621,0
576,774,0
577,1906,0
577,577,0
578,1090,0
578,1120,0
578,1156,0
578,1178,0
578,1191,0
578,1412,0
578,1703,0
578,1954,0
578,578,0
578,614,0
578,914,0
578,988,0
579,898,0
580,1101,0
580,1868,0
580,2084,0
580,581,0
580,601,0
580,834,0
581,1749,0
584,1001,0
584,1089,0
584,1104,0
584,1244,0
584,1419,0
584,1471,0
584,1519,0
584,1763,0
584,1926,0
584,2297,0
584,2400,0
584,2445,0
584,2526,0
584,2541,0
584,2748,0
584,2827,0
584,3029,0
584,584,0
584,634,0
584,746,0
584,955,0
584,973,0
585,1354,0
585,2024,0
586,2069,0
586,2230,0
586,2267,0
586,587,0
587,1036,0
587,1084,0
587,1441,0
587,620,0
587,783,0
588,1100,0
588,839,0
589,590,0
589,604,0
590,1054,0
590,1056,0
590,1271,0
590,1505,0
590,590,0
590,764,0
590,885,0
591,1675,0
592,1357,0
592,1568,0
592,1813,0
592,1970,0
592,2372,0
592,641,0
593,1498,0
593,1667,0
593,822,0
593,938,0
594,2533,0
594,911,0
595,1034,0
595,1192,0
595,1624,0
595,596,0
597,1826,0
597,598,0
597,816,0
600,600,0
601,1233,0
601,1308,0
601,642,0
602,603,0
603,751,0
604,1172,0
604,1186,0
604,1189,0
604,1385,0
604,1601,0
604,1738,0
604,1995,0
604,2149,0
604,2843,0
604,3015,0
604,631,0
604,796,0
604,907,0
605,1007,0
605,1035,0
605,1139,0
605,1189,0
605,1196,0
605,1489,0
605,642,0
605,646,0
605,789,0
605,960,0
609,1040,0
609,641,0
610,1794,0
610,2467,0
610,611,0
610,648,0
611,1204,0
611,1877,0
612,612,0
613,1651,0
613,1686,0
613,1761,0
613,2274,0
613,2322,0
613,2705,0
613,916,0
614,614,0
614,621,0
616,1638,0
616,616,0
617,1080,0
617,1578,0
617,1595,0
617,1830,0
617,2285,0
617,2676,0
617,617,0
617,618,0
617,849,0
617,907,0
618,1192,0
618,1627,0
618,650,0
619,1328,0
619,619,0
619,965,0
620,1203,0
621,1140,0
621,1232,0
621,1440,0
621,1555,0
621,1690,0
621,627,0
621,856,0
621,930,0
623,623,0
624,624,0
624,894,0
625,1260,0
625,626,0
627,1217,0
627,1289,0
627,1382,0
627,2265,0
627,2275,0
627,2463,0
627,2938,0
627,2969,0
627,824,0
627,991,0
628,1455,0
628,629,0
629,2368,0
630,2607,0
630,630,0
631,1012,0
631,1056,0
631,1105,0
631,1159,0
631,1327,0
631,1419,0
631,1462,0
631,1488,0
631,1519,0
631,1524,0
631,1623,0
631,1641,0
631,1649,0
631,1710,0
631,1713,0
631,1771,0
631,1812,0
631,1953,0
631,1977,0
631,2135,0
631,2209,0
631,2229,0
631,2281,0
631,2309,0
631,2365,0
631,2380,0
631,2388,0
631,2392,0
631,2397,0
631,2439,0
631,2440,0
631,2466,0
631,2493,0
631,2517,0
631,2546,0
631,2647,0
631,2692,0
631,3027,0
631,3054,0
631,3069,0
631,3110,0
631,631,0
631,632,0
631,660,0
631,664,0
631,676,0
631,720,0
631,725,0
631,832,0
631,838,0
631,857,0
631,869,0
631,870,0
631,897,0
631,898,0
631,967,0
631,997,0
633,634,0
634,1461,0
634,1627,0
634,1763,0
634,2045,0
634,2821,0
634,852,0
634,868,0
634,938,0
635,1260,0
635,1345,0
635,635,0
635,636,0
636,1345,0
636,2313,0
636,995,0
637,638,0
641,1238,0
641,1532,0
641,2060,0
642,1081,0
642,1323,0
642,1405,0
642,2212,0
642,2477,0
642,2797,0
642,703,0
642,779,0
643,1260,0
643,1303,0
643,1753,0
643,2183,0
643,893,0
644,1128,0
644,1489,0
644,2558,0
644,645,0
644,961,0
645,2307,0
646,1138,0
646,1278,0
646,1534,0
646,1567,0
646,647,0
646,653,0
646,703,0
646,789,0
646,839,0
648,1409,0
649,1107,0
649,1910,0
649,2242,0
649,745,0
649,946,0
649,964,0
650,1286,0
650,1627,0
653,1260,0
653,1566,0
653,1567,0
653,1620,0
653,1753,0
653,654,0
653,965,0
655,655,0
657,2796,0
657,657,0
657,790,0
658,2698,0
659,1087,0
659,2158,0
659,2995,0
659,663,0
660,2653,0
661,3116,0
661,661,0
661,662,0
663,1087,0
663,2158,0
663,2995,0
663,663,0
665,666,0
665,922,0
667,667,0
668,1076,0
668,1218,0
668,1280,0
668,1331,0
668,1570,0
668,1983,0
668,2105,0
668,669,0
669,1330,0
671,1302,0
673,1001,0
673,1458,0
673,890,0
673,948,0
673,968,0
674,1638,0
674,2704,0
675,2822,0
675,675,0
676,1005,0
676,1451,0
676,2207,0
676,676,0
676,723,0
676,922,0
677,2566,0
677,906,0
677,930,0
678,679,0
679,2128,0
679,679,0
681,682,0
681,973,0
681,974,0
682,1244,0
682,973,0
683,1234,0
683,1326,0
683,1601,0
683,1634,0
683,1873,0
683,2373,0
683,2565,0
685,1491,0
686,1842,0
687,1085,0
687,822,0
688,688,0
689,1583,0
689,1630,0
689,689,0
689,690,0
690,1630,0
690,690,0
691,1303,0
691,1392,0
691,908,0
693,694,0
694,1667,0
694,1987,0
695,1152,0
695,1234,0
695,1292,0
695,1326,0
695,1387,0
695,1601,0
695,2800,0
695,966,0
696,1546,0
696,1547,0
696,2390,0
696,2731,0
696,2922,0
696,2952,0
696,2960,0
696,2961,0
696,2965,0
696,2976,0
696,696,0
696,697,0
696,707,0
697,1013,0
697,1158,0
697,1252,0
697,1546,0
697,1948,0
697,1966,0
697,2098,0
697,697,0
697,886,0
698,1497,0
698,698,0
699,1260,0
700,1144,0
700,2244,0
700,2782,0
700,815,0
700,964,0
702,2583,0
703,1139,0
703,1144,0
703,1233,0
704,1664,0
704,704,0
704,995,0
705,1040,0
705,1240,0
705,1271,0
705,1354,0
705,1402,0
705,1584,0
705,1667,0
705,2003,0
705,2008,0
705,3106,0
705,705,0
705,892,0
706,1124,0
706,1125,0
706,1467,0
706,1843,0
706,2760,0
706,706,0
706,707,0
706,834,0
707,1079,0
707,1124,0
709,1629,0
709,1893,0
709,2606,0
709,2843,0
709,709,0
711,711,0
712,713,0
712,721,0
713,1253,0
714,2230,0
714,715,0
715,1446,0
715,715,0
716,1196,0
717,1567,0
717,2890,0
717,718,0
717,751,0
720,1056,0
720,1181,0
720,1230,0
720,1346,0
720,1505,0
720,1824,0
720,1909,0
720,1943,0
720,720,0
720,728,0
720,745,0
720,772,0
720,834,0
720,890,0
721,1040,0
721,1253,0
721,722,0
721,737,0
722,1547,0
722,2312,0
723,1306,0
723,1877,0
723,723,0
723,831,0
723,964,0
724,1554,0
724,1638,0
726,1402,0
726,2275,0
726,727,0
726,824,0
726,941,0
728,1836,0
729,2020,0
729,2075,0
730,1134,0
730,844,0
731,731,0
731,732,0
731,798,0
732,2212,0
733,1942,0
733,2032,0
733,2311,0
733,2409,0
734,1063,0
734,1175,0
734,1333,0
734,1567,0
734,1774,0
734,2140,0
734,2883,0
734,3022,0
734,3091,0
734,735,0
734,791,0
734,883,0
736,2664,0
736,736,0
736,737,0
737,844,0
738,1198,0
739,1830,0
739,2070,0
739,2166,0
739,2939,0
739,3011,0
739,740,0
739,881,0
740,881,0
741,1120,0
741,742,0
745,1158,0
745,746,0
745,784,0
745,805,0
745,948,0
746,1200,0
746,1271,0
746,2469,0
747,1152,0
747,1404,0
747,748,0
747,881,0
749,1173,0
749,777,0
751,1021,0
751,1054,0
752,1099,0
752,839,0
753,753,0
754,754,0
755,1036,0
755,1154,0
755,2326,0
755,2837,0
755,3117,0
755,755,0
755,756,0
755,789,0
756,1161,0
756,2794,0
756,965,0
757,1667,0
757,937,0
758,2034,0
758,2091,0
758,2658,0
758,2981,0
758,3038,0
758,759,0
759,1107,0
759,945,0
759,972,0
760,2325,0
760,760,0
761,762,0
762,874,0
763,1214,0
763,764,0
764,834,0
769,1455,0
769,771,0
769,860,0
770,2772,0
770,770,0
771,1455,0
771,860,0
772,2163,0
774,1574,0
774,814,0
775,1021,0
775,1172,0
775,1554,0
776,2045,0
777,1174,0
777,1591,0
777,1810,0
777,1837,0
777,2160,0
777,777,0
777,778,0
777,817,0
777,880,0
778,891,0
780,2202,0
780,2619,0
780,781,0
780,893,0
782,783,0
782,892,0
782,979,0
783,1203,0
784,1126,0
784,1427,0
784,1455,0
784,1657,0
784,1767,0
784,799,0
786,787,0
787,1017,0
788,788,0
789,1050,0
789,1154,0
789,1196,0
789,1310,0
789,1341,0
789,1562,0
789,1753,0
789,2040,0
789,3024,0
789,789,0
789,965,0
790,1310,0
790,790,0
790,791,0
791,2096,0
791,2163,0
791,2391,0
791,3031,0
791,824,0
791,929,0
791,951,0
794,2269,0
794,795,0
796,1069,0
796,1260,0
796,1836,0
796,1861,0
796,1975,0
796,2056,0
796,826,0
796,878,0
796,907,0
796,912,0
796,968,0
798,1241,0
798,1597,0
798,1930,0
798,1998,0
798,2167,0
798,2241,0
798,3093,0
798,798,0
799,1983,0
799,2013,0
802,1021,0
804,2242,0
804,805,0
804,821,0
805,817,0
805,889,0
805,952,0
806,1439,0
806,2022,0
806,2350,0
806,806,0
807,808,0
808,1486,0
808,889,0
809,809,0
810,2382,0
810,2867,0
810,810,0
810,811,0
812,2428,0
813,2343,0
813,2466,0
813,830,0
813,880,0
814,1230,0
814,1445,0
814,1697,0
814,814,0
814,815,0
814,907,0
814,911,0
815,1019,0
815,815,0
815,991,0
817,2013,0
817,2072,0
817,888,0
819,1248,0
819,3037,0
819,820,0
820,1046,0
820,1130,0
820,1329,0
820,1558,0
820,1699,0
820,1839,0
820,921,0
820,923,0
821,1055,0
821,1325,0
821,1529,0
821,1941,0
821,821,0
823,823,0
824,1096,0
824,2292,0
824,2724,0
824,3050,0
826,1031,0
826,1098,0
826,1140,0
826,1571,0
826,1572,0
826,1674,0
826,2354,0
826,2808,0
826,2809,0
826,827,0
826,886,0
828,1619,0
828,829,0
829,1831,0
831,831,0
832,1287,0
832,1996,0
833,1026,0
833,1596,0
834,1943,0
834,2398,0
834,835,0
834,890,0
834,894,0
835,1248,0
835,2194,0
835,998,0
838,1138,0
838,838,0
838,839,0
838,880,0
838,997,0
840,1663,0
841,1494,0
841,842,0
841,843,0
842,1576,0
843,1576,0
844,845,0
845,1263,0
845,1975,0
845,990,0
846,1493,0
846,846,0
848,1238,0
848,1239,0
848,1714,0
848,848,0
849,1192,0
849,868,0
850,1123,0
850,1782,0
850,850,0
852,1013,0
852,1252,0
852,2122,0
852,3060,0
852,3081,0
852,922,0
852,991,0
853,1473,0
853,2577,0
853,853,0
853,854,0
855,898,0
856,1144,0
856,1299,0
856,1315,0
856,1763,0
856,1865,0
856,856,0
856,965,0
861,2532,0
861,861,0
861,862,0
862,2219,0
863,2031,0
866,1199,0
866,1701,0
866,1795,0
866,2215,0
866,866,0
866,867,0
868,1085,0
868,2309,0
868,3058,0
869,1031,0
869,1098,0
869,1408,0
869,1571,0
869,1572,0
869,1725,0
869,869,0
869,870,0
870,1725,0
870,2019,0
872,1034,0
872,1548,0
872,2096,0
872,2129,0
872,2612,0
872,2903,0
872,2912,0
872,2926,0
872,3016,0
872,3111,0
872,873,0
873,1189,0
875,1201,0
875,880,0
877,1996,0
877,877,0
878,1184,0
878,2247,0
878,879,0
879,1504,0
879,968,0
880,1302,0
880,2446,0
881,881,0
881,882,0
882,1681,0
883,883,0
883,884,0
885,1527,0
887,1990,0
887,995,0
888,1189,0
888,1245,0
888,1349,0
888,1359,0
888,1424,0
888,1493,0
888,2089,0
888,2171,0
888,2191,0
888,2495,0
888,889,0
889,1120,0
889,1271,0
889,1379,0
889,1417,0
889,2171,0
889,2295,0
889,2631,0
889,889,0
889,917,0
889,943,0
889,991,0
891,1852,0
892,1397,0
892,1435,0
892,2035,0
893,1019,0
893,1152,0
893,1199,0
893,1877,0
893,1904,0
893,1975,0
893,930,0
893,991,0
894,1413,0
894,1438,0
898,898,0
899,1184,0
899,900,0
901,2640,0
901,902,0
902,1926,0
902,908,0
903,904,0
904,1034,0
904,1778,0
904,2187,0
904,2224,0
904,2556,0
906,1271,0
906,906,0
907,1196,0
907,1951,0
907,2031,0
907,2121,0
907,2162,0
907,2335,0
907,907,0
908,1836,0
908,1953,0
908,2353,0
908,909,0
909,909,0
909,995,0
909,996,0
910,1156,0
911,1026,0
911,1230,0
911,2533,0
911,2896,0
911,911,0
913,1272,0
913,2160,0
915,1582,0
915,1785,0
915,2244,0
916,1365,0
916,2009,0
916,2849,0
916,916,0
916,990,0
917,1173,0
917,1576,0
918,1419,0
922,922,0
924,1825,0
925,926,0
928,929,0
929,1065,0
929,1142,0
929,1426,0
929,1430,0
929,1484,0
929,1628,0
929,1878,0
929,2175,0
929,2314,0
929,2419,0
929,2446,0
929,2449,0
929,2690,0
929,2716,0
929,2856,0
929,2908,0
929,2935,0
929,2963,0
929,929,0
930,1063,0
930,1567,0
930,2081,0
931,931,0
932,1208,0
933,1505,0
933,2249,0
933,2724,0
933,933,0
934,1158,0
934,2129,0
934,935,0
934,937,0
935,1158,0
935,1667,0
935,937,0
935,948,0
937,1257,0
937,1667,0
937,948,0
937,993,0
938,2156,0
938,2428,0
938,938,0
939,2859,0
939,940,0
943,1100,0
944,1188,0
944,1814,0
944,2957,0
944,3065,0
945,1107,0
945,2413,0
945,945,0
945,946,0
946,1514,0
946,1584,0
946,1879,0
946,2125,0
946,2413,0
946,2737,0
947,1082,0
947,1252,0
947,1271,0
947,1445,0
947,1492,0
947,1765,0
947,2090,0
947,2927,0
947,948,0
947,955,0
948,1158,0
948,1257,0
948,1458,0
948,1667,0
948,948,0
948,993,0
949,2300,0
950,951,0
951,1057,0
951,1145,0
951,2104,0
951,2898,0
951,972,0
955,2526,0
955,974,0
956,1067,0
956,1498,0
956,2838,0
957,1108,0
957,2334,0
957,958,0
957,970,0
957,975,0
960,1196,0
960,3067,0
962,1782,0
962,962,0
963,963,0
964,1906,0
964,2749,0
965,1328,0
965,1463,0
965,1515,0
965,1643,0
965,2530,0
965,2984,0
965,966,0
966,1292,0
968,1105,0
968,1196,0
968,1250,0
968,1562,0
968,1762,0
968,1856,0
968,2108,0
968,2611,0
973,1244,0
973,974,0
974,1244,0
974,2526,0
974,3070,0
976,1640,0
976,977,0
977,1212,0
978,1051,0
978,1335,0
979,1203,0
979,1670,0
979,2529,0
979,2634,0
979,980,0
980,1234,0
981,1006,0
981,1386,0
981,1388,0
981,1645,0
981,1981,0
981,2496,0
981,2812,0
981,2988,0
981,2989,0
983,1035,0
983,1204,0
983,1262,0
983,1352,0
983,1817,0
983,2330,0
983,2846,0
983,2860,0
983,983,0
983,984,0
985,986,0
986,3051,0
989,1202,0
990,1365,0
990,991,0
991,1082,0
991,1089,0
991,1104,0
991,1392,0
991,1445,0
991,1446,0
991,1745,0
991,1807,0
991,2098,0
991,2367,0
991,3033,0
993,1667,0
995,1000,0
995,1334,0
995,1336,0
995,1376,0
995,1539,0
995,1650,0
995,1664,0
995,2310,0
995,2311,0
995,2477,0
995,2575,0
995,995,0
995,996,0
996,1896,0
998,1580,0
999,1413,0
999,1949,0
1001,2007,0
1002,1003,0
1002,3000,0
1004,1203,0
1006,1553,0
1006,1809,0
1006,1906,0
1006,2088,0
1006,2152,0
1007,1203,0
1007,1894,0
1008,1008,0
1008,1009,0
1009,1926,0
1010,1011,0
1010,1446,0
1011,1011,0
1011,1224,0
1011,1419,0
1011,1504,0
1011,1530,0
1011,2369,0
1011,2435,0
1011,2666,0
1011,2985,0
1013,1013,0
1013,1948,0
1013,2038,0
1013,2294,0
1013,2986,0
1015,1857,0
1016,1017,0
1019,1255,0
1019,1266,0
1019,2002,0
1019,2439,0
1019,2450,0
1019,2452,0
1019,2453,0
1019,2459,0
1019,2462,0
1019,2719,0
1020,1020,0
1021,1022,0
1021,1500,0
1022,2900,0
1024,1025,0
1024,1027,0
1024,1030,0
1024,1087,0
1024,1550,0
1024,1557,0
1026,1026,0
1028,1029,0
1029,1556,0
1029,2035,0
1030,2573,0
1031,1098,0
1031,1140,0
1031,1571,0
1031,1572,0
1031,1674,0
1031,1746,0
1032,1033,0
1033,3056,0
1034,1298,0
1034,2040,0
1034,2386,0
1034,2447,0
1034,2542,0
1034,2878,0
1034,2946,0
1035,1036,0
1035,1616,0
1035,2051,0
1035,2860,0
1036,1203,0
1036,2795,0
1038,1039,0
1038,1266,0
1040,1078,0
1040,1152,0
1040,1293,0
1040,1993,0
1041,1042,0
1041,2546,0
1042,1319,0
1042,2088,0
1042,2356,0
1043,1044,0
1044,1902,0
1044,2683,0
1044,2807,0
1045,2371,0
1046,1046,0
1048,1049,0
1050,1054,0
1050,2629,0
1051,1052,0
1051,1386,0
1051,2340,0
1053,1054,0
1053,2650,0
1058,1058,0
1059,1060,0
1059,1427,0
1059,1885,0
1059,2546,0
1059,2569,0
1061,1110,0
1061,1242,0
1061,2904,0
1063,1063,0
1063,1379,0
1063,1624,0
1063,1747,0
1063,2412,0
1063,2677,0
1063,2894,0
1063,2953,0
1064,1064,0
1064,1065,0
1064,2494,0
1067,1067,0
1067,1200,0
1067,1354,0
1067,2787,0
1069,2635,0
1070,1071,0
1070,1072,0
1070,1075,0
1073,1074,0
1075,1075,0
1076,1330,0
1076,2013,0
1077,1077,0
1077,1078,0
1077,1764,0
1077,1883,0
1078,1764,0
1078,2598,0
1079,1079,0
1079,1310,0
1080,1619,0
1081,2356,0
1081,2479,0
1084,1203,0
1084,2405,0
1086,1483,0
1087,1087,0
1087,1088,0
1087,1139,0
1087,1451,0
1087,1595,0
1087,1888,0
1089,1104,0
1089,1210,0
1089,1371,0
1089,2101,0
1090,1090,0
1090,1191,0
1091,1597,0
1092,1092,0
1093,1093,0
1094,1094,0
1094,1095,0
1098,1140,0
1098,1407,0
1098,1571,0
1098,1572,0
1098,1674,0
1098,2149,0
1100,1595,0
1100,2094,0
1101,2096,0
1103,1103,0
1105,1504,0
1105,1739,0
1107,2413,0
1107,2489,0
1108,1108,0
1108,1109,0
1109,1714,0
1110,1111,0
1113,1249,0
1113,2858,0
1114,1114,0
1114,1891,0
1115,1115,0
1118,1119,0
1118,1223,0
1118,2206,0
1119,1337,0
1121,2711,0
1123,1123,0
1123,2111,0
1123,2259,0
1124,1124,0
1124,1125,0
1124,1419,0
1124,1888,0
1124,1953,0
1127,1128,0
1131,1131,0
1132,1132,0
1133,1133,0
1134,1881,0
1134,2358,0
1135,1135,0
1136,1303,0
1137,1137,0
1138,1949,0
1138,2469,0
1138,2999,0
1138,3044,0
1139,1557,0
1140,1140,0
1140,1571,0
1140,1572,0
1140,1674,0
1140,1977,0
1140,2010,0
1140,2201,0
1140,2464,0
1140,2468,0
1140,2721,0
1140,3129,0
1143,1151,0
1144,1533,0
1144,1722,0
1144,2244,0
1144,2782,0
1145,2584,0
1150,1150,0
1152,1152,0
1152,1425,0
1152,2035,0
1152,2176,0
1155,1337,0
1156,1157,0
1156,1192,0
1156,1412,0
1156,1578,0
1156,1975,0
1157,1157,0
1157,2535,0
1158,1257,0
1158,1667,0
1159,1160,0
1159,1166,0
1159,1383,0
1159,1616,0
1159,1875,0
1159,1911,0
1160,1504,0
1161,1162,0
1161,1165,0
1161,1167,0
1161,2794,0
1163,1164,0
1163,2568,0
1167,1167,0
1170,1170,0
1170,1477,0
1172,1720,0
1172,2396,0
1173,1173,0
1173,1174,0
1173,1494,0
1176,1177,0
1178,1178,0
1178,1179,0
1178,1180,0
1178,2780,0
1181,1266,0
1182,1183,0
1182,3077,0
1183,1779,0
1184,2921,0
1185,1394,0
1187,1344,0
1187,1925,0
1187,1942,0
1189,2056,0
1190,2016,0
1191,1191,0
1191,1412,0
1192,1624,0
1195,1195,0
1196,1250,0
1196,1605,0
1196,1928,0
1196,1930,0
1196,2284,0
1197,1198,0
1200,1201,0
1200,2486,0
1202,1612,0
1202,1655,0
1202,2208,0
1202,2300,0
1202,2528,0
1203,1207,0
1203,1441,0
1204,1204,0
1204,1205,0
1204,1206,0
1204,1292,0
1206,1292,0
1207,2230,0
1208,1682,0
1209,1209,0
1209,1386,0
1209,1977,0
1210,1211,0
1210,2068,0
1210,2490,0
1211,1638,0
1214,1214,0
1215,1216,0
1216,1216,0
1219,1220,0
1220,1394,0
1220,1396,0
1220,1761,0
1220,2021,0
1221,1221,0
1221,1222,0
1222,1436,0
1224,1224,0
1224,1536,0
1224,2298,0
1226,1226,0
1226,1537,0
1226,2184,0
1228,1229,0
1230,1763,0
1230,2086,0
1230,2087,0
1231,1231,0
1231,1232,0
1231,1337,0
1232,1232,0
1232,1271,0
1233,1590,0
1237,1237,0
1237,1238,0
1237,1239,0
1238,1238,0
1238,1436,0
1238,2320,0
1238,2321,0
1238,2615,0
1238,2745,0
1239,1436,0
1239,2320,0
1239,2321,0
1239,2615,0
1239,2745,0
1242,1243,0
1242,2539,0
1246,1247,0
1248,1248,0
1248,1699,0
1248,2111,0
1248,2375,0
1248,3037,0
1249,1714,0
1249,1724,0
1249,2393,0
1251,2626,0
1252,1482,0
1252,2090,0
1254,1255,0
1255,1423,0
1255,1995,0
1255,2639,0
1255,2919,0
1257,1667,0
1258,2491,0
1258,2792,0
1259,1259,0
1260,1836,0
1260,1837,0
1260,1965,0
1260,2816,0
1261,1261,0
1262,1262,0
1262,1364,0
1262,1876,0
1263,1499,0
1263,1996,0
1264,1265,0
1266,1423,0
1266,1970,0
1266,2372,0
1267,1268,0
1268,3101,0
1269,1270,0
1269,1701,0
1271,2806,0
1273,1274,0
1273,1275,0
1273,2010,0
1274,1274,0
1274,1275,0
1274,2603,0
1275,1275,0
1276,1276,0
1276,2128,0
1277,1278,0
1277,1626,0
1277,1638,0
1277,1674,0
1277,1906,0
1277,2565,0
1278,1334,0
1278,1466,0
1278,2252,0
1278,2855,0
1280,1330,0
1281,1281,0
1281,1282,0
1281,1978,0
1283,1284,0
1285,1285,0
1287,1288,0
1287,2653,0
1289,1738,0
1291,1813,0
1291,1906,0
1292,1601,0
1292,1895,0
1297,2616,0
1297,2649,0
1298,3121,0
1299,1300,0
1302,1760,0
1302,2434,0
1304,1304,0
1304,1961,0
1305,1305,0
1307,1308,0
1307,1682,0
1310,1310,0
1310,1834,0
1311,1311,0
1311,1533,0
1312,1312,0
1312,1313,0
1314,2185,0
1314,2287,0
1315,1315,0
1317,1318,0
1319,1615,0
1319,1811,0
1319,2081,0
1319,2179,0
1319,2336,0
1320,1321,0
1320,1828,0
1320,1997,0
1320,2110,0
1321,1828,0
1321,1997,0
1321,2110,0
1323,2117,0
1323,2479,0
1324,2353,0
1329,2773,0
1330,1331,0
1330,1570,0
1330,1983,0
1330,2105,0
1335,1335,0
1335,1601,0
1335,2090,0
1337,1338,0
1337,2609,0
1343,1343,0
1345,2313,0
1346,1346,0
1347,1348,0
1347,1485,0
1352,1364,0
1353,1354,0
1354,1985,0
1355,1356,0
1358,1359,0
1359,2021,0
1359,2163,0
1360,1360,0
1365,1365,0
1365,2172,0
1367,1368,0
1367,1370,0
1367,1527,0
1367,1692,0
1367,1812,0
1367,1995,0
1369,1369,0
1369,1371,0
1369,1486,0
1371,1371,0
1371,1417,0
1372,1373,0
1374,1620,0
1374,1621,0
1374,2136,0
1374,2668,0
1374,2829,0
1374,2830,0
1376,3063,0
1380,2083,0
1382,1382,0
1382,1478,0
1382,1617,0
1383,1395,0
1383,1955,0
1383,2120,0
1384,2059,0
1384,2325,0
1385,1880,0
1385,2837,0
1386,1387,0
1386,1388,0
1386,2340,0
1392,1392,0
1392,1897,0
1392,2445,0
1394,1394,0
1395,1396,0
1395,2262,0
1395,2430,0
1395,2482,0
1399,1399,0
1399,1400,0
1399,1401,0
1400,2520,0
1401,2520,0
1404,1404,0
1404,1530,0
1404,2139,0
1404,3010,0
1405,1682,0
1407,1408,0
1407,1674,0
1407,1725,0
1407,2862,0
1408,2468,0
1409,1410,0
1413,1414,0
1413,1866,0
1413,2190,0
1413,2787,0
1415,1534,0
1415,1862,0
1415,1906,0
1415,2766,0
1415,2798,0
1416,1416,0
1419,1756,0
1420,1420,0
1421,1421,0
1421,1422,0
1421,2655,0
1422,1422,0
1424,2013,0
1426,1426,0
1427,1949,0
1428,1429,0
1430,2566,0
1430,2604,0
1434,1434,0
1434,1847,0
1434,1891,0
1434,2522,0
1438,1904,0
1439,1439,0
1439,1823,0
1439,2022,0
1440,2231,0
1441,2230,0
1443,1443,0
1445,1445,0
1445,1575,0
1446,1446,0
1446,1908,0
1448,1448,0
1448,1449,0
1450,1485,0
1451,1452,0
1453,1453,0
1455,2330,0
1456,1457,0
1458,1458,0
1459,1460,0
1459,3124,0
1461,1461,0
1462,1580,0
1463,1464,0
1469,2540,0
1473,1473,0
1475,1476,0
1475,2199,0
1475,2689,0
1478,2132,0
1478,2395,0
1484,1926,0
1484,2388,0
1484,3003,0
1485,1938,0
1485,2591,0
1491,1492,0
1491,1559,0
1491,2430,0
1492,2838,0
1494,1576,0
1495,1495,0
1497,1525,0
1497,2465,0
1498,1897,0
1499,1890,0
1499,2198,0
1499,2215,0
1499,2799,0
1501,1501,0
1502,1503,0
1504,1911,0
1504,2259,0
1506,1507,0
1506,2242,0
1508,1509,0
1510,1511,0
1516,1517,0
1519,1763,0
1519,2481,0
1523,1523,0
1524,2294,0
1524,2793,0
1527,1528,0
1529,2203,0
1530,1530,0
1530,2079,0
1531,1532,0
1532,2060,0
1533,1533,0
1534,1535,0
1534,2243,0
1534,2598,0
1536,1537,0
1536,1682,0
1537,1537,0
1537,1895,0
1537,2435,0
1537,2492,0
1537,2825,0
1539,1539,0
1540,2442,0
1541,2004,0
1541,2027,0
1541,2369,0
1542,1543,0
1543,2408,0
1546,1546,0
1546,1547,0
1546,1697,0
1546,2390,0
1546,2976,0
1551,1551,0
1551,1627,0
1552,1553,0
1552,1561,0
1552,2099,0
1552,2213,0
1552,2342,0
1552,2481,0
1552,2853,0
1554,1554,0
1555,1555,0
1557,1557,0
1562,1563,0
1564,1564,0
1569,1993,0
1570,2373,0
1571,1572,0
1571,1607,0
1571,1674,0
1572,1674,0
1572,2570,0
1572,2907,0
1574,1575,0
1575,1575,0
1576,2885,0
1578,1602,0
1578,1603,0
1578,2780,0
1580,1580,0
1580,1581,0
1580,2599,0
1580,2700,0
1580,2781,0
1581,2553,0
1582,1583,0
1582,1630,0
1583,1857,0
1585,1586,0
1587,1644,0
1591,1639,0
1592,1592,0
1592,1890,0
1595,1665,0
1599,1600,0
1599,2726,0
1602,1603,0
1603,1603,0
1605,2220,0
1606,1606,0
1606,1607,0
1607,2167,0
1610,1811,0
1612,1643,0
1614,2750,0
1615,2087,0
1616,1616,0
1616,1737,0
1616,1739,0
1616,2120,0
1618,1619,0
1619,1625,0
1619,2420,0
1620,1621,0
1621,2668,0
1622,2657,0
1625,2513,0
1627,1732,0
1630,2703,0
1630,2974,0
1633,1633,0
1641,1641,0
1641,1815,0
1641,2385,0
1641,2723,0
1642,1642,0
1643,1943,0
1643,2257,0
1643,2540,0
1644,1644,0
1644,1994,0
1645,2496,0
1646,2279,0
1649,2153,0
1649,2185,0
1649,2186,0
1649,2287,0
1649,3075,0
1652,1652,0
1653,2148,0
1655,2300,0
1658,1658,0
1658,1659,0
1658,1660,0
1663,3034,0
1664,1664,0
1666,1666,0
1667,1667,0
1667,2119,0
1670,2608,0
1671,1672,0
1673,1989,0
1675,1676,0
1676,1787,0
1676,2966,0
1677,1900,0
1678,1678,0
1678,2271,0
1679,1680,0
1682,1682,0
1684,1808,0
1685,2638,0
1689,1689,0
1690,1690,0
1691,1691,0
1691,1707,0
1691,1708,0
1691,2460,0
1692,1692,0
1693,1694,0
1693,1695,0
1693,2015,0
1694,2017,0
1696,1697,0
1696,2390,0
1697,1697,0
1697,2684,0
1697,2755,0
1699,1699,0
1699,2111,0
1701,1702,0
1702,2324,0
1705,1706,0
1710,1829,0
1712,1712,0
1714,1841,0
1722,1722,0
1723,1723,0
1725,2263,0
1725,2862,0
1727,1728,0
1733,1733,0
1735,1735,0
1735,2642,0
1736,2724,0
1737,1911,0
1738,2102,0
1739,2803,0
1742,1742,0
1743,1744,0
1745,1745,0
1747,1748,0
1750,2156,0
1752,2253,0
1753,1753,0
1753,2138,0
1753,2850,0
1753,3059,0
1756,1847,0
1756,2522,0
1758,1759,0
1759,1869,0
1759,2001,0
1763,2428,0
1763,2541,0
1764,1883,0
1765,1766,0
1766,2256,0
1769,1769,0
1769,1770,0
1769,1981,0
1769,2496,0
1771,2126,0
1772,2247,0
1772,2722,0
1779,1780,0
1779,2706,0
1783,1783,0
1785,1786,0
1785,2448,0
1786,1786,0
1787,1903,0
1787,2057,0
1788,1789,0
1790,1791,0
1790,1793,0
1790,2753,0
1792,1792,0
1795,1795,0
1795,1801,0
1795,1987,0
1795,2024,0
1796,1797,0
1798,1799,0
1799,1799,0
1799,1962,0
1802,1803,0
1803,2836,0
1804,3084,0
1807,2499,0
1807,2841,0
1811,1811,0
1812,1812,0
1812,1922,0
1812,2032,0
1812,2044,0
1813,2099,0
1814,2595,0
1816,1816,0
1818,1818,0
1819,1820,0
1819,1823,0
1820,1823,0
1821,1822,0
1824,1824,0
1824,1825,0
1829,1829,0
1830,1830,0
1834,2159,0
1834,2194,0
1836,1837,0
1840,1841,0
1840,2417,0
1841,1841,0
1841,2418,0
1844,1844,0
1844,3040,0
1845,1846,0
1847,1847,0
1847,1848,0
1850,1850,0
1851,2664,0
1851,2733,0
1853,2387,0
1855,1855,0
1857,1857,0
1857,1884,0
1857,2826,0
1865,1865,0
1866,1866,0
1867,1868,0
1868,1937,0
1869,1870,0
1874,1874,0
1875,1875,0
1875,2120,0
1876,1877,0
1877,1877,0
1880,1931,0
1885,1886,0
1885,2016,0
1885,2569,0
1885,2874,0
1888,2083,0
1889,1889,0
1890,3001,0
1891,2424,0
1892,1893,0
1892,2002,0
1894,1894,0
1895,1896,0
1895,2215,0
1898,1899,0
1900,1901,0
1905,1905,0
1905,2200,0
1909,2724,0
1910,2413,0
1911,3083,0
1913,1913,0
1914,1915,0
1914,2394,0
1916,1916,0
1917,1917,0
1919,1920,0
1925,2435,0
1925,2825,0
1926,1926,0
1928,1928,0
1931,1931,0
1931,2107,0
1933,1934,0
1933,3005,0
1934,2437,0
1934,2734,0
1946,1947,0
1948,2325,0
1953,1953,0
1953,2544,0
1956,1957,0
1961,1961,0
1963,1963,0
1963,1964,0
1966,2731,0
1968,1968,0
1971,1972,0
1971,2641,0
1973,1973,0
1975,1996,0
1975,2352,0
1976,1976,0
1979,1979,0
1979,2962,0
1981,2416,0
1982,2226,0
1984,1984,0
1986,1986,0
1986,2082,0
1993,2652,0
1994,1995,0
1996,1996,0
1998,1999,0
2005,2006,0
2012,2012,0
2015,2015,0
2015,2017,0
2015,2546,0
2016,2062,0
2020,2075,0
2023,2023,0
2024,2304,0
2025,2026,0
2028,2029,0
2028,2030,0
2028,2031,0
2028,2042,0
2030,2031,0
2030,2042,0
2031,2042,0
2033,2033,0
2036,2036,0
2039,2040,0
2040,2708,0
2041,2041,0
2042,2312,0
2042,2838,0
2043,2043,0
2046,2046,0
2047,2047,0
2051,2837,0
2051,2846,0
2054,2054,0
2055,2055,0
2058,2058,0
2063,2064,0
2063,2194,0
2063,3132,0
2064,3032,0
2065,2066,0
2067,2068,0
2069,2257,0
2070,2472,0
2072,2335,0
2072,2729,0
2073,2074,0
2077,2077,0
2077,2078,0
2079,2291,0
2082,2316,0
2083,2083,0
2083,2778,0
2086,2215,0
2093,2093,0
2093,2345,0
2094,2094,0
2096,3064,0
2098,2098,0
2099,2434,0
2100,2100,0
2102,2102,0
2102,3045,0
2103,2103,0
2107,2107,0
2108,2109,0
2109,2720,0
2113,2113,0
2117,2479,0
2118,2302,0
2121,2121,0
2123,2124,0
2124,2124,0
2128,2980,0
2130,2131,0
2131,2131,0
2131,2596,0
2132,2254,0
2136,2136,0
2136,2668,0
2139,2369,0
2139,2790,0
2140,2665,0
2141,2142,0
2144,2145,0
2151,2152,0
2151,2480,0
2152,3092,0
2153,2154,0
2158,2159,0
2165,2165,0
2165,2589,0
2165,2832,0
2166,2166,0
2169,2170,0
2173,2173,0
2176,2177,0
2180,2180,0
2180,2181,0
2182,2183,0
2184,2184,0
2191,3028,0
2192,2193,0
2193,3112,0
2195,2195,0
2196,2941,0
2198,2198,0
2202,2731,0
2204,2205,0
2208,2208,0
2210,2211,0
2215,2215,0
2220,2220,0
2223,2223,0
2224,2674,0
2224,2876,0
2230,2247,0
2230,2711,0
2231,2231,0
2232,2233,0
2234,2235,0
2235,2235,0
2236,2236,0
2236,2237,0
2237,2237,0
2239,2240,0
2244,3053,0
2245,2337,0
2253,2783,0
2254,2695,0
2259,2272,0
2259,2654,0
2264,2643,0
2267,2381,0
2270,2270,0
2272,2654,0
2278,2278,0
2283,2283,0
2285,2286,0
2285,2441,0
2288,2288,0
2288,2491,0
2290,2857,0
2291,2763,0
2295,2659,0
2298,2393,0
2298,2654,0
2299,2299,0
2300,2300,0
2302,2302,0
2302,2386,0
2302,2774,0
2302,2788,0
2305,2305,0
2306,2307,0
2306,2501,0
2319,2319,0
2323,2323,0
2324,2324,0
2325,2325,0
2328,2329,0
2329,2631,0
2330,2860,0
2334,2334,0
2335,2335,0
2337,2338,0
2345,3119,0
2346,2347,0
2347,2502,0
2357,2672,0
2361,2361,0
2361,2362,0
2362,2362,0
2363,2364,0
2366,2840,0
2368,2887,0
2370,2371,0
2377,2377,0
2378,2378,0
2380,2380,0
2382,2383,0
2385,2385,0
2386,2386,0
2387,2511,0
2389,2389,0
2390,2976,0
2392,2392,0
2402,2402,0
2402,2413,0
2403,2566,0
2406,2406,0
2411,2412,0
2412,2953,0
2416,2416,0
2416,2496,0
2424,2425,0
2426,2426,0
2426,2549,0
2427,2703,0
2427,3009,0
2431,2432,0
2433,2433,0
2435,2435,0
2438,2438,0
2443,2444,0
2454,2455,0
2457,2457,0
2460,2531,0
2461,2461,0
2470,2471,0
2474,2474,0
2476,2476,0
2479,2479,0
2483,2484,0
2486,2486,0
2487,2487,0
2487,3020,0
2491,2491,0
2496,2662,0
2497,2498,0
2498,2530,0
2499,2499,0
2499,2682,0
2501,2501,0
2505,2506,0
2506,2506,0
2507,2508,0
2507,2854,0
2510,2510,0
2513,2514,0
2515,2516,0
2516,3043,0
2520,2520,0
2521,2811,0
2527,2527,0
2535,2535,0
2536,2691,0
2537,2537,0
2540,2819,0
2547,2548,0
2558,2738,0
2558,2998,0
2560,2560,0
2561,2562,0
2562,2780,0
2563,2564,0
2565,2956,0
2569,3104,0
2572,2572,0
2576,3126,0
2578,2578,0
2580,2580,0
2580,2631,0
2581,2581,0
2589,2788,0
2590,2590,0
2590,2591,0
2602,2603,0
2613,2614,0
2618,2618,0
2620,2620,0
2627,2627,0
2631,2881,0
2635,2635,0
2636,2636,0
2641,2641,0
2642,2642,0
2642,3107,0
2645,2645,0
2654,2654,0
2654,2802,0
2655,2655,0
2656,2657,0
2657,3118,0
2660,2661,0
2664,2733,0
2670,2671,0
2672,2870,0
2672,3036,0
2678,2678,0
2687,2688,0
2688,2688,0
2688,3074,0
2694,2694,0
2708,2859,0
2713,2713,0
2715,2715,0
2717,2718,0
2725,2725,0
2729,2730,0
2732,2732,0
2736,2736,0
2739,2739,0
2742,2743,0
2745,2745,0
2751,2752,0
2757,2758,0
2757,2759,0
2761,2761,0
2764,2764,0
2765,2765,0
2765,2880,0
2777,2778,0
2778,2778,0
2785,2786,0
2794,2810,0
2805,2805,0
2814,2814,0
2815,3031,0
2825,2826,0
2825,2900,0
2839,2839,0
2847,2847,0
2855,3062,0
2875,2875,0
2877,2878,0
2879,2879,0
2882,2882,0
2884,2884,0
2901,2902,0
2905,2906,0
2913,2914,0
2915,2916,0
2929,3020,0
2936,2937,0
2944,2945,0
2946,2947,0
2948,2948,0
2951,3088,0
2953,2953,0
2958,2958,0
2962,2962,0
2967,2968,0
2967,2973,0
2970,2970,0
2975,2975,0
2978,2979,0
2980,3072,0
2983,2983,0
2988,2988,0
2988,2989,0
2991,2991,0
2993,2993,0
3007,3007,0
3012,3013,0
3021,3021,0
3023,3023,0
3025,3025,0
3026,3026,0
3040,3040,0
3057,3057,0
3071,3071,0
3076,3076,0
3078,3078,0
3096,3096,0
3105,3105,0
3108,3108,0
3114,3114,0
3130,3131,0
