1,180,0
1,2,0
2,114,0
2,137,0
3,107,0
3,121,0
3,149,0
3,164,0
3,165,0
3,174,0
3,183,0
3,195,0
3,22,0
3,4,0
3,46,0
3,57,0
3,69,0
5,112,0
5,122,0
5,123,0
5,23,0
5,45,0
5,6,0
5,66,0
5,67,0
5,68,0
5,69,0
7,21,0
7,8,0
8,114,0
8,19,0
8,71,0
9,10,0
9,11,0
9,116,0
9,117,0
9,188,0
11,115,0
11,14,0
12,13,0
13,61,0
13,65,0
13,72,0
13,74,0
14,101,0
14,106,0
14,141,0
14,15,0
14,16,0
14,17,0
14,18,0
14,190,0
14,20,0
14,21,0
14,43,0
14,45,0
14,53,0
14,57,0
14,62,0
14,77,0
14,84,0
14,88,0
14,89,0
14,99,0
15,19,0
16,19,0
16,37,0
18,19,0
18,37,0
18,71,0
19,101,0
19,106,0
19,20,0
19,21,0
19,45,0
19,84,0
20,187,0
20,37,0
20,44,0
20,60,0
20,61,0
20,86,0
21,37,0
21,44,0
23,179,0
23,32,0
23,65,0
24,144,0
24,189,0
24,25,0
26,108,0
26,109,0
26,131,0
26,198,0
26,199,0
26,201,0
26,202,0
26,27,0
26,38,0
26,39,0
26,58,0
26,59,0
26,99,0
27,137,0
28,28,0
28,29,0
30,130,0
30,160,0
30,182,0
30,31,0
30,36,0
32,110,0
32,111,0
32,112,0
32,134,0
32,135,0
32,136,0
32,167,0
32,168,0
32,169,0
32,172,0
32,33,0
34,104,0
34,105,0
34,127,0
34,128,0
34,140,0
34,146,0
34,159,0
34,204,0
34,35,0
34,48,0
34,79,0
34,80,0
37,100,0
37,106,0
37,143,0
37,45,0
37,50,0
38,85,0
39,85,0
40,147,0
40,148,0
40,41,0
40,42,0
43,44,0
44,190,0
44,200,0
44,45,0
44,84,0
44,99,0
45,51,0
47,106,0
47,127,0
47,150,0
47,153,0
47,159,0
47,163,0
47,184,0
47,48,0
47,49,0
51,166,0
51,194,0
51,52,0
54,55,0
54,76,0
56,113,0
56,56,0
60,196,0
61,111,0
61,129,0
61,175,0
61,177,0
61,203,0
61,62,0
61,74,0
63,178,0
63,64,0
65,176,0
65,189,0
65,70,0
65,78,0
71,146,0
71,184,0
72,73,0
72,75,0
81,139,0
81,142,0
81,82,0
81,83,0
81,92,0
82,120,0
84,102,0
86,196,0
86,87,0
90,91,0
93,94,0
95,96,0
97,98,0
102,103,0
114,118,0
114,119,0
114,129,0
114,141,0
114,144,0
114,174,0
114,193,0
115,116,0
115,117,0
116,192,0
117,192,0
124,125,0
124,126,0
124,147,0
124,148,0
132,133,0
132,207,0
132,208,0
132,209,0
134,179,0
136,179,0
137,138,0
137,212,0
143,197,0
144,145,0
144,148,0
144,162,0
144,181,0
144,191,0
146,158,0
147,161,0
148,161,0
151,152,0
154,155,0
156,157,0
158,159,0
158,184,0
160,173,0
161,162,0
170,171,0
185,186,0
187,196,0
205,206,0
210,211,0
