1,2,0
1,3,0
1,4,0
1,5,0
1,6,0
1,7,0
1,8,0
1,9,0
1,10,0
1,11,0
1,12,0
1,13,0
1,14,0
1,15,0
1,16,0
1,17,0
1,18,0
1,19,0
1,20,0
1,21,0
1,22,0
1,23,0
1,24,0
1,25,0
1,26,0
1,27,0
1,28,0
1,29,0
1,30,0
1,31,0
1,32,0
1,33,0
1,34,0
1,35,0
1,36,0
1,37,0
1,38,0
1,39,0
1,40,0
1,41,0
1,42,0
1,43,0
1,44,0
1,45,0
1,46,0
1,47,0
1,48,0
1,49,0
1,50,0
1,51,0
1,52,0
1,53,0
1,54,0
1,55,0
1,56,0
1,57,0
1,58,0
1,59,0
1,60,0
1,61,0
1,62,0
1,63,0
1,64,0
65,66,0
65,67,0
65,68,0
65,69,0
65,70,0
65,71,0
65,72,0
66,67,0
66,73,0
74,66,0
74,67,0
74,68,0
74,69,0
74,70,0
74,71,0
74,72,0
74,73,0
67,67,0
67,73,0
75,66,0
75,67,0
75,68,0
75,69,0
75,70,0
75,71,0
75,72,0
75,73,0
68,67,0
68,73,0
76,66,0
76,67,0
76,68,0
76,69,0
76,70,0
76,71,0
76,72,0
76,73,0
69,67,0
69,73,0
70,66,0
70,67,0
70,68,0
70,69,0
70,70,0
70,73,0
77,66,0
77,67,0
77,68,0
77,69,0
77,70,0
2,66,0
2,68,0
2,69,0
2,70,0
2,77,0
78,65,0
78,74,0
78,75,0
78,68,0
78,76,0
78,69,0
78,77,0
78,71,0
78,72,0
78,79,0
78,80,0
78,81,0
78,82,0
78,83,0
78,84,0
78,85,0
71,65,0
71,74,0
71,75,0
71,76,0
71,69,0
71,77,0
71,71,0
71,72,0
71,80,0
71,81,0
71,82,0
71,84,0
71,85,0
72,65,0
72,66,0
72,74,0
72,75,0
72,76,0
72,69,0
72,77,0
72,71,0
72,72,0
72,80,0
72,81,0
72,82,0
72,84,0
72,85,0
79,65,0
79,66,0
79,74,0
79,75,0
79,76,0
79,69,0
79,77,0
79,71,0
79,72,0
79,79,0
79,80,0
79,81,0
79,82,0
79,84,0
79,85,0
80,65,0
80,66,0
80,74,0
80,75,0
80,68,0
80,76,0
80,69,0
80,70,0
80,77,0
80,80,0
80,81,0
80,82,0
80,85,0
86,65,0
86,66,0
86,74,0
86,75,0
86,76,0
86,69,0
86,77,0
86,71,0
86,72,0
86,79,0
86,80,0
86,81,0
86,82,0
86,83,0
86,84,0
86,87,0
86,88,0
89,65,0
89,74,0
89,75,0
89,76,0
89,69,0
89,77,0
89,71,0
89,72,0
89,79,0
89,80,0
89,81,0
89,82,0
89,83,0
89,84,0
89,87,0
89,88,0
90,65,0
90,66,0
90,74,0
90,75,0
90,68,0
90,76,0
90,69,0
90,70,0
90,77,0
90,71,0
90,72,0
90,79,0
90,80,0
90,81,0
90,82,0
90,84,0
90,87,0
90,88,0
90,85,0
91,65,0
91,66,0
91,74,0
91,75,0
91,68,0
91,76,0
91,69,0
91,70,0
91,77,0
91,71,0
91,72,0
91,79,0
91,80,0
91,81,0
91,82,0
91,84,0
91,87,0
91,88,0
91,85,0
92,65,0
92,66,0
92,74,0
92,75,0
92,68,0
92,76,0
92,69,0
92,70,0
92,77,0
92,71,0
92,72,0
92,79,0
92,80,0
92,81,0
92,82,0
92,84,0
92,87,0
92,88,0
92,85,0
93,65,0
93,66,0
93,74,0
93,75,0
93,68,0
93,76,0
93,69,0
93,70,0
93,77,0
93,79,0
93,87,0
93,88,0
81,65,0
81,66,0
81,74,0
81,75,0
81,76,0
81,69,0
81,70,0
81,77,0
81,80,0
81,87,0
81,88,0
82,65,0
82,74,0
82,75,0
82,68,0
82,76,0
82,69,0
82,70,0
82,77,0
82,80,0
82,87,0
82,88,0
94,65,0
94,74,0
94,75,0
94,76,0
94,69,0
94,70,0
94,77,0
95,65,0
95,74,0
95,75,0
95,76,0
95,69,0
95,70,0
95,77,0
96,65,0
96,74,0
96,75,0
96,76,0
96,69,0
96,70,0
96,77,0
97,65,0
97,74,0
97,75,0
97,76,0
97,69,0
97,70,0
97,77,0
98,65,0
98,74,0
98,75,0
98,76,0
98,69,0
98,70,0
98,77,0
98,83,0
99,65,0
99,74,0
99,75,0
99,76,0
99,69,0
99,70,0
99,77,0
99,83,0
100,65,0
100,74,0
100,75,0
100,76,0
100,69,0
100,70,0
100,77,0
100,83,0
101,65,0
101,74,0
101,75,0
101,76,0
101,69,0
101,70,0
101,77,0
101,83,0
102,65,0
102,74,0
102,75,0
102,76,0
102,69,0
102,70,0
102,77,0
102,71,0
102,72,0
102,79,0
102,80,0
102,81,0
102,82,0
102,84,0
103,65,0
103,74,0
103,75,0
103,76,0
103,69,0
103,70,0
103,77,0
103,71,0
103,72,0
103,79,0
103,80,0
103,81,0
103,82,0
103,84,0
104,65,0
104,74,0
104,75,0
104,76,0
104,69,0
104,70,0
104,77,0
104,71,0
104,72,0
104,79,0
104,80,0
104,81,0
104,82,0
104,83,0
104,84,0
83,65,0
83,74,0
83,75,0
83,76,0
83,69,0
83,70,0
83,77,0
83,71,0
83,72,0
83,79,0
83,80,0
83,81,0
83,82,0
83,83,0
83,84,0
105,65,0
105,74,0
105,75,0
105,76,0
105,69,0
105,70,0
105,77,0
105,71,0
105,72,0
105,79,0
105,80,0
105,81,0
105,82,0
105,83,0
105,84,0
106,65,0
106,74,0
106,75,0
106,76,0
106,69,0
106,70,0
106,77,0
106,71,0
106,72,0
106,79,0
106,80,0
106,81,0
106,82,0
106,83,0
106,84,0
107,65,0
107,74,0
107,75,0
107,76,0
107,69,0
107,70,0
107,77,0
107,71,0
107,72,0
107,79,0
107,80,0
107,81,0
107,82,0
107,83,0
107,84,0
108,65,0
108,74,0
108,75,0
108,76,0
108,69,0
108,70,0
108,77,0
108,71,0
108,72,0
108,79,0
108,80,0
108,81,0
108,82,0
108,84,0
84,65,0
84,74,0
84,75,0
84,76,0
84,69,0
84,70,0
84,77,0
84,71,0
84,72,0
84,79,0
84,80,0
84,81,0
84,82,0
84,84,0
109,65,0
109,76,0
109,69,0
109,70,0
109,77,0
109,71,0
109,72,0
109,79,0
109,80,0
109,81,0
109,82,0
109,84,0
109,110,0
109,111,0
109,112,0
109,113,0
109,114,0
109,115,0
109,116,0
109,117,0
109,118,0
109,119,0
109,120,0
109,121,0
109,122,0
109,123,0
109,124,0
109,125,0
109,126,0
109,127,0
109,128,0
109,129,0
109,130,0
109,131,0
132,65,0
132,76,0
132,69,0
132,70,0
132,77,0
132,71,0
132,72,0
132,79,0
132,80,0
132,81,0
132,82,0
132,84,0
132,110,0
132,111,0
132,112,0
132,113,0
132,114,0
132,115,0
132,116,0
132,117,0
132,118,0
132,119,0
132,120,0
132,121,0
132,122,0
132,123,0
132,124,0
132,125,0
132,126,0
132,127,0
132,128,0
132,129,0
132,130,0
132,131,0
133,65,0
133,76,0
133,70,0
133,77,0
133,71,0
133,72,0
133,79,0
133,80,0
133,81,0
133,82,0
133,84,0
133,110,0
133,111,0
133,112,0
133,113,0
133,114,0
133,115,0
133,116,0
133,117,0
133,118,0
133,119,0
133,120,0
133,121,0
133,122,0
133,123,0
133,124,0
133,125,0
133,126,0
133,127,0
133,128,0
133,129,0
133,130,0
133,131,0
134,65,0
134,76,0
134,70,0
134,77,0
134,71,0
134,72,0
134,79,0
134,80,0
134,81,0
134,82,0
134,84,0
134,110,0
134,111,0
134,112,0
134,113,0
134,114,0
134,115,0
134,116,0
134,117,0
134,118,0
134,119,0
134,120,0
134,121,0
134,122,0
134,123,0
134,124,0
134,125,0
134,126,0
134,127,0
134,128,0
134,129,0
134,130,0
134,131,0
135,65,0
135,76,0
135,70,0
135,77,0
135,71,0
135,72,0
135,79,0
135,80,0
135,81,0
135,82,0
135,84,0
135,110,0
135,111,0
135,112,0
135,113,0
135,114,0
135,115,0
135,116,0
135,117,0
135,118,0
135,119,0
135,120,0
135,121,0
135,122,0
135,123,0
135,124,0
135,125,0
135,126,0
135,127,0
135,128,0
135,129,0
135,130,0
135,131,0
136,65,0
136,76,0
136,70,0
136,77,0
136,71,0
136,72,0
136,79,0
136,80,0
136,81,0
136,82,0
136,84,0
136,110,0
136,111,0
136,112,0
136,113,0
136,114,0
136,115,0
136,116,0
136,117,0
136,118,0
136,119,0
136,120,0
136,121,0
136,122,0
136,123,0
136,124,0
136,125,0
136,126,0
136,127,0
136,128,0
136,129,0
136,130,0
136,131,0
137,65,0
137,74,0
137,76,0
137,70,0
137,77,0
137,71,0
137,72,0
137,79,0
137,80,0
137,81,0
137,82,0
137,84,0
137,110,0
137,111,0
137,112,0
137,113,0
137,114,0
137,115,0
137,116,0
137,117,0
137,118,0
137,119,0
137,120,0
137,121,0
137,138,0
137,139,0
137,122,0
137,123,0
137,124,0
137,125,0
137,126,0
137,127,0
137,128,0
137,129,0
137,130,0
137,131,0
140,65,0
140,74,0
140,76,0
140,70,0
140,77,0
140,71,0
140,72,0
140,79,0
140,80,0
140,81,0
140,82,0
140,84,0
140,110,0
140,111,0
140,112,0
140,113,0
140,115,0
140,116,0
140,117,0
140,118,0
140,119,0
140,120,0
140,121,0
140,122,0
140,123,0
140,124,0
140,125,0
140,126,0
140,127,0
140,128,0
140,129,0
140,130,0
140,131,0
141,65,0
141,66,0
141,76,0
141,69,0
141,70,0
141,77,0
141,71,0
141,72,0
141,79,0
141,80,0
141,81,0
141,82,0
141,84,0
141,115,0
141,116,0
141,117,0
141,118,0
141,119,0
141,120,0
141,129,0
141,130,0
141,131,0
142,65,0
142,66,0
142,68,0
142,76,0
142,69,0
142,70,0
142,77,0
142,71,0
142,72,0
142,79,0
142,80,0
142,81,0
142,82,0
142,84,0
142,115,0
142,116,0
142,117,0
142,118,0
142,119,0
142,120,0
142,129,0
142,130,0
142,131,0
143,65,0
143,76,0
143,69,0
143,70,0
143,77,0
143,71,0
143,72,0
143,79,0
143,80,0
143,81,0
143,82,0
143,84,0
143,115,0
143,116,0
143,117,0
143,118,0
143,119,0
143,120,0
143,138,0
143,139,0
143,129,0
143,130,0
143,131,0
144,65,0
144,76,0
144,69,0
144,70,0
144,77,0
144,71,0
144,72,0
144,79,0
144,80,0
144,81,0
144,82,0
144,84,0
144,115,0
144,116,0
144,117,0
144,118,0
144,119,0
144,120,0
144,138,0
144,139,0
144,129,0
144,130,0
144,131,0
110,65,0
110,76,0
110,69,0
110,70,0
110,77,0
110,71,0
110,72,0
110,79,0
110,80,0
110,81,0
110,82,0
110,84,0
110,117,0
110,118,0
110,119,0
110,120,0
110,129,0
110,130,0
110,131,0
111,65,0
111,76,0
111,70,0
111,77,0
111,71,0
111,72,0
111,79,0
111,80,0
111,81,0
111,82,0
111,84,0
111,117,0
111,118,0
111,119,0
111,120,0
111,138,0
111,139,0
111,129,0
111,130,0
111,131,0
112,65,0
112,76,0
112,69,0
112,70,0
112,77,0
112,71,0
112,72,0
112,79,0
112,80,0
112,81,0
112,82,0
112,84,0
112,117,0
112,118,0
112,119,0
112,120,0
112,138,0
112,139,0
112,129,0
112,130,0
112,131,0
113,65,0
113,76,0
113,70,0
113,77,0
113,71,0
113,72,0
113,79,0
113,80,0
113,81,0
113,82,0
113,84,0
113,117,0
113,118,0
113,119,0
113,120,0
113,129,0
113,130,0
113,131,0
145,65,0
145,76,0
145,70,0
145,77,0
145,117,0
145,118,0
145,119,0
145,120,0
145,129,0
145,130,0
145,131,0
145,146,0
147,65,0
147,76,0
147,70,0
147,77,0
147,146,0
87,74,0
87,67,0
87,68,0
87,87,0
3,66,0
3,148,0
149,65,0
149,66,0
149,74,0
149,75,0
149,69,0
149,70,0
149,148,0
150,65,0
150,66,0
150,74,0
150,75,0
150,68,0
150,69,0
150,70,0
150,117,0
150,118,0
150,119,0
150,148,0
114,65,0
114,74,0
114,67,0
114,75,0
114,68,0
114,69,0
114,70,0
114,148,0
115,65,0
115,74,0
115,67,0
115,75,0
115,69,0
115,70,0
115,148,0
151,66,0
151,74,0
151,68,0
151,70,0
151,148,0
116,66,0
116,74,0
116,67,0
116,68,0
116,70,0
116,148,0
152,66,0
152,74,0
152,67,0
152,68,0
152,70,0
152,148,0
153,65,0
153,74,0
153,67,0
153,75,0
153,68,0
153,76,0
153,70,0
153,148,0
154,65,0
154,66,0
154,74,0
154,67,0
154,75,0
154,68,0
154,76,0
154,69,0
154,70,0
154,148,0
117,66,0
117,67,0
117,68,0
117,148,0
118,66,0
118,67,0
118,68,0
118,148,0
119,66,0
119,67,0
119,68,0
119,148,0
120,66,0
120,74,0
120,67,0
120,75,0
120,68,0
120,76,0
120,70,0
120,148,0
155,65,0
155,68,0
155,76,0
155,70,0
155,148,0
148,65,0
148,74,0
148,75,0
148,68,0
148,69,0
148,70,0
148,148,0
88,65,0
88,74,0
88,75,0
88,68,0
88,69,0
88,70,0
88,148,0
85,65,0
85,66,0
85,74,0
85,67,0
85,75,0
85,68,0
85,69,0
85,70,0
85,148,0
85,85,0
156,65,0
156,66,0
156,74,0
156,67,0
156,75,0
156,68,0
156,69,0
156,70,0
156,148,0
4,65,0
4,74,0
4,75,0
4,68,0
4,69,0
4,70,0
4,148,0
4,157,0
121,65,0
121,66,0
121,74,0
121,67,0
121,75,0
121,68,0
121,69,0
121,70,0
121,152,0
121,153,0
121,117,0
121,118,0
121,119,0
121,148,0
121,156,0
121,122,0
121,123,0
121,124,0
121,125,0
121,126,0
121,127,0
121,128,0
121,129,0
121,130,0
121,131,0
158,65,0
158,66,0
158,74,0
158,67,0
158,75,0
158,68,0
158,69,0
158,70,0
158,148,0
158,123,0
158,127,0
158,128,0
158,129,0
158,157,0
138,65,0
138,66,0
138,74,0
138,75,0
138,68,0
138,69,0
138,70,0
138,152,0
138,153,0
138,117,0
138,118,0
138,119,0
138,120,0
138,148,0
138,156,0
138,157,0
139,65,0
139,66,0
139,74,0
139,75,0
139,68,0
139,69,0
139,70,0
139,152,0
139,153,0
139,117,0
139,118,0
139,119,0
139,120,0
139,148,0
139,156,0
139,157,0
122,65,0
122,66,0
122,74,0
122,75,0
122,68,0
122,69,0
122,70,0
122,152,0
122,153,0
122,117,0
122,118,0
122,119,0
122,120,0
122,148,0
122,156,0
122,122,0
122,123,0
122,124,0
122,125,0
122,126,0
122,127,0
122,128,0
122,157,0
123,65,0
123,66,0
123,74,0
123,75,0
123,68,0
123,76,0
123,69,0
123,70,0
123,152,0
123,153,0
123,117,0
123,118,0
123,119,0
123,120,0
123,148,0
123,156,0
123,122,0
123,123,0
123,124,0
123,125,0
123,126,0
123,127,0
123,128,0
123,157,0
124,65,0
124,66,0
124,74,0
124,75,0
124,68,0
124,76,0
124,69,0
124,70,0
124,152,0
124,153,0
124,117,0
124,118,0
124,119,0
124,120,0
124,148,0
124,156,0
124,122,0
124,123,0
124,124,0
124,125,0
124,126,0
124,127,0
124,128,0
124,157,0
125,65,0
125,66,0
125,74,0
125,75,0
125,68,0
125,76,0
125,69,0
125,70,0
125,152,0
125,153,0
125,117,0
125,118,0
125,119,0
125,120,0
125,148,0
125,156,0
125,122,0
125,123,0
125,124,0
125,125,0
125,126,0
125,127,0
125,128,0
125,157,0
126,65,0
126,66,0
126,74,0
126,75,0
126,68,0
126,76,0
126,69,0
126,70,0
126,152,0
126,153,0
126,117,0
126,118,0
126,119,0
126,120,0
126,148,0
126,156,0
126,122,0
126,123,0
126,124,0
126,125,0
126,126,0
126,127,0
126,128,0
126,157,0
127,65,0
127,66,0
127,74,0
127,75,0
127,68,0
127,76,0
127,69,0
127,70,0
127,152,0
127,153,0
127,117,0
127,118,0
127,119,0
127,120,0
127,148,0
127,156,0
127,122,0
127,123,0
127,124,0
127,125,0
127,126,0
127,127,0
127,128,0
127,157,0
128,65,0
128,66,0
128,74,0
128,75,0
128,68,0
128,76,0
128,69,0
128,70,0
128,152,0
128,153,0
128,117,0
128,118,0
128,119,0
128,120,0
128,148,0
128,156,0
128,122,0
128,123,0
128,124,0
128,125,0
128,126,0
128,127,0
128,128,0
128,157,0
159,65,0
159,66,0
159,74,0
159,75,0
159,68,0
159,76,0
159,69,0
159,70,0
159,152,0
159,153,0
159,117,0
159,118,0
159,119,0
159,120,0
159,148,0
159,156,0
159,122,0
159,123,0
159,124,0
159,125,0
159,126,0
159,127,0
159,128,0
159,157,0
160,65,0
160,66,0
160,74,0
160,75,0
160,68,0
160,76,0
160,69,0
160,70,0
160,152,0
160,153,0
160,117,0
160,118,0
160,119,0
160,120,0
160,148,0
160,156,0
160,122,0
160,123,0
160,124,0
160,125,0
160,126,0
160,127,0
160,128,0
160,157,0
161,65,0
161,66,0
161,74,0
161,75,0
161,68,0
161,76,0
161,69,0
161,70,0
161,152,0
161,153,0
161,117,0
161,118,0
161,119,0
161,120,0
161,148,0
161,156,0
161,122,0
161,123,0
161,124,0
161,125,0
161,126,0
161,127,0
161,128,0
161,157,0
162,65,0
162,66,0
162,74,0
162,75,0
162,68,0
162,76,0
162,69,0
162,70,0
162,152,0
162,153,0
162,117,0
162,118,0
162,119,0
162,120,0
162,148,0
162,156,0
162,122,0
162,123,0
162,124,0
162,125,0
162,126,0
162,127,0
162,128,0
162,157,0
163,65,0
163,66,0
163,74,0
163,75,0
163,68,0
163,76,0
163,69,0
163,70,0
163,152,0
163,153,0
163,117,0
163,118,0
163,119,0
163,120,0
163,148,0
163,156,0
163,122,0
163,123,0
163,124,0
163,125,0
163,126,0
163,127,0
163,128,0
163,157,0
164,65,0
164,66,0
164,74,0
164,75,0
164,68,0
164,76,0
164,69,0
164,70,0
164,152,0
164,153,0
164,117,0
164,118,0
164,119,0
164,120,0
164,148,0
164,156,0
164,122,0
164,123,0
164,124,0
164,125,0
164,126,0
164,127,0
164,128,0
164,157,0
165,65,0
165,76,0
165,70,0
165,152,0
165,153,0
165,117,0
165,118,0
165,119,0
165,120,0
165,148,0
165,156,0
165,121,0
165,138,0
165,139,0
165,122,0
165,123,0
165,124,0
165,125,0
165,126,0
165,127,0
165,128,0
165,129,0
165,130,0
165,131,0
165,157,0
166,66,0
166,74,0
166,75,0
166,68,0
166,76,0
166,70,0
166,148,0
166,122,0
166,123,0
166,124,0
166,125,0
166,126,0
166,127,0
166,128,0
167,65,0
167,66,0
167,74,0
167,75,0
167,68,0
167,76,0
167,70,0
167,152,0
167,153,0
167,117,0
167,118,0
167,119,0
167,120,0
167,148,0
167,156,0
167,122,0
167,123,0
167,124,0
167,125,0
167,126,0
167,127,0
167,128,0
167,157,0
129,65,0
129,66,0
129,74,0
129,75,0
129,68,0
129,76,0
129,70,0
129,152,0
129,153,0
129,117,0
129,118,0
129,119,0
129,120,0
129,148,0
129,156,0
129,122,0
129,123,0
129,124,0
129,125,0
129,126,0
129,127,0
129,128,0
129,157,0
168,65,0
168,66,0
168,74,0
168,75,0
168,68,0
168,76,0
168,70,0
168,152,0
168,153,0
168,117,0
168,118,0
168,119,0
168,120,0
168,148,0
168,156,0
168,122,0
168,123,0
168,124,0
168,125,0
168,126,0
168,127,0
168,128,0
168,157,0
169,65,0
169,66,0
169,74,0
169,75,0
169,68,0
169,76,0
169,70,0
169,152,0
169,153,0
169,117,0
169,118,0
169,119,0
169,120,0
169,148,0
169,156,0
169,122,0
169,123,0
169,124,0
169,125,0
169,126,0
169,127,0
169,128,0
169,157,0
170,65,0
170,66,0
170,74,0
170,75,0
170,68,0
170,76,0
170,70,0
170,152,0
170,153,0
170,117,0
170,118,0
170,119,0
170,120,0
170,148,0
170,156,0
170,122,0
170,123,0
170,124,0
170,125,0
170,126,0
170,127,0
170,128,0
170,157,0
130,65,0
130,66,0
130,74,0
130,75,0
130,68,0
130,76,0
130,70,0
130,152,0
130,153,0
130,117,0
130,118,0
130,119,0
130,120,0
130,148,0
130,156,0
130,122,0
130,123,0
130,124,0
130,125,0
130,126,0
130,127,0
130,128,0
130,157,0
171,65,0
171,66,0
171,74,0
171,75,0
171,68,0
171,76,0
171,70,0
171,152,0
171,153,0
171,117,0
171,118,0
171,119,0
171,120,0
171,148,0
171,156,0
171,122,0
171,123,0
171,124,0
171,125,0
171,126,0
171,127,0
171,128,0
171,157,0
131,65,0
131,66,0
131,74,0
131,75,0
131,68,0
131,76,0
131,70,0
131,152,0
131,153,0
131,117,0
131,118,0
131,119,0
131,120,0
131,148,0
131,156,0
131,122,0
131,123,0
131,124,0
131,125,0
131,126,0
131,127,0
131,128,0
131,157,0
172,65,0
172,66,0
172,74,0
172,75,0
172,68,0
172,76,0
172,70,0
172,152,0
172,153,0
172,117,0
172,118,0
172,119,0
172,120,0
172,148,0
172,156,0
172,122,0
172,123,0
172,124,0
172,125,0
172,126,0
172,127,0
172,128,0
172,157,0
173,65,0
173,66,0
173,74,0
173,75,0
173,68,0
173,76,0
173,70,0
173,152,0
173,153,0
173,117,0
173,118,0
173,119,0
173,120,0
173,148,0
173,156,0
173,122,0
173,123,0
173,124,0
173,125,0
173,126,0
173,127,0
173,128,0
173,157,0
174,65,0
174,66,0
174,74,0
174,75,0
174,68,0
174,76,0
174,70,0
174,148,0
174,122,0
174,123,0
174,124,0
174,125,0
174,126,0
174,127,0
174,128,0
175,65,0
175,66,0
175,74,0
175,75,0
175,68,0
175,76,0
175,70,0
175,152,0
175,153,0
175,117,0
175,118,0
175,119,0
175,120,0
175,148,0
175,156,0
175,122,0
175,123,0
175,124,0
175,125,0
175,126,0
175,127,0
175,128,0
175,157,0
176,65,0
176,66,0
176,74,0
176,75,0
176,68,0
176,69,0
176,70,0
176,73,0
177,65,0
177,66,0
177,74,0
177,75,0
177,68,0
177,69,0
177,70,0
178,65,0
178,74,0
178,75,0
178,76,0
178,70,0
178,116,0
178,152,0
178,153,0
178,117,0
178,118,0
178,119,0
178,120,0
178,156,0
178,121,0
178,158,0
178,122,0
178,123,0
178,124,0
178,125,0
178,126,0
178,127,0
178,128,0
178,129,0
178,73,0
73,66,0
73,74,0
73,67,0
73,75,0
73,68,0
73,69,0
73,70,0
146,66,0
146,74,0
146,70,0
179,65,0
179,66,0
179,74,0
179,75,0
179,68,0
179,69,0
179,70,0
179,117,0
179,118,0
179,119,0
179,120,0
180,155,0
180,175,0
181,155,0
181,175,0
182,155,0
182,175,0
157,66,0
157,68,0
5,144,0
5,149,0
5,179,0
6,144,0
6,149,0
6,179,0
7,144,0
7,149,0
7,179,0
8,144,0
8,149,0
8,179,0
9,144,0
9,149,0
9,179,0
10,144,0
10,149,0
10,179,0
11,144,0
11,149,0
11,179,0
12,144,0
12,149,0
12,179,0
13,144,0
13,149,0
13,179,0
14,144,0
14,149,0
14,179,0
15,144,0
15,149,0
15,179,0
16,144,0
16,149,0
16,179,0
17,144,0
17,149,0
17,179,0
18,144,0
18,149,0
18,179,0
19,144,0
19,149,0
19,179,0
20,144,0
20,149,0
20,179,0
21,144,0
21,149,0
21,179,0
22,144,0
22,149,0
22,179,0
23,144,0
23,149,0
23,179,0
24,144,0
24,149,0
24,179,0
25,144,0
25,149,0
25,179,0
26,144,0
26,149,0
26,179,0
27,144,0
27,149,0
27,179,0
28,144,0
28,149,0
28,179,0
29,144,0
29,149,0
29,179,0
30,78,0
30,79,0
30,80,0
30,86,0
30,89,0
30,90,0
30,91,0
30,92,0
30,93,0
30,94,0
30,95,0
30,96,0
30,97,0
30,98,0
30,99,0
30,100,0
30,101,0
30,102,0
30,103,0
30,104,0
30,83,0
30,105,0
30,106,0
30,107,0
30,108,0
30,84,0
31,78,0
31,79,0
31,80,0
32,78,0
32,79,0
32,80,0
32,86,0
32,89,0
32,90,0
32,91,0
32,92,0
32,93,0
32,94,0
32,95,0
32,96,0
32,97,0
32,98,0
32,99,0
32,100,0
32,101,0
32,102,0
32,103,0
32,104,0
32,83,0
32,105,0
32,106,0
32,107,0
32,108,0
32,84,0
33,78,0
33,79,0
33,80,0
34,78,0
34,79,0
34,80,0
34,86,0
34,89,0
34,90,0
34,91,0
34,92,0
34,93,0
34,94,0
34,95,0
34,96,0
34,97,0
34,98,0
34,99,0
34,100,0
34,101,0
34,102,0
34,103,0
34,104,0
34,83,0
34,105,0
34,106,0
34,107,0
34,108,0
34,84,0
35,78,0
35,79,0
35,80,0
36,78,0
36,79,0
36,80,0
36,86,0
36,89,0
36,90,0
36,91,0
36,92,0
36,93,0
36,94,0
36,95,0
36,96,0
36,97,0
36,98,0
36,99,0
36,100,0
36,101,0
36,102,0
36,103,0
36,104,0
36,83,0
36,105,0
36,106,0
36,107,0
36,108,0
36,84,0
37,78,0
37,79,0
37,80,0
37,86,0
37,89,0
37,90,0
37,91,0
37,92,0
37,93,0
37,94,0
37,95,0
37,96,0
37,97,0
37,98,0
37,99,0
37,100,0
37,101,0
37,102,0
37,103,0
37,104,0
37,83,0
37,105,0
37,106,0
37,107,0
37,108,0
37,84,0
38,86,0
39,78,0
39,79,0
39,80,0
39,90,0
39,91,0
39,92,0
39,93,0
40,78,0
40,79,0
40,80,0
40,90,0
40,91,0
40,92,0
40,93,0
41,78,0
41,79,0
41,80,0
41,86,0
41,89,0
41,90,0
41,91,0
41,92,0
41,93,0
41,94,0
41,95,0
41,96,0
41,97,0
41,98,0
41,99,0
41,100,0
41,101,0
41,102,0
41,103,0
41,104,0
41,83,0
41,105,0
41,106,0
41,107,0
41,108,0
41,84,0
42,78,0
42,79,0
42,80,0
42,86,0
42,89,0
42,90,0
42,91,0
42,92,0
42,93,0
42,94,0
42,95,0
42,96,0
42,97,0
42,98,0
42,99,0
42,100,0
42,101,0
42,102,0
42,103,0
42,104,0
42,83,0
42,105,0
42,106,0
42,107,0
42,108,0
42,84,0
43,78,0
43,79,0
43,80,0
43,86,0
43,89,0
43,90,0
43,91,0
43,92,0
43,93,0
43,94,0
43,95,0
43,96,0
43,97,0
43,98,0
43,99,0
43,100,0
43,101,0
43,102,0
43,103,0
43,104,0
43,83,0
43,105,0
43,106,0
43,107,0
43,108,0
43,84,0
44,78,0
44,79,0
44,80,0
44,90,0
44,91,0
44,92,0
44,93,0
45,78,0
45,79,0
45,80,0
45,90,0
45,91,0
45,92,0
45,93,0
46,78,0
46,79,0
46,80,0
46,86,0
46,89,0
46,90,0
46,91,0
46,92,0
46,93,0
46,94,0
46,95,0
46,96,0
46,97,0
46,98,0
46,99,0
46,100,0
46,101,0
46,102,0
46,103,0
46,104,0
46,83,0
46,105,0
46,106,0
46,107,0
46,108,0
46,84,0
47,78,0
47,79,0
47,80,0
47,90,0
47,91,0
47,92,0
47,93,0
48,78,0
48,79,0
48,80,0
48,90,0
48,91,0
48,92,0
48,93,0
49,78,0
49,79,0
49,80,0
49,86,0
49,89,0
49,90,0
49,91,0
49,92,0
49,93,0
49,94,0
49,95,0
49,96,0
49,97,0
49,98,0
49,99,0
49,100,0
49,101,0
49,102,0
49,103,0
49,104,0
49,83,0
49,105,0
49,106,0
49,107,0
49,108,0
49,84,0
50,78,0
50,79,0
50,80,0
50,86,0
50,89,0
50,90,0
50,91,0
50,92,0
50,93,0
50,94,0
50,95,0
50,96,0
50,97,0
50,98,0
50,99,0
50,100,0
50,101,0
50,102,0
50,103,0
50,104,0
50,83,0
50,105,0
50,106,0
50,107,0
50,108,0
50,84,0
51,78,0
51,79,0
51,80,0
51,90,0
51,91,0
51,92,0
51,93,0
52,78,0
52,79,0
52,80,0
52,86,0
52,89,0
52,90,0
52,91,0
52,92,0
52,93,0
52,94,0
52,95,0
52,96,0
52,97,0
52,98,0
52,99,0
52,100,0
52,101,0
52,102,0
52,103,0
52,104,0
52,83,0
52,105,0
52,106,0
52,107,0
52,108,0
52,84,0
53,78,0
53,79,0
53,80,0
53,86,0
53,89,0
53,90,0
53,91,0
53,92,0
53,93,0
53,94,0
53,95,0
53,96,0
53,97,0
53,98,0
53,99,0
53,100,0
53,101,0
53,102,0
53,103,0
53,104,0
53,83,0
53,105,0
53,106,0
53,107,0
53,108,0
53,84,0
54,78,0
54,79,0
54,80,0
54,90,0
54,91,0
54,92,0
54,93,0
55,78,0
55,79,0
55,80,0
55,90,0
55,91,0
55,92,0
55,93,0
56,78,0
56,79,0
56,80,0
56,86,0
56,89,0
56,90,0
56,91,0
56,92,0
56,93,0
56,94,0
56,95,0
56,96,0
56,97,0
56,98,0
56,99,0
56,100,0
56,101,0
56,102,0
56,103,0
56,104,0
56,83,0
56,105,0
56,106,0
56,107,0
56,108,0
56,84,0
57,78,0
57,79,0
57,80,0
57,86,0
57,89,0
57,90,0
57,91,0
57,92,0
57,93,0
57,94,0
57,95,0
57,96,0
57,97,0
57,98,0
57,99,0
57,100,0
57,101,0
57,102,0
57,103,0
57,104,0
57,83,0
57,105,0
57,106,0
57,107,0
57,108,0
57,84,0
58,78,0
58,79,0
58,80,0
58,86,0
58,89,0
58,90,0
58,91,0
58,92,0
58,93,0
59,78,0
59,79,0
59,80,0
60,78,0
60,79,0
60,80,0
60,86,0
60,89,0
60,90,0
60,91,0
60,92,0
60,93,0
61,78,0
61,79,0
61,80,0
61,109,0
61,132,0
61,133,0
61,134,0
61,135,0
61,136,0
61,137,0
61,140,0
61,142,0
61,143,0
61,144,0
62,78,0
62,79,0
62,80,0
63,78,0
63,79,0
63,80,0
63,90,0
63,91,0
63,92,0
63,93,0
63,109,0
63,132,0
63,133,0
63,134,0
63,135,0
63,136,0
63,137,0
63,140,0
63,142,0
63,143,0
63,144,0
64,109,0
64,132,0
64,133,0
64,134,0
64,135,0
64,136,0
64,137,0
64,140,0
64,141,0
64,142,0
64,143,0
64,144,0
64,145,0
64,147,0
64,149,0
64,150,0
64,151,0
64,154,0
64,158,0
64,159,0
64,160,0
64,161,0
64,162,0
64,163,0
64,164,0
64,165,0
64,166,0
64,167,0
64,168,0
64,169,0
64,170,0
64,130,0
64,171,0
64,131,0
64,172,0
64,173,0
64,174,0
64,183,0
64,176,0
64,177,0
64,178,0
64,180,0
64,181,0
64,182,0
