1,2,0
1,3,0
1,4,0
2,428,0
2,435,0
2,436,0
2,437,0
2,438,0
3,432,0
3,458,0
3,459,0
3,460,0
4,478,0
4,523,0
5,6,0
5,7,0
5,8,0
5,9,0
6,3644,0
6,3680,0
7,3397,0
8,3397,0
9,3751,0
9,3830,0
10,11,0
11,3454,0
11,3535,0
12,13,0
13,4935,0
13,4936,0
14,15,0
15,115,0
15,119,0
15,125,0
15,171,0
15,173,0
15,174,0
15,175,0
16,17,0
16,18,0
17,32,0
17,33,0
17,34,0
17,35,0
18,47,0
19,20,0
20,21,0
20,22,0
22,23,0
22,24,0
22,25,0
22,26,0
22,27,0
23,28,0
24,131,0
24,132,0
25,106,0
26,28,0
26,67,0
26,131,0
26,198,0
26,205,0
26,226,0
27,31,0
28,61,0
29,30,0
29,31,0
30,59,0
30,60,0
30,99,0
30,177,0
30,178,0
30,179,0
31,67,0
33,36,0
33,37,0
33,38,0
33,39,0
35,96,0
35,167,0
38,44,0
38,68,0
39,117,0
40,41,0
40,42,0
41,43,0
41,44,0
42,190,0
43,45,0
45,163,0
45,245,0
45,255,0
46,47,0
46,48,0
47,111,0
48,65,0
49,50,0
50,110,0
50,127,0
51,52,0
52,55,0
52,153,0
52,168,0
52,530,0
52,540,0
53,54,0
53,55,0
54,116,0
55,127,0
55,168,0
55,218,0
55,4523,0
56,57,0
56,58,0
57,93,0
57,95,0
57,128,0
58,222,0
59,60,0
59,61,0
59,62,0
60,61,0
61,71,0
61,226,0
63,64,0
63,65,0
64,231,0
66,67,0
67,94,0
67,126,0
67,154,0
67,166,0
67,184,0
67,185,0
69,70,0
69,71,0
70,71,0
70,107,0
70,177,0
70,210,0
71,84,0
71,189,0
71,196,0
71,226,0
72,73,0
72,74,0
73,130,0
74,77,0
74,193,0
75,76,0
75,77,0
76,130,0
77,177,0
77,235,0
78,79,0
79,80,0
79,81,0
80,82,0
80,83,0
80,84,0
80,85,0
81,91,0
82,86,0
82,87,0
82,88,0
82,89,0
82,90,0
83,134,0
83,137,0
83,139,0
83,142,0
83,143,0
83,144,0
84,85,0
89,101,0
89,102,0
89,103,0
89,105,0
90,130,0
90,192,0
90,236,0
91,92,0
92,227,0
93,94,0
93,95,0
93,96,0
93,97,0
94,98,0
96,263,0
97,211,0
98,228,0
99,100,0
100,160,0
100,237,0
100,239,0
103,104,0
104,163,0
104,194,0
104,248,0
104,249,0
104,250,0
104,251,0
105,159,0
105,179,0
106,107,0
106,108,0
107,188,0
108,196,0
109,110,0
110,127,0
110,169,0
110,602,0
110,611,0
110,4510,0
111,191,0
111,211,0
112,113,0
112,114,0
112,115,0
113,183,0
113,200,0
113,201,0
114,121,0
114,124,0
114,183,0
116,150,0
117,118,0
118,161,0
119,120,0
120,174,0
121,122,0
121,123,0
121,124,0
121,125,0
122,125,0
123,125,0
125,250,0
125,255,0
126,127,0
127,165,0
127,219,0
127,2567,0
128,129,0
129,130,0
130,192,0
130,212,0
130,234,0
133,134,0
134,135,0
134,136,0
134,140,0
134,141,0
138,139,0
139,145,0
140,1048,0
140,1115,0
141,1147,0
141,4896,0
141,4901,0
141,4916,0
142,194,0
142,1079,0
142,1096,0
142,1142,0
142,1143,0
142,1144,0
142,1145,0
142,1146,0
142,1147,0
143,1041,0
143,1062,0
143,1079,0
143,1148,0
144,2451,0
145,197,0
145,198,0
145,199,0
146,147,0
146,148,0
147,155,0
147,157,0
148,223,0
148,264,0
149,150,0
149,151,0
149,152,0
150,153,0
151,152,0
151,202,0
152,259,0
153,176,0
155,156,0
155,157,0
155,158,0
156,159,0
156,160,0
158,242,0
159,240,0
159,241,0
160,228,0
161,162,0
162,163,0
163,164,0
164,251,0
164,1095,0
165,166,0
167,262,0
167,265,0
169,170,0
170,227,0
171,172,0
174,244,0
175,201,0
176,260,0
176,535,0
176,547,0
179,180,0
180,198,0
180,202,0
180,213,0
180,214,0
180,215,0
180,216,0
180,217,0
181,182,0
181,183,0
182,200,0
184,186,0
185,221,0
186,187,0
187,602,0
188,256,0
188,257,0
188,258,0
190,191,0
190,192,0
191,231,0
192,211,0
192,222,0
192,232,0
192,233,0
193,220,0
194,195,0
195,1045,0
195,1117,0
197,198,0
197,206,0
197,207,0
197,208,0
198,247,0
199,208,0
199,651,0
199,964,0
199,4257,0
200,236,0
202,203,0
203,549,0
203,3892,0
204,205,0
208,571,0
208,611,0
209,210,0
211,212,0
217,542,0
217,4245,0
220,221,0
221,268,0
223,224,0
223,225,0
224,243,0
225,240,0
225,266,0
226,227,0
226,228,0
226,229,0
227,230,0
229,4897,0
230,267,0
232,235,0
237,238,0
241,242,0
241,243,0
242,252,0
242,253,0
244,245,0
244,246,0
245,247,0
251,1061,0
251,1100,0
251,1105,0
252,261,0
253,266,0
254,255,0
259,260,0
261,262,0
269,270,0
269,271,0
269,272,0
270,310,0
270,311,0
270,315,0
270,316,0
270,317,0
271,377,0
271,399,0
273,274,0
273,275,0
273,276,0
274,277,0
274,278,0
274,279,0
275,410,0
276,393,0
276,421,0
277,279,0
277,322,0
277,323,0
277,330,0
277,388,0
277,396,0
278,405,0
278,406,0
279,315,0
279,377,0
280,281,0
280,282,0
281,283,0
281,284,0
281,285,0
281,286,0
281,287,0
282,334,0
282,363,0
282,411,0
283,287,0
283,306,0
283,319,0
283,322,0
283,369,0
283,372,0
283,373,0
286,373,0
288,289,0
288,290,0
289,290,0
289,365,0
289,386,0
290,393,0
290,398,0
290,410,0
291,292,0
291,293,0
292,298,0
292,367,0
292,412,0
293,354,0
293,423,0
294,295,0
295,296,0
295,301,0
296,297,0
296,298,0
296,299,0
296,300,0
297,309,0
297,325,0
297,326,0
297,327,0
297,328,0
298,323,0
298,367,0
298,381,0
298,386,0
299,300,0
300,367,0
300,424,0
301,321,0
301,407,0
302,303,0
303,304,0
304,305,0
304,306,0
304,307,0
304,308,0
304,309,0
305,306,0
305,307,0
305,308,0
305,309,0
305,368,0
306,308,0
306,330,0
306,390,0
307,308,0
308,368,0
308,369,0
308,370,0
308,371,0
309,328,0
310,311,0
310,312,0
310,313,0
310,314,0
312,314,0
312,316,0
312,401,0
313,314,0
315,318,0
318,4466,0
319,320,0
319,321,0
320,322,0
320,323,0
322,330,0
322,374,0
323,329,0
323,354,0
324,325,0
326,327,0
326,331,0
329,330,0
329,331,0
331,341,0
331,342,0
332,333,0
332,334,0
332,335,0
332,336,0
332,337,0
333,338,0
333,339,0
333,340,0
335,336,0
335,350,0
335,418,0
338,341,0
338,342,0
339,350,0
340,346,0
340,347,0
340,411,0
343,344,0
343,345,0
344,401,0
344,402,0
345,4440,0
345,4485,0
346,347,0
348,349,0
349,384,0
349,385,0
349,391,0
351,352,0
352,353,0
352,354,0
353,415,0
354,356,0
354,380,0
355,356,0
356,357,0
356,358,0
356,360,0
356,361,0
356,362,0
358,359,0
362,380,0
362,403,0
363,364,0
365,366,0
366,396,0
366,397,0
368,369,0
368,370,0
368,371,0
369,370,0
369,371,0
370,371,0
370,373,0
371,387,0
374,1268,0
374,1422,0
375,376,0
376,377,0
376,378,0
377,413,0
378,4494,0
378,4495,0
378,4499,0
378,4505,0
379,380,0
382,383,0
383,384,0
384,385,0
385,408,0
385,415,0
388,389,0
392,393,0
392,394,0
392,395,0
393,410,0
393,419,0
393,420,0
395,4504,0
396,398,0
397,404,0
399,400,0
400,1161,0
400,1167,0
400,1259,0
400,1355,0
400,1357,0
402,4443,0
402,4444,0
407,422,0
408,409,0
411,416,0
411,417,0
413,414,0
421,4500,0
425,426,0
425,427,0
425,428,0
425,429,0
425,430,0
425,431,0
426,432,0
426,433,0
426,434,0
427,437,0
427,508,0
429,430,0
429,508,0
430,489,0
431,485,0
432,434,0
432,454,0
432,455,0
433,434,0
433,452,0
433,465,0
433,504,0
433,505,0
438,2457,0
439,440,0
440,449,0
440,492,0
440,496,0
440,509,0
441,442,0
441,443,0
442,478,0
443,467,0
443,892,0
443,2294,0
443,2393,0
443,2399,0
443,2406,0
443,2424,0
443,2434,0
443,2436,0
443,2437,0
444,445,0
445,446,0
445,447,0
445,448,0
445,449,0
446,450,0
446,451,0
446,452,0
446,453,0
447,456,0
447,457,0
448,475,0
450,453,0
450,468,0
450,469,0
450,470,0
450,471,0
450,472,0
451,474,0
452,486,0
452,502,0
453,510,0
454,461,0
454,462,0
454,463,0
454,464,0
454,465,0
454,466,0
454,467,0
455,2315,0
455,2316,0
455,2317,0
455,2328,0
455,2329,0
456,509,0
456,518,0
457,474,0
457,476,0
458,479,0
458,498,0
459,903,0
459,2294,0
460,2326,0
460,2439,0
460,2495,0
465,467,0
465,498,0
466,2299,0
466,2309,0
466,2341,0
467,2434,0
470,480,0
470,481,0
471,513,0
471,514,0
471,515,0
472,499,0
472,516,0
473,474,0
474,475,0
474,476,0
475,510,0
475,511,0
475,512,0
477,478,0
478,479,0
479,521,0
481,1517,0
481,1548,0
482,483,0
482,484,0
483,516,0
484,1599,0
485,486,0
485,487,0
485,488,0
485,489,0
485,490,0
485,491,0
488,507,0
489,507,0
490,496,0
490,503,0
491,495,0
491,503,0
492,493,0
492,494,0
492,495,0
492,496,0
494,502,0
497,498,0
499,500,0
499,501,0
500,1448,0
500,1808,0
502,503,0
504,506,0
505,4094,0
506,1368,0
509,517,0
512,516,0
512,526,0
514,525,0
515,1604,0
515,1663,0
519,520,0
520,521,0
520,522,0
522,524,0
523,524,0
527,528,0
527,529,0
528,537,0
528,541,0
528,542,0
529,542,0
529,4247,0
530,531,0
531,4246,0
532,533,0
533,534,0
533,535,0
534,537,0
534,540,0
535,540,0
535,544,0
535,548,0
536,537,0
536,538,0
536,539,0
538,540,0
538,551,0
539,544,0
541,552,0
542,4242,0
542,4243,0
542,4244,0
543,544,0
543,545,0
543,546,0
543,547,0
544,545,0
544,550,0
544,551,0
546,550,0
548,549,0
549,695,0
553,554,0
553,555,0
554,1490,0
555,1434,0
555,1479,0
555,1480,0
556,557,0
556,558,0
556,559,0
556,560,0
556,561,0
556,562,0
556,563,0
556,564,0
556,565,0
556,566,0
556,567,0
557,2514,0
557,2515,0
558,564,0
558,565,0
558,566,0
558,2762,0
558,2797,0
558,2800,0
558,2818,0
558,2819,0
558,2820,0
558,2821,0
558,2822,0
558,2823,0
559,563,0
559,2633,0
559,2634,0
559,2685,0
559,2824,0
560,2514,0
560,2684,0
560,2807,0
560,2809,0
560,2835,0
560,2836,0
560,2837,0
560,2838,0
561,3060,0
561,3061,0
562,3041,0
562,3042,0
562,3182,0
562,3189,0
562,3190,0
563,3214,0
564,3211,0
565,3212,0
566,3213,0
567,3293,0
568,569,0
569,570,0
569,571,0
569,572,0
570,580,0
571,624,0
571,637,0
571,651,0
572,616,0
573,574,0
574,575,0
574,576,0
574,577,0
574,578,0
576,614,0
576,615,0
576,616,0
577,616,0
577,644,0
578,616,0
578,647,0
578,648,0
578,649,0
579,580,0
579,581,0
580,581,0
580,616,0
580,625,0
580,641,0
580,643,0
581,595,0
581,599,0
581,600,0
582,583,0
582,584,0
582,585,0
583,586,0
583,632,0
583,633,0
583,634,0
583,635,0
583,636,0
584,586,0
584,628,0
584,638,0
584,639,0
584,640,0
585,588,0
585,635,0
586,587,0
587,588,0
587,636,0
589,590,0
589,591,0
589,592,0
590,635,0
590,636,0
593,594,0
594,635,0
594,636,0
594,646,0
595,596,0
595,597,0
595,598,0
595,599,0
595,600,0
598,599,0
598,600,0
600,634,0
601,602,0
602,611,0
602,637,0
602,921,0
602,927,0
602,931,0
602,968,0
602,998,0
602,2566,0
602,4257,0
602,4514,0
602,4517,0
602,4519,0
602,4520,0
602,4521,0
602,4522,0
603,604,0
604,606,0
605,606,0
606,607,0
606,608,0
606,610,0
608,609,0
609,2481,0
609,4116,0
610,2328,0
610,2404,0
610,2459,0
611,612,0
611,613,0
612,923,0
612,927,0
613,932,0
614,617,0
615,618,0
616,619,0
616,624,0
616,625,0
617,618,0
617,622,0
618,623,0
619,620,0
619,621,0
621,4290,0
625,650,0
626,627,0
626,628,0
626,629,0
627,630,0
627,631,0
631,640,0
631,644,0
632,637,0
633,637,0
638,642,0
639,642,0
640,645,0
641,642,0
642,643,0
644,645,0
649,4190,0
649,4249,0
649,4276,0
651,964,0
651,2824,0
651,4258,0
651,4318,0
651,4319,0
652,653,0
652,654,0
652,655,0
652,656,0
653,691,0
653,710,0
653,714,0
653,718,0
653,741,0
657,658,0
657,659,0
657,660,0
658,674,0
658,675,0
658,676,0
658,677,0
660,676,0
660,758,0
661,662,0
662,663,0
662,664,0
663,692,0
663,699,0
663,700,0
663,701,0
663,702,0
664,716,0
664,718,0
664,721,0
665,666,0
665,667,0
666,775,0
667,723,0
667,756,0
667,780,0
667,796,0
667,797,0
668,669,0
668,670,0
669,670,0
669,781,0
669,804,0
669,806,0
669,807,0
670,728,0
670,729,0
670,734,0
670,744,0
670,767,0
670,769,0
670,781,0
670,810,0
671,672,0
671,673,0
672,675,0
672,682,0
673,724,0
675,678,0
675,679,0
675,680,0
675,681,0
676,722,0
676,723,0
677,763,0
677,764,0
678,681,0
678,734,0
678,769,0
679,681,0
679,731,0
679,769,0
680,751,0
680,778,0
680,779,0
681,756,0
681,769,0
681,783,0
681,784,0
681,785,0
682,722,0
682,724,0
682,725,0
682,726,0
683,684,0
684,685,0
684,686,0
684,687,0
684,688,0
684,689,0
685,730,0
685,731,0
686,731,0
686,736,0
686,737,0
686,738,0
687,737,0
688,756,0
688,782,0
690,691,0
691,696,0
691,703,0
691,704,0
691,705,0
691,706,0
691,707,0
691,708,0
692,693,0
692,694,0
692,695,0
695,715,0
695,769,0
695,773,0
695,791,0
696,697,0
696,698,0
698,740,0
698,741,0
701,714,0
701,739,0
709,710,0
710,711,0
710,712,0
710,713,0
711,714,0
711,715,0
713,720,0
713,790,0
714,759,0
714,771,0
714,772,0
714,773,0
715,776,0
717,718,0
718,719,0
718,720,0
720,774,0
721,772,0
721,808,0
721,809,0
725,748,0
725,749,0
726,780,0
727,728,0
728,729,0
729,734,0
729,743,0
729,755,0
729,756,0
729,757,0
731,743,0
731,746,0
732,733,0
733,734,0
733,735,0
734,757,0
734,768,0
735,797,0
735,815,0
737,745,0
737,770,0
738,756,0
741,793,0
742,743,0
743,744,0
743,745,0
743,746,0
744,747,0
745,788,0
745,789,0
746,805,0
749,761,0
749,765,0
750,751,0
750,752,0
750,753,0
750,754,0
751,753,0
752,798,0
752,800,0
753,764,0
753,802,0
754,794,0
754,812,0
756,757,0
756,762,0
757,786,0
760,761,0
761,762,0
762,787,0
764,777,0
766,767,0
769,791,0
769,811,0
772,801,0
773,816,0
789,813,0
791,792,0
794,795,0
797,814,0
798,799,0
803,804,0
811,3887,0
811,3907,0
811,3913,0
811,3915,0
811,3916,0
811,3917,0
817,818,0
817,819,0
817,820,0
818,821,0
818,822,0
818,823,0
818,824,0
819,843,0
819,844,0
820,824,0
820,834,0
820,863,0
821,822,0
821,841,0
821,842,0
821,843,0
822,823,0
822,845,0
822,846,0
823,853,0
823,854,0
823,856,0
823,857,0
824,826,0
824,914,0
825,826,0
826,828,0
826,836,0
826,837,0
826,838,0
827,828,0
827,829,0
827,830,0
827,831,0
828,832,0
828,833,0
828,834,0
828,835,0
829,830,0
829,833,0
829,862,0
830,840,0
830,862,0
830,864,0
830,865,0
831,865,0
831,884,0
833,863,0
834,883,0
835,884,0
835,895,0
835,906,0
837,903,0
838,889,0
838,906,0
838,1574,0
839,840,0
840,851,0
840,852,0
840,865,0
840,880,0
840,885,0
840,886,0
844,847,0
845,848,0
846,879,0
846,882,0
847,848,0
848,2410,0
848,2432,0
848,2505,0
849,850,0
849,851,0
849,852,0
850,866,0
850,867,0
851,857,0
851,889,0
852,855,0
852,857,0
852,869,0
852,887,0
852,904,0
852,905,0
854,855,0
855,857,0
856,858,0
856,859,0
856,860,0
856,861,0
858,912,0
859,913,0
860,873,0
861,873,0
862,863,0
865,890,0
866,880,0
866,881,0
867,916,0
868,869,0
870,871,0
871,873,0
871,875,0
871,878,0
871,879,0
872,873,0
873,874,0
875,876,0
875,877,0
876,879,0
881,915,0
882,4788,0
882,4933,0
883,891,0
884,898,0
884,899,0
886,900,0
887,888,0
888,4937,0
888,4939,0
889,901,0
889,902,0
891,892,0
892,2455,0
893,894,0
894,895,0
894,896,0
894,897,0
896,909,0
896,910,0
896,911,0
897,1442,0
899,908,0
902,906,0
902,1258,0
902,1561,0
902,1611,0
902,1612,0
904,907,0
908,909,0
909,911,0
911,1366,0
911,1367,0
912,1574,0
913,1574,0
915,916,0
916,917,0
917,4940,0
918,919,0
918,920,0
919,921,0
919,922,0
920,969,0
920,970,0
921,928,0
921,929,0
922,931,0
922,4511,0
922,4512,0
923,924,0
923,925,0
923,926,0
924,926,0
924,938,0
925,1002,0
927,955,0
927,956,0
927,957,0
928,946,0
929,952,0
930,931,0
932,933,0
932,934,0
932,935,0
932,936,0
932,937,0
932,938,0
932,939,0
932,940,0
932,941,0
932,942,0
932,943,0
932,944,0
932,945,0
933,947,0
933,972,0
933,986,0
933,998,0
936,937,0
936,1006,0
937,954,0
937,1010,0
937,1013,0
946,947,0
946,948,0
946,949,0
946,950,0
946,951,0
947,951,0
947,966,0
947,967,0
947,990,0
947,992,0
947,996,0
947,997,0
948,965,0
950,1002,0
950,1010,0
950,1011,0
951,1003,0
952,953,0
952,954,0
953,954,0
953,1014,0
955,958,0
955,993,0
956,1002,0
956,1007,0
957,1008,0
958,959,0
959,960,0
960,961,0
961,2404,0
962,963,0
963,964,0
964,4330,0
964,4331,0
965,966,0
965,967,0
965,968,0
969,971,0
969,972,0
969,973,0
969,974,0
969,975,0
969,976,0
969,977,0
969,978,0
970,993,0
971,979,0
971,980,0
972,996,0
974,977,0
975,1004,0
976,1001,0
976,1013,0
977,993,0
978,1017,0
978,1018,0
979,981,0
979,982,0
979,983,0
979,984,0
979,985,0
986,987,0
986,988,0
986,989,0
990,991,0
993,994,0
993,995,0
994,1009,0
995,999,0
995,1007,0
995,1008,0
995,1015,0
995,1016,0
996,997,0
996,1003,0
996,1004,0
997,1004,0
997,1005,0
999,1000,0
999,1001,0
1000,1004,0
1000,1015,0
1001,1012,0
1002,1007,0
1003,1012,0
1005,1023,0
1005,1024,0
1006,1009,0
1007,1008,0
1007,1011,0
1007,1014,0
1008,1014,0
1008,1016,0
1009,1014,0
1012,1013,0
1012,1014,0
1017,1019,0
1017,1020,0
1018,1021,0
1018,1022,0
1023,1025,0
1023,1026,0
1024,1027,0
1024,1028,0
1029,1030,0
1029,1031,0
1030,1036,0
1030,1057,0
1032,1033,0
1032,1034,0
1032,1035,0
1033,1035,0
1034,1036,0
1035,1060,0
1035,1101,0
1036,1050,0
1036,1051,0
1037,1038,0
1037,1039,0
1037,1040,0
1037,1041,0
1039,1041,0
1039,1086,0
1040,1080,0
1040,1083,0
1040,1085,0
1040,1120,0
1041,1044,0
1041,1046,0
1041,1049,0
1041,1081,0
1041,1082,0
1041,1136,0
1041,1137,0
1042,1043,0
1042,1044,0
1042,1045,0
1042,1046,0
1043,1047,0
1043,1048,0
1043,1049,0
1044,1088,0
1044,1089,0
1046,1119,0
1047,1089,0
1047,1134,0
1050,1052,0
1050,1053,0
1051,1124,0
1051,1126,0
1052,1063,0
1053,1061,0
1053,1090,0
1054,1055,0
1054,1056,0
1054,1057,0
1054,1058,0
1055,1058,0
1055,1059,0
1055,1060,0
1056,1129,0
1057,1061,0
1057,1076,0
1057,1092,0
1057,1104,0
1057,1107,0
1057,1128,0
1057,1131,0
1057,1132,0
1057,1133,0
1058,1060,0
1058,1130,0
1059,1061,0
1059,1062,0
1061,1103,0
1061,1105,0
1064,1065,0
1064,1066,0
1064,1067,0
1064,1068,0
1064,1069,0
1065,1070,0
1065,1071,0
1065,1072,0
1066,1070,0
1066,1073,0
1066,1074,0
1067,1099,0
1068,1113,0
1068,1114,0
1069,1112,0
1070,1075,0
1070,1076,0
1070,1077,0
1071,1091,0
1072,1104,0
1073,1075,0
1073,1106,0
1074,1112,0
1074,1125,0
1074,1150,0
1075,1104,0
1075,1107,0
1077,1104,0
1078,1079,0
1078,1080,0
1078,1081,0
1078,1082,0
1078,1083,0
1079,1084,0
1079,1085,0
1080,1111,0
1081,1109,0
1081,1140,0
1082,1109,0
1082,1140,0
1083,1151,0
1084,1087,0
1085,1097,0
1086,1094,0
1086,1101,0
1086,1108,0
1089,1117,0
1090,1091,0
1090,1092,0
1091,1092,0
1091,1114,0
1092,1150,0
1093,1094,0
1093,1095,0
1094,1100,0
1094,1101,0
1095,1123,0
1096,1097,0
1096,1098,0
1097,1111,0
1098,1121,0
1099,1104,0
1101,1130,0
1101,1139,0
1102,1103,0
1102,1104,0
1103,1105,0
1104,1129,0
1104,1141,0
1106,1127,0
1109,1110,0
1110,1136,0
1110,1138,0
1110,1148,0
1113,1114,0
1114,1125,0
1115,1116,0
1116,4895,0
1117,1118,0
1120,1121,0
1120,1122,0
1121,1122,0
1122,1151,0
1127,1128,0
1135,1136,0
1135,1137,0
1136,1138,0
1137,1138,0
1137,1140,0
1138,1140,0
1143,1149,0
1149,4906,0
1149,4924,0
1151,1152,0
1153,1154,0
1153,1155,0
1153,1156,0
1153,1157,0
1153,1158,0
1154,1159,0
1155,1159,0
1156,1891,0
1156,1892,0
1157,2010,0
1158,1891,0
1159,1400,0
1159,1766,0
1160,1161,0
1160,1162,0
1160,1163,0
1160,1164,0
1160,1165,0
1161,1168,0
1162,1359,0
1162,1456,0
1163,1626,0
1164,2019,0
1165,2022,0
1166,1167,0
1167,1260,0
1168,1234,0
1168,1240,0
1168,1242,0
1168,1256,0
1168,1257,0
1168,1258,0
1168,1259,0
1168,1260,0
1168,1261,0
1169,1170,0
1169,1171,0
1169,1172,0
1170,1761,0
1171,2166,0
1172,1809,0
1173,1174,0
1173,1175,0
1173,1176,0
1174,1177,0
1175,1177,0
1175,1803,0
1175,1804,0
1176,1341,0
1176,1999,0
1177,1344,0
1177,1345,0
1177,1619,0
1177,1652,0
1177,1805,0
1177,1806,0
1178,1179,0
1178,1180,0
1178,1181,0
1178,1182,0
1178,1183,0
1178,1184,0
1178,1185,0
1179,1186,0
1179,1187,0
1180,1181,0
1181,1220,0
1182,1397,0
1182,1651,0
1182,1672,0
1183,1620,0
1184,1619,0
1185,1935,0
1185,1936,0
1186,1618,0
1186,1623,0
1187,1477,0
1187,1754,0
1187,1765,0
1187,1766,0
1187,1767,0
1187,1768,0
1188,1189,0
1188,1190,0
1188,1191,0
1189,1900,0
1190,2009,0
1191,1677,0
1192,1193,0
1192,1194,0
1192,1195,0
1192,1196,0
1192,1197,0
1192,1198,0
1192,1199,0
1193,1200,0
1193,1201,0
1194,1200,0
1194,1497,0
1194,1508,0
1194,1509,0
1195,1538,0
1195,1539,0
1196,1641,0
1196,1642,0
1196,1643,0
1197,1559,0
1197,1690,0
1198,1374,0
1199,1915,0
1199,1916,0
1199,1917,0
1199,1918,0
1199,1919,0
1199,1920,0
1199,1921,0
1199,1922,0
1200,1379,0
1201,1211,0
1201,1324,0
1201,1364,0
1201,1623,0
1201,1641,0
1201,1689,0
1202,1203,0
1202,1204,0
1202,1205,0
1203,1206,0
1204,1205,0
1204,1257,0
1204,1389,0
1204,1434,0
1204,1451,0
1204,1455,0
1205,1217,0
1205,1517,0
1205,1596,0
1205,1776,0
1205,1868,0
1205,1869,0
1205,1870,0
1206,1207,0
1206,1208,0
1207,1549,0
1208,1451,0
1209,1210,0
1210,1223,0
1210,1231,0
1210,1564,0
1210,1565,0
1210,1566,0
1210,1567,0
1210,1568,0
1210,1569,0
1210,1570,0
1210,1571,0
1210,1572,0
1211,1212,0
1211,1213,0
1211,1214,0
1211,1215,0
1213,1214,0
1213,1324,0
1213,1325,0
1213,1421,0
1213,1596,0
1214,1662,0
1214,1674,0
1214,1675,0
1215,1324,0
1215,1332,0
1215,1364,0
1215,1711,0
1216,1217,0
1216,1218,0
1217,1279,0
1217,1473,0
1217,1584,0
1217,1715,0
1217,1718,0
1217,1719,0
1217,1720,0
1217,1721,0
1217,1722,0
1218,1886,0
1219,1220,0
1219,1221,0
1219,1222,0
1221,1929,0
1222,1375,0
1223,1224,0
1223,1225,0
1223,1226,0
1224,1792,0
1224,1872,0
1225,1938,0
1227,1228,0
1227,1229,0
1227,1230,0
1229,1247,0
1229,1248,0
1229,1265,0
1229,1269,0
1229,1822,0
1231,1232,0
1232,1279,0
1232,1280,0
1232,1281,0
1232,1282,0
1232,1283,0
1232,1284,0
1232,1285,0
1233,1234,0
1233,1235,0
1233,1236,0
1233,1237,0
1233,1238,0
1233,1239,0
1234,1240,0
1234,1241,0
1235,1240,0
1235,1242,0
1235,1243,0
1235,1244,0
1235,1245,0
1236,1255,0
1237,1245,0
1237,1760,0
1237,1761,0
1238,1560,0
1239,1503,0
1239,1531,0
1239,1575,0
1239,1603,0
1239,1853,0
1240,1246,0
1241,1274,0
1241,1277,0
1241,1278,0
1242,1250,0
1242,1251,0
1242,1252,0
1242,1253,0
1242,1254,0
1242,1255,0
1243,1560,0
1244,1563,0
1246,1371,0
1246,1761,0
1247,1248,0
1247,1249,0
1248,1685,0
1248,1686,0
1248,1687,0
1248,1688,0
1249,1303,0
1250,1252,0
1250,1326,0
1251,1257,0
1251,1468,0
1251,1469,0
1251,1470,0
1252,1866,0
1253,2023,0
1254,2049,0
1255,2237,0
1256,1262,0
1257,1261,0
1257,1417,0
1257,1421,0
1257,1471,0
1257,1472,0
1257,1473,0
1257,1474,0
1258,1278,0
1258,1371,0
1258,1602,0
1258,1741,0
1258,1742,0
1259,1809,0
1261,1563,0
1262,1525,0
1262,1574,0
1262,1611,0
1263,1264,0
1263,1265,0
1263,1266,0
1263,1267,0
1264,1268,0
1264,1269,0
1265,1270,0
1265,1271,0
1265,1272,0
1265,1273,0
1266,1267,0
1266,1270,0
1266,2258,0
1268,1491,0
1268,1492,0
1269,1354,0
1269,1685,0
1269,1739,0
1270,1273,0
1270,1492,0
1271,2249,0
1271,2250,0
1272,2258,0
1273,2268,0
1273,2269,0
1274,1275,0
1274,1276,0
1275,1650,0
1276,1775,0
1277,1604,0
1277,1733,0
1278,1773,0
1280,1510,0
1281,1758,0
1282,1715,0
1282,2086,0
1283,1572,0
1283,2120,0
1284,1887,0
1285,2033,0
1286,1287,0
1286,1288,0
1286,1289,0
1286,1290,0
1286,1291,0
1286,1292,0
1287,1293,0
1287,1294,0
1288,1293,0
1288,1432,0
1288,1635,0
1288,1636,0
1288,1637,0
1289,1390,0
1289,1428,0
1289,1430,0
1289,1431,0
1289,1543,0
1289,1544,0
1289,1847,0
1289,1890,0
1290,1842,0
1291,1543,0
1292,1432,0
1293,1638,0
1294,1432,0
1294,1435,0
1294,1480,0
1295,1296,0
1295,1297,0
1295,1298,0
1295,1299,0
1295,1300,0
1296,1301,0
1296,1302,0
1297,1373,0
1297,1573,0
1298,1320,0
1298,1728,0
1299,1595,0
1299,1693,0
1299,1771,0
1299,1807,0
1300,1941,0
1300,1942,0
1301,1310,0
1301,1409,0
1301,1410,0
1302,1500,0
1302,1538,0
1302,1689,0
1302,1819,0
1302,1820,0
1302,1821,0
1303,1304,0
1303,1305,0
1303,1306,0
1303,1307,0
1303,1308,0
1304,1351,0
1304,1829,0
1304,1830,0
1304,1831,0
1304,1832,0
1304,1833,0
1304,1834,0
1304,1835,0
1304,1836,0
1305,2126,0
1306,1465,0
1307,2242,0
1308,2218,0
1309,1310,0
1309,1311,0
1309,1312,0
1309,1313,0
1309,1314,0
1310,1315,0
1310,1316,0
1310,1317,0
1310,1318,0
1310,1319,0
1310,1320,0
1310,1321,0
1310,1322,0
1311,1413,0
1311,1414,0
1313,2029,0
1314,1857,0
1315,1323,0
1315,1324,0
1315,1325,0
1316,1323,0
1316,1394,0
1316,1395,0
1318,1600,0
1319,1693,0
1319,1694,0
1320,1385,0
1320,1704,0
1320,1705,0
1320,1706,0
1320,1707,0
1321,1584,0
1322,1346,0
1324,1365,0
1324,1617,0
1325,1623,0
1325,1704,0
1325,1757,0
1327,1328,0
1327,1329,0
1327,1330,0
1328,1542,0
1328,1543,0
1328,1544,0
1329,1750,0
1329,1845,0
1329,1847,0
1330,1756,0
1330,1765,0
1331,1332,0
1333,1334,0
1333,1335,0
1334,1448,0
1334,1949,0
1335,1950,0
1336,1337,0
1337,1344,0
1337,1345,0
1337,1346,0
1337,1347,0
1338,1339,0
1338,1340,0
1339,2183,0
1340,2209,0
1341,1342,0
1341,1343,0
1342,1893,0
1343,1978,0
1344,1825,0
1345,1826,0
1346,1593,0
1346,1660,0
1346,1757,0
1347,1718,0
1348,1349,0
1348,1350,0
1348,1351,0
1348,1352,0
1348,1353,0
1348,1354,0
1349,1505,0
1349,1506,0
1350,1464,0
1350,1480,0
1350,1731,0
1351,1506,0
1351,1732,0
1351,1739,0
1351,1837,0
1351,1838,0
1352,1639,0
1352,1731,0
1352,1839,0
1353,1956,0
1353,1957,0
1353,1958,0
1353,1959,0
1353,1960,0
1353,1961,0
1355,1356,0
1356,1358,0
1357,4506,0
1357,4507,0
1358,1359,0
1360,1361,0
1361,1362,0
1361,1363,0
1362,1458,0
1362,1462,0
1363,1425,0
1363,1634,0
1364,1365,0
1365,1377,0
1365,1378,0
1365,1594,0
1365,1595,0
1366,1774,0
1367,1773,0
1368,1378,0
1368,1594,0
1369,1370,0
1369,1371,0
1370,1372,0
1372,2188,0
1373,1374,0
1375,1376,0
1376,1862,0
1377,1378,0
1377,1379,0
1377,1380,0
1378,1634,0
1378,1678,0
1379,1587,0
1380,2625,0
1380,2795,0
1381,1382,0
1381,1383,0
1381,1384,0
1382,1392,0
1382,1393,0
1383,1860,0
1384,1992,0
1384,1993,0
1384,1994,0
1385,1386,0
1385,1387,0
1386,1590,0
1386,1591,0
1386,1592,0
1386,1593,0
1387,1591,0
1387,2001,0
1387,2002,0
1388,1389,0
1388,1390,0
1388,1391,0
1389,1455,0
1389,1512,0
1389,1798,0
1389,1799,0
1389,1801,0
1390,1434,0
1390,1483,0
1390,1485,0
1392,1620,0
1392,1705,0
1392,1769,0
1392,1823,0
1392,1824,0
1396,1397,0
1396,1398,0
1396,1399,0
1396,1400,0
1396,1401,0
1396,1402,0
1396,1403,0
1396,1404,0
1398,1399,0
1398,1696,0
1399,1482,0
1399,1737,0
1400,1485,0
1400,1553,0
1400,1628,0
1400,1749,0
1400,1754,0
1400,1755,0
1401,1696,0
1401,1828,0
1402,1434,0
1402,1483,0
1403,2014,0
1404,2012,0
1404,2013,0
1405,1406,0
1406,1407,0
1406,1408,0
1407,1647,0
1407,1851,0
1407,1852,0
1408,1799,0
1409,1813,0
1410,1910,0
1410,1971,0
1410,2015,0
1410,2016,0
1411,1412,0
1412,1562,0
1413,1857,0
1413,1858,0
1413,1859,0
1414,2127,0
1415,1416,0
1416,1417,0
1416,1421,0
1416,1422,0
1416,1423,0
1417,1418,0
1417,1419,0
1417,1420,0
1418,1532,0
1419,1837,0
1420,1838,0
1421,1475,0
1422,1684,0
1422,1729,0
1423,1475,0
1423,1512,0
1424,1425,0
1424,1426,0
1425,1427,0
1426,2065,0
1427,1644,0
1427,1646,0
1428,1429,0
1428,1430,0
1428,1431,0
1428,1432,0
1429,1430,0
1429,1723,0
1430,1432,0
1430,1435,0
1430,1640,0
1430,1723,0
1430,1743,0
1431,1850,0
1432,1635,0
1432,1640,0
1432,1682,0
1433,1434,0
1433,1435,0
1433,1436,0
1434,1436,0
1434,1476,0
1434,1478,0
1434,1479,0
1434,1480,0
1436,1483,0
1436,1484,0
1436,1790,0
1436,1856,0
1437,1438,0
1437,1439,0
1438,1693,0
1439,1599,0
1440,1441,0
1440,1442,0
1440,1443,0
1441,1444,0
1441,1445,0
1441,1446,0
1443,2227,0
1444,1446,0
1444,1457,0
1445,1561,0
1446,1613,0
1447,1448,0
1447,1449,0
1447,1450,0
1448,1564,0
1448,1600,0
1448,1708,0
1448,1711,0
1448,1712,0
1448,1713,0
1448,1714,0
1449,1875,0
1450,1709,0
1450,2149,0
1451,1452,0
1451,1453,0
1451,1454,0
1452,1597,0
1452,1700,0
1452,1701,0
1453,1647,0
1454,1545,0
1456,2035,0
1457,1601,0
1458,1459,0
1458,1460,0
1458,1461,0
1459,1589,0
1460,1489,0
1462,1587,0
1462,1667,0
1462,1670,0
1463,1464,0
1463,1465,0
1463,1466,0
1463,1467,0
1464,1466,0
1464,1635,0
1464,1636,0
1467,1636,0
1468,2128,0
1469,1534,0
1470,2048,0
1472,1719,0
1472,1797,0
1473,1817,0
1474,1755,0
1475,1477,0
1475,1596,0
1476,1477,0
1477,1478,0
1477,1684,0
1477,1790,0
1479,1490,0
1480,1540,0
1480,1639,0
1480,1679,0
1480,1680,0
1480,1681,0
1480,1682,0
1480,1683,0
1481,1482,0
1482,2276,0
1483,1484,0
1483,1485,0
1483,1486,0
1484,1843,0
1484,1844,0
1484,1845,0
1486,1844,0
1486,2046,0
1486,2047,0
1487,1488,0
1487,1489,0
1488,1499,0
1490,1540,0
1490,1680,0
1490,1682,0
1493,1494,0
1493,1495,0
1494,1744,0
1495,1846,0
1496,1497,0
1496,1498,0
1497,1507,0
1498,1668,0
1499,2588,0
1499,2589,0
1499,2590,0
1499,2591,0
1501,1502,0
1501,1503,0
1501,1504,0
1502,1563,0
1504,2019,0
1506,1578,0
1508,1576,0
1509,1555,0
1510,1608,0
1510,1886,0
1510,1887,0
1510,1888,0
1510,1889,0
1511,1512,0
1511,1513,0
1512,1514,0
1513,1597,0
1514,1880,0
1514,1881,0
1515,1516,0
1515,1517,0
1516,1520,0
1516,1604,0
1517,1875,0
1517,1876,0
1518,1519,0
1518,1520,0
1518,1521,0
1519,1522,0
1520,1530,0
1520,1665,0
1520,1666,0
1521,1873,0
1522,2066,0
1523,1524,0
1523,1525,0
1524,1526,0
1525,1527,0
1526,1664,0
1526,1733,0
1527,1604,0
1527,1605,0
1528,1529,0
1528,1530,0
1528,1531,0
1529,1658,0
1530,1734,0
1532,1533,0
1532,1534,0
1532,1535,0
1532,1536,0
1532,1537,0
1533,1746,0
1533,1747,0
1533,1748,0
1537,2090,0
1538,1539,0
1539,2171,0
1540,1541,0
1541,1966,0
1545,1546,0
1546,1547,0
1547,1715,0
1547,1738,0
1549,1717,0
1549,1783,0
1550,1551,0
1550,1552,0
1550,1553,0
1550,1554,0
1551,1598,0
1552,1780,0
1553,1629,0
1554,2061,0
1554,2083,0
1554,2096,0
1554,2097,0
1555,1556,0
1555,1557,0
1555,1558,0
1555,1559,0
1556,1802,0
1557,1930,0
1557,1932,0
1557,2040,0
1557,2098,0
1558,2038,0
1560,1603,0
1562,1575,0
1563,1575,0
1563,1782,0
1566,1615,0
1566,1810,0
1567,1873,0
1568,2045,0
1569,2094,0
1571,1616,0
1573,2052,0
1573,2115,0
1573,2116,0
1576,1577,0
1577,1585,0
1577,1587,0
1577,1588,0
1579,1580,0
1579,1581,0
1579,1582,0
1579,1583,0
1580,1584,0
1581,1716,0
1582,1764,0
1583,1937,0
1585,1586,0
1586,1667,0
1586,1671,0
1587,1588,0
1589,1669,0
1590,1659,0
1590,1660,0
1591,2129,0
1591,2130,0
1592,2131,0
1592,2132,0
1593,1914,0
1594,1772,0
1598,1780,0
1600,1610,0
1601,1602,0
1602,1654,0
1602,1655,0
1602,1657,0
1603,1782,0
1605,1662,0
1605,1673,0
1606,1607,0
1606,1608,0
1606,1609,0
1607,1937,0
1609,1791,0
1610,2155,0
1612,1742,0
1614,1615,0
1618,1619,0
1618,1620,0
1618,1621,0
1618,1622,0
1619,1795,0
1620,1848,0
1620,1849,0
1621,1992,0
1621,2101,0
1621,2107,0
1621,2162,0
1621,2163,0
1622,2277,0
1623,1769,0
1624,1625,0
1625,1626,0
1627,1628,0
1627,1629,0
1627,1630,0
1627,1631,0
1627,1632,0
1627,1633,0
1630,1933,0
1631,1633,0
1631,1964,0
1632,2020,0
1633,2020,0
1633,2207,0
1634,1676,0
1634,1677,0
1635,1639,0
1635,1640,0
1636,1637,0
1637,1840,0
1637,1841,0
1637,1842,0
1638,2282,0
1642,1864,0
1642,1883,0
1642,1884,0
1643,1940,0
1643,2063,0
1643,2104,0
1643,2168,0
1644,1645,0
1645,1972,0
1646,1693,0
1646,1772,0
1647,1648,0
1647,1649,0
1648,1784,0
1648,1885,0
1650,1871,0
1651,1652,0
1651,1653,0
1652,1855,0
1653,1672,0
1653,1997,0
1655,1656,0
1656,2172,0
1657,2188,0
1658,1794,0
1659,2088,0
1660,1914,0
1661,1662,0
1663,1664,0
1663,1665,0
1663,1666,0
1665,1785,0
1667,1668,0
1667,1669,0
1667,1670,0
1667,1671,0
1669,1671,0
1672,1989,0
1672,2071,0
1675,1711,0
1675,1811,0
1676,2174,0
1677,2244,0
1678,2943,0
1678,2944,0
1679,1684,0
1680,1692,0
1681,1801,0
1683,2278,0
1687,1688,0
1687,1822,0
1688,2272,0
1688,2273,0
1690,1691,0
1691,2080,0
1691,2082,0
1692,1967,0
1692,2177,0
1694,1924,0
1695,1696,0
1697,1698,0
1697,1699,0
1698,1784,0
1698,1817,0
1699,1797,0
1700,1701,0
1700,1702,0
1700,1703,0
1701,1796,0
1702,1799,0
1702,1800,0
1703,1800,0
1703,2126,0
1705,1769,0
1706,1979,0
1706,2001,0
1706,2099,0
1707,1979,0
1707,2100,0
1707,2129,0
1708,1709,0
1708,1710,0
1710,1938,0
1713,1821,0
1714,1805,0
1715,1716,0
1715,1717,0
1718,1762,0
1719,1783,0
1720,1789,0
1721,1776,0
1721,1867,0
1722,1788,0
1722,1869,0
1724,1725,0
1725,1726,0
1725,1727,0
1726,2022,0
1727,2023,0
1728,1982,0
1728,2181,0
1729,1730,0
1729,1731,0
1730,1732,0
1733,1734,0
1733,1735,0
1733,1736,0
1735,1871,0
1738,1867,0
1739,1740,0
1740,2184,0
1740,2185,0
1740,2186,0
1743,2085,0
1744,1745,0
1745,1852,0
1746,2128,0
1747,1965,0
1748,2239,0
1749,1750,0
1749,1751,0
1749,1752,0
1749,1753,0
1750,1756,0
1751,1753,0
1752,1892,0
1752,2092,0
1753,1933,0
1753,2061,0
1758,1759,0
1759,1784,0
1759,1878,0
1759,1879,0
1760,1781,0
1761,1773,0
1761,1781,0
1762,1763,0
1762,1764,0
1763,2202,0
1770,1771,0
1772,1778,0
1773,1774,0
1773,1775,0
1776,1777,0
1777,2190,0
1777,2198,0
1778,1779,0
1779,1786,0
1780,2199,0
1783,1784,0
1784,1818,0
1786,1787,0
1791,1792,0
1791,1793,0
1793,2226,0
1794,1846,0
1795,1909,0
1795,2133,0
1799,1800,0
1802,1969,0
1802,2117,0
1803,1825,0
1803,1826,0
1803,1827,0
1804,2179,0
1806,2163,0
1808,2149,0
1810,1811,0
1810,1812,0
1813,1896,0
1813,1903,0
1813,1963,0
1813,1971,0
1813,2208,0
1814,1815,0
1814,1816,0
1815,2166,0
1816,2188,0
1819,1864,0
1820,1895,0
1823,1987,0
1823,2069,0
1824,1981,0
1824,2069,0
1824,2240,0
1827,1977,0
1827,1978,0
1828,2182,0
1829,2251,0
1830,2248,0
1831,2241,0
1832,2185,0
1833,2242,0
1834,2251,0
1835,2257,0
1836,2256,0
1839,2217,0
1839,2218,0
1839,2219,0
1839,2220,0
1839,2221,0
1839,2222,0
1843,2146,0
1844,2007,0
1844,2059,0
1848,2194,0
1848,2264,0
1849,2193,0
1849,2214,0
1850,2197,0
1854,1855,0
1856,2007,0
1856,2046,0
1856,2196,0
1856,2262,0
1858,1893,0
1858,2153,0
1858,2154,0
1860,1861,0
1860,1862,0
1860,1863,0
1861,1934,0
1863,2108,0
1864,1865,0
1866,2229,0
1866,2235,0
1867,2189,0
1867,2190,0
1867,2213,0
1867,2234,0
1870,2281,0
1873,1874,0
1874,1876,0
1874,2113,0
1874,2224,0
1875,1877,0
1876,2067,0
1876,2178,0
1876,2195,0
1879,2205,0
1881,1882,0
1882,1965,0
1883,2204,0
1884,2106,0
1884,2175,0
1884,2231,0
1885,2205,0
1888,2105,0
1889,2226,0
1891,2043,0
1891,2044,0
1894,1895,0
1894,1896,0
1895,1902,0
1895,1903,0
1895,1904,0
1895,1905,0
1895,1906,0
1897,1898,0
1897,1899,0
1898,1940,0
1898,1945,0
1899,2058,0
1900,1901,0
1904,2051,0
1905,2135,0
1906,2115,0
1907,1908,0
1907,1909,0
1908,2054,0
1908,2136,0
1908,2165,0
1910,1911,0
1912,1913,0
1912,1914,0
1913,2026,0
1914,2055,0
1915,1976,0
1915,2056,0
1915,2057,0
1915,2058,0
1916,1940,0
1916,2077,0
1918,1939,0
1919,2076,0
1919,2157,0
1920,2075,0
1922,2259,0
1923,1924,0
1923,1925,0
1925,2030,0
1926,1927,0
1926,1928,0
1927,2119,0
1928,2059,0
1929,2003,0
1930,1931,0
1930,1932,0
1931,2118,0
1934,1962,0
1939,1940,0
1940,2074,0
1940,2095,0
1941,1943,0
1941,1944,0
1942,2208,0
1943,1982,0
1943,2015,0
1944,2015,0
1945,2216,0
1946,1947,0
1946,1948,0
1947,1995,0
1948,2232,0
1948,2233,0
1950,1951,0
1952,1953,0
1952,1954,0
1952,1955,0
1953,1954,0
1953,2099,0
1955,2151,0
1956,1961,0
1956,1966,0
1957,1959,0
1957,1960,0
1958,1959,0
1959,1961,0
1960,1966,0
1962,1963,0
1963,2070,0
1964,2020,0
1964,2097,0
1966,1967,0
1967,2177,0
1968,1969,0
1968,1970,0
1969,2125,0
1970,2125,0
1972,1973,0
1974,1975,0
1974,1976,0
1975,2160,0
1976,2201,0
1976,2232,0
1979,1980,0
1979,1981,0
1980,1982,0
1980,1983,0
1981,1987,0
1983,2228,0
1984,1985,0
1984,1986,0
1984,1987,0
1985,2137,0
1985,2215,0
1986,2133,0
1986,2264,0
1987,2215,0
1987,2240,0
1988,1989,0
1988,1990,0
1988,1991,0
1990,1996,0
1991,2027,0
1992,2041,0
1993,1994,0
1993,2068,0
1996,1997,0
1998,1999,0
1998,2000,0
2002,2129,0
2003,2004,0
2003,2005,0
2004,2006,0
2005,2021,0
2006,2152,0
2006,2173,0
2007,2008,0
2008,2046,0
2008,2059,0
2009,2065,0
2010,2011,0
2011,2092,0
2012,2013,0
2014,2152,0
2015,2017,0
2015,2018,0
2016,2101,0
2017,2042,0
2017,2068,0
2017,2070,0
2018,2236,0
2021,2071,0
2024,2025,0
2024,2026,0
2024,2027,0
2025,2165,0
2027,2163,0
2028,2029,0
2028,2030,0
2030,2109,0
2031,2032,0
2031,2033,0
2032,2034,0
2032,2139,0
2035,2036,0
2037,2038,0
2037,2039,0
2039,2040,0
2041,2042,0
2042,2192,0
2044,2152,0
2048,2049,0
2050,2051,0
2050,2052,0
2051,2111,0
2051,2112,0
2051,2171,0
2053,2054,0
2053,2055,0
2056,2142,0
2056,2145,0
2057,2078,0
2058,2073,0
2060,2061,0
2061,2062,0
2061,2083,0
2063,2064,0
2064,2160,0
2066,2067,0
2067,2178,0
2068,2069,0
2071,2124,0
2072,2073,0
2072,2074,0
2075,2076,0
2077,2078,0
2078,2150,0
2079,2080,0
2079,2081,0
2084,2085,0
2086,2087,0
2087,2203,0
2088,2089,0
2089,2136,0
2089,2137,0
2089,2138,0
2090,2091,0
2093,2094,0
2095,2161,0
2098,2121,0
2099,2100,0
2101,2191,0
2102,2103,0
2102,2104,0
2103,2176,0
2107,2108,0
2109,2164,0
2110,2111,0
2110,2112,0
2113,2114,0
2114,2180,0
2117,2118,0
2119,2146,0
2120,2187,0
2121,2140,0
2122,2123,0
2122,2124,0
2123,2134,0
2123,2223,0
2129,2214,0
2129,2215,0
2130,2131,0
2130,2206,0
2131,2151,0
2132,2138,0
2132,2206,0
2133,2134,0
2135,2161,0
2140,2167,0
2141,2142,0
2141,2143,0
2141,2144,0
2143,2144,0
2143,2169,0
2143,2170,0
2144,2238,0
2145,2267,0
2145,2270,0
2146,2147,0
2146,2148,0
2148,2275,0
2149,2195,0
2150,2158,0
2153,2154,0
2156,2157,0
2158,2159,0
2159,2168,0
2159,2216,0
2160,2201,0
2163,2223,0
2167,2204,0
2172,2183,0
2175,2176,0
2178,2195,0
2180,2224,0
2181,2260,0
2184,2248,0
2186,2248,0
2188,2209,0
2188,2210,0
2189,2190,0
2191,2246,0
2191,2263,0
2192,2193,0
2192,2194,0
2196,2197,0
2197,2262,0
2197,2265,0
2198,2213,0
2199,2200,0
2200,2211,0
2202,2234,0
2204,2231,0
2205,2212,0
2207,2275,0
2214,2240,0
2217,2243,0
2218,2219,0
2218,2252,0
2219,2247,0
2220,2254,0
2221,2247,0
2222,2247,0
2224,2225,0
2228,2261,0
2228,2263,0
2229,2230,0
2231,2274,0
2233,2270,0
2236,2260,0
2241,2242,0
2242,2255,0
2243,2253,0
2243,2254,0
2244,2245,0
2248,2251,0
2252,2253,0
2252,2254,0
2253,2255,0
2256,2257,0
2258,2271,0
2260,2261,0
2261,2266,0
2279,2280,0
2279,2281,0
2280,2282,0
2283,2284,0
2283,2285,0
2284,2294,0
2285,2294,0
2286,2287,0
2287,2329,0
2287,2413,0
2287,2417,0
2287,2442,0
2287,2443,0
2287,2448,0
2287,2476,0
2287,2482,0
2287,2489,0
2287,2490,0
2287,2491,0
2287,2492,0
2288,2289,0
2288,2290,0
2289,2310,0
2289,2311,0
2290,2491,0
2291,2292,0
2291,2293,0
2292,2367,0
2293,2501,0
2295,2296,0
2295,2297,0
2296,2353,0
2296,2496,0
2297,2409,0
2297,4861,0
2297,4876,0
2298,2299,0
2298,2300,0
2299,2340,0
2299,2474,0
2300,2369,0
2301,2302,0
2301,2303,0
2302,2341,0
2302,2367,0
2303,2369,0
2303,2440,0
2303,2493,0
2304,2305,0
2304,2306,0
2305,2441,0
2306,2308,0
2307,2308,0
2307,2309,0
2308,2391,0
2310,2311,0
2310,2312,0
2310,2313,0
2311,2312,0
2311,2428,0
2311,2448,0
2311,2460,0
2312,2313,0
2313,2492,0
2313,2497,0
2313,2498,0
2314,2315,0
2315,2317,0
2316,2317,0
2316,2318,0
2316,2319,0
2316,2320,0
2316,2321,0
2316,2322,0
2316,2323,0
2316,2324,0
2317,2325,0
2317,2326,0
2317,2327,0
2318,2324,0
2320,2324,0
2321,2323,0
2321,2484,0
2322,2484,0
2324,2439,0
2324,2457,0
2325,2326,0
2325,2330,0
2326,2332,0
2326,2430,0
2326,2461,0
2326,2462,0
2326,2463,0
2326,2464,0
2327,2489,0
2327,2490,0
2328,2329,0
2328,2347,0
2328,2348,0
2328,2349,0
2328,2350,0
2328,2351,0
2329,2349,0
2329,2350,0
2330,2471,0
2331,2332,0
2331,2333,0
2332,2338,0
2333,2474,0
2334,2335,0
2335,2339,0
2336,2337,0
2336,2338,0
2337,2340,0
2339,2346,0
2340,2405,0
2341,2441,0
2342,2343,0
2342,2344,0
2342,2345,0
2343,2368,0
2344,2432,0
2345,2499,0
2345,2500,0
2345,2501,0
2345,2502,0
2345,2503,0
2345,2504,0
2346,2485,0
2347,2348,0
2347,2401,0
2347,2402,0
2347,2403,0
2347,2404,0
2348,2351,0
2348,2449,0
2348,2450,0
2348,2451,0
2349,2377,0
2350,2397,0
2350,2468,0
2351,2356,0
2352,2353,0
2353,2354,0
2353,2355,0
2353,2356,0
2355,2373,0
2356,2427,0
2356,2428,0
2356,2444,0
2357,2358,0
2357,2359,0
2358,2407,0
2358,2438,0
2358,2439,0
2360,2361,0
2360,2362,0
2361,2370,0
2361,2465,0
2361,2466,0
2362,2461,0
2363,2364,0
2363,2365,0
2363,2366,0
2364,2367,0
2364,2368,0
2364,2369,0
2365,2384,0
2365,4529,0
2366,2385,0
2367,2382,0
2367,2386,0
2367,2387,0
2367,2388,0
2367,2389,0
2367,2390,0
2369,2483,0
2370,2371,0
2371,2431,0
2371,2471,0
2372,2373,0
2372,2374,0
2374,2506,0
2375,2376,0
2375,2377,0
2375,2378,0
2376,2377,0
2376,2458,0
2377,2469,0
2377,2470,0
2377,2475,0
2377,2482,0
2378,2397,0
2379,2380,0
2379,2381,0
2380,2398,0
2381,2456,0
2381,2488,0
2382,2383,0
2382,2384,0
2382,2385,0
2384,4669,0
2388,2391,0
2389,2390,0
2389,4553,0
2389,4728,0
2390,2500,0
2390,4544,0
2390,4667,0
2390,4752,0
2392,2393,0
2392,2394,0
2393,2435,0
2394,2488,0
2395,2396,0
2395,2397,0
2396,2427,0
2397,2460,0
2397,2468,0
2397,2469,0
2397,2470,0
2398,2446,0
2398,2456,0
2399,2400,0
2400,2423,0
2400,2452,0
2400,2453,0
2404,2478,0
2405,2408,0
2406,2407,0
2408,2409,0
2409,4899,0
2410,2411,0
2411,2420,0
2412,2413,0
2412,2414,0
2412,2415,0
2412,2416,0
2412,2417,0
2413,2418,0
2413,2419,0
2416,2417,0
2419,2458,0
2420,2440,0
2421,2422,0
2422,2423,0
2423,2424,0
2424,2454,0
2424,2455,0
2425,2426,0
2425,2427,0
2425,2428,0
2427,2444,0
2429,2430,0
2429,2431,0
2431,2465,0
2433,2434,0
2435,2447,0
2435,2472,0
2435,2473,0
2436,2455,0
2437,2473,0
2438,2439,0
2439,2495,0
2442,2443,0
2445,2446,0
2445,2447,0
2452,2453,0
2459,4554,0
2459,4876,0
2466,2471,0
2467,2468,0
2473,2488,0
2475,2476,0
2477,2478,0
2477,2479,0
2478,2480,0
2478,2485,0
2478,2486,0
2480,2481,0
2483,4757,0
2486,2487,0
2487,4898,0
2487,4900,0
2487,4902,0
2493,4564,0
2493,4587,0
2493,4613,0
2493,4775,0
2494,2495,0
2496,4876,0
2500,4699,0
2500,4700,0
2502,2504,0
2502,4699,0
2502,4773,0
2502,4774,0
2503,4825,0
2503,4826,0
2503,4828,0
2504,4825,0
2505,4738,0
2505,4787,0
2505,4788,0
2507,2508,0
2507,2509,0
2508,4582,0
2508,4583,0
2508,4584,0
2508,4585,0
2509,4714,0
2510,2511,0
2511,2512,0
2511,2513,0
2512,2616,0
2512,2622,0
2512,2625,0
2512,2626,0
2512,2627,0
2513,2625,0
2513,2627,0
2513,2659,0
2513,2745,0
2513,2757,0
2513,2760,0
2514,2604,0
2514,2680,0
2514,2681,0
2514,2682,0
2514,2683,0
2514,2684,0
2515,2712,0
2515,3019,0
2515,3020,0
2515,3021,0
2515,3022,0
2516,2517,0
2516,2518,0
2517,2695,0
2517,3126,0
2518,2549,0
2518,3127,0
2519,2520,0
2519,2521,0
2519,2522,0
2520,2521,0
2520,2572,0
2520,2687,0
2520,2691,0
2520,2692,0
2520,2693,0
2521,2533,0
2521,2536,0
2521,2538,0
2521,2582,0
2521,2607,0
2521,2629,0
2521,2926,0
2521,2933,0
2522,3023,0
2522,3024,0
2523,2524,0
2523,2525,0
2524,2592,0
2524,2783,0
2524,2829,0
2524,2830,0
2524,2831,0
2524,2832,0
2524,2833,0
2524,2834,0
2525,2564,0
2525,2615,0
2525,2616,0
2525,2620,0
2525,2621,0
2525,2736,0
2525,2767,0
2525,2830,0
2525,2969,0
2525,2970,0
2525,2971,0
2526,2527,0
2527,2713,0
2527,2753,0
2527,2754,0
2527,2761,0
2527,2762,0
2527,2763,0
2527,2801,0
2527,2945,0
2528,2529,0
2528,2530,0
2529,2531,0
2531,2629,0
2531,2941,0
2532,2533,0
2532,2534,0
2533,2922,0
2535,2536,0
2535,2537,0
2535,2538,0
2535,2539,0
2535,2540,0
2535,2541,0
2535,2542,0
2535,2543,0
2535,2544,0
2535,2545,0
2535,2546,0
2535,2547,0
2536,2552,0
2537,2649,0
2537,2650,0
2538,2773,0
2539,2651,0
2539,2652,0
2539,2919,0
2539,2938,0
2540,2650,0
2540,2972,0
2541,2866,0
2541,2977,0
2542,2866,0
2542,2978,0
2543,2544,0
2543,2773,0
2543,2958,0
2543,3032,0
2543,3033,0
2543,3034,0
2543,3035,0
2543,3036,0
2543,3037,0
2543,3038,0
2543,3039,0
2544,3040,0
2545,3093,0
2546,2805,0
2547,2741,0
2547,3096,0
2548,2549,0
2548,2550,0
2548,2551,0
2549,2694,0
2549,2695,0
2549,2696,0
2549,2697,0
2550,2741,0
2550,2991,0
2551,2752,0
2551,2763,0
2551,3044,0
2551,3045,0
2552,2927,0
2552,3052,0
2553,2554,0
2554,2555,0
2554,2556,0
2554,2557,0
2554,2558,0
2554,2559,0
2554,2560,0
2554,2561,0
2554,2562,0
2554,2563,0
2554,2564,0
2554,2565,0
2556,2594,0
2556,2595,0
2557,2783,0
2557,2784,0
2557,2785,0
2557,2786,0
2558,2647,0
2558,2783,0
2558,2790,0
2558,2925,0
2558,2946,0
2558,2947,0
2558,2948,0
2559,2988,0
2559,2989,0
2560,2867,0
2561,2647,0
2564,3257,0
2565,2631,0
2565,3317,0
2566,2567,0
2566,2568,0
2567,4270,0
2567,4271,0
2568,4246,0
2568,4293,0
2569,2570,0
2570,2571,0
2570,2572,0
2570,2573,0
2570,2574,0
2572,2586,0
2572,2764,0
2572,2765,0
2573,2747,0
2573,2967,0
2573,2968,0
2574,2586,0
2574,2652,0
2574,2747,0
2574,2979,0
2574,2980,0
2575,2576,0
2575,2577,0
2575,2578,0
2575,2579,0
2575,2580,0
2577,2581,0
2577,3062,0
2579,2580,0
2579,2582,0
2579,2954,0
2581,2582,0
2581,2583,0
2582,2608,0
2582,2733,0
2582,2734,0
2582,2953,0
2582,2954,0
2584,2585,0
2584,2586,0
2584,2587,0
2585,2661,0
2585,2663,0
2585,2704,0
2585,2729,0
2585,2730,0
2585,2731,0
2586,2658,0
2586,2660,0
2586,2872,0
2586,2873,0
2588,2589,0
2588,2616,0
2588,2617,0
2588,2618,0
2588,2619,0
2589,3098,0
2590,2591,0
2590,3098,0
2590,3175,0
2590,3200,0
2591,2619,0
2591,3121,0
2591,3171,0
2592,2593,0
2593,2785,0
2593,2865,0
2594,2906,0
2594,3065,0
2594,3066,0
2594,3067,0
2594,3068,0
2594,3069,0
2595,2969,0
2595,3366,0
2596,2597,0
2596,2598,0
2596,2599,0
2596,2600,0
2596,2601,0
2598,2601,0
2598,2687,0
2598,2688,0
2598,2917,0
2598,2918,0
2599,2600,0
2599,2637,0
2599,2642,0
2599,2643,0
2599,2926,0
2599,2929,0
2599,2935,0
2599,3110,0
2599,3111,0
2602,2603,0
2602,2604,0
2602,2605,0
2603,2719,0
2603,2780,0
2603,2811,0
2603,2845,0
2604,2644,0
2604,2645,0
2604,2707,0
2604,2811,0
2604,2875,0
2604,2876,0
2604,2877,0
2605,3080,0
2605,3081,0
2605,3082,0
2605,3083,0
2606,2607,0
2607,2608,0
2607,2609,0
2608,2874,0
2609,3087,0
2609,3088,0
2609,3089,0
2609,3090,0
2609,3091,0
2609,3092,0
2610,2611,0
2610,2612,0
2610,2613,0
2610,2614,0
2611,2615,0
2611,3094,0
2612,2614,0
2612,3113,0
2612,3116,0
2612,3117,0
2612,3118,0
2613,3113,0
2613,3341,0
2615,2616,0
2616,2620,0
2616,2621,0
2616,2622,0
2616,2623,0
2616,2624,0
2618,3046,0
2618,3047,0
2618,3321,0
2619,3047,0
2620,2686,0
2622,2890,0
2622,2893,0
2622,2899,0
2622,2942,0
2622,2943,0
2623,2885,0
2623,3056,0
2624,3085,0
2624,3086,0
2624,3097,0
2624,3098,0
2625,2659,0
2626,2659,0
2626,2670,0
2627,2949,0
2628,2629,0
2630,2631,0
2631,2632,0
2632,2956,0
2632,3018,0
2633,2634,0
2633,2635,0
2633,2636,0
2634,2682,0
2634,2685,0
2637,2638,0
2637,2639,0
2637,2640,0
2637,2641,0
2638,2640,0
2638,2641,0
2639,3288,0
2639,3289,0
2639,3290,0
2640,2641,0
2644,2645,0
2644,2646,0
2645,2776,0
2645,2777,0
2645,2778,0
2645,2779,0
2647,2648,0
2648,2848,0
2648,3066,0
2650,2963,0
2651,2652,0
2651,2653,0
2652,2700,0
2652,2703,0
2652,2704,0
2652,2705,0
2652,2706,0
2654,2655,0
2654,2656,0
2654,2657,0
2655,2658,0
2655,2664,0
2656,2658,0
2656,2665,0
2657,2729,0
2657,2996,0
2657,2999,0
2657,3000,0
2657,3001,0
2658,2659,0
2658,2660,0
2658,2661,0
2658,2662,0
2659,2663,0
2660,2674,0
2661,2846,0
2663,2732,0
2664,2665,0
2666,2667,0
2666,2668,0
2667,2668,0
2667,2754,0
2667,2755,0
2667,2984,0
2667,3100,0
2667,3101,0
2668,3236,0
2668,3237,0
2668,3238,0
2669,2670,0
2669,2671,0
2669,2672,0
2670,2673,0
2674,2987,0
2675,2676,0
2675,2677,0
2675,2678,0
2675,2679,0
2676,2736,0
2676,2737,0
2676,2738,0
2676,2739,0
2677,2768,0
2677,3130,0
2677,3133,0
2677,3134,0
2678,3070,0
2678,3337,0
2679,3071,0
2679,3339,0
2680,2697,0
2680,2712,0
2681,3136,0
2681,3140,0
2682,3141,0
2683,2697,0
2683,2797,0
2685,2778,0
2685,2780,0
2685,2781,0
2685,2782,0
2686,2990,0
2687,2688,0
2687,2689,0
2687,2690,0
2689,2690,0
2691,2817,0
2691,2924,0
2692,2866,0
2693,2951,0
2694,2709,0
2694,2710,0
2694,2711,0
2695,2715,0
2695,2717,0
2696,2806,0
2697,2707,0
2697,2717,0
2697,2796,0
2697,2875,0
2698,2699,0
2699,2803,0
2700,2701,0
2700,2702,0
2701,2729,0
2701,2994,0
2701,2995,0
2702,2996,0
2702,3002,0
2703,2919,0
2703,3329,0
2704,3330,0
2707,2708,0
2708,2752,0
2708,2876,0
2708,3015,0
2708,3019,0
2708,3101,0
2708,3138,0
2708,3160,0
2712,3019,0
2712,3161,0
2713,2714,0
2713,2715,0
2713,2716,0
2714,3162,0
2715,3163,0
2717,2752,0
2718,2719,0
2718,2720,0
2718,2721,0
2719,2720,0
2719,2783,0
2719,2810,0
2719,2811,0
2719,2812,0
2719,2813,0
2719,2814,0
2720,2812,0
2720,2825,0
2720,2826,0
2720,2827,0
2720,2828,0
2722,2723,0
2722,2724,0
2722,2725,0
2722,2726,0
2722,2727,0
2722,2728,0
2723,2724,0
2723,2727,0
2723,2787,0
2723,2788,0
2723,2789,0
2723,2790,0
2723,2791,0
2724,2727,0
2724,2923,0
2732,2772,0
2732,2782,0
2732,2956,0
2732,2964,0
2732,2965,0
2733,2734,0
2733,2735,0
2734,2961,0
2736,2766,0
2736,2767,0
2736,2768,0
2736,2769,0
2736,2770,0
2736,2771,0
2737,2738,0
2737,3172,0
2737,3173,0
2738,3172,0
2739,2766,0
2739,3332,0
2740,2741,0
2740,2742,0
2740,2743,0
2741,2976,0
2744,2745,0
2745,2746,0
2747,2748,0
2747,2749,0
2750,2751,0
2751,2968,0
2752,3015,0
2753,2754,0
2754,2755,0
2754,2756,0
2757,2758,0
2757,2759,0
2761,2762,0
2761,2763,0
2762,2763,0
2762,2796,0
2762,2797,0
2762,2798,0
2762,2799,0
2762,2800,0
2762,2801,0
2763,2945,0
2763,3044,0
2763,3045,0
2763,3322,0
2764,2919,0
2764,2993,0
2766,2865,0
2766,2906,0
2766,2916,0
2767,2966,0
2768,3134,0
2768,3194,0
2769,3195,0
2770,3342,0
2771,3281,0
2771,3345,0
2773,2972,0
2773,3032,0
2773,3197,0
2773,3198,0
2773,3199,0
2774,2775,0
2775,2940,0
2775,2968,0
2776,2950,0
2777,2879,0
2778,3193,0
2779,3160,0
2779,3201,0
2779,3202,0
2779,3203,0
2780,2810,0
2780,2839,0
2780,2840,0
2781,2782,0
2781,2810,0
2781,2944,0
2781,2955,0
2781,2956,0
2781,2957,0
2782,2795,0
2783,2852,0
2783,2853,0
2783,2854,0
2783,2865,0
2783,2866,0
2783,2867,0
2784,2785,0
2784,2786,0
2784,2847,0
2784,3247,0
2785,2786,0
2786,3349,0
2786,3350,0
2786,3351,0
2786,3369,0
2787,2792,0
2787,2793,0
2787,2794,0
2788,2789,0
2788,2825,0
2788,3079,0
2789,2790,0
2789,3025,0
2789,3271,0
2790,2791,0
2790,2855,0
2790,2946,0
2790,2947,0
2790,3025,0
2790,3271,0
2792,2948,0
2793,2794,0
2793,3119,0
2794,3119,0
2796,2798,0
2796,2799,0
2796,2802,0
2796,2803,0
2797,2800,0
2798,3208,0
2799,3209,0
2802,2883,0
2802,2884,0
2804,2805,0
2805,2806,0
2806,2984,0
2806,2985,0
2807,2808,0
2807,2809,0
2808,3137,0
2808,3217,0
2811,2841,0
2811,2842,0
2811,2843,0
2811,2844,0
2813,2861,0
2814,2861,0
2815,2816,0
2816,2817,0
2816,3132,0
2818,2819,0
2818,2823,0
2818,3124,0
2818,3125,0
2819,3020,0
2819,3125,0
2819,3184,0
2819,3207,0
2819,3295,0
2820,3181,0
2820,3182,0
2820,3186,0
2820,3294,0
2822,3137,0
2822,3282,0
2822,3363,0
2822,3365,0
2824,4185,0
2825,2828,0
2826,2847,0
2826,2850,0
2826,2855,0
2826,2860,0
2828,3267,0
2829,2865,0
2831,3066,0
2831,3233,0
2832,3066,0
2832,3234,0
2833,3066,0
2833,3235,0
2834,2865,0
2837,3137,0
2841,3223,0
2842,3223,0
2845,3223,0
2845,3226,0
2845,3227,0
2845,3228,0
2845,3229,0
2845,3230,0
2845,3231,0
2847,2848,0
2847,2849,0
2847,2850,0
2847,2851,0
2847,2852,0
2847,2853,0
2847,2854,0
2847,2855,0
2847,2856,0
2847,2857,0
2847,2858,0
2847,2859,0
2847,2860,0
2847,2861,0
2847,2862,0
2847,2863,0
2847,2864,0
2849,2856,0
2849,2858,0
2849,2864,0
2851,2857,0
2852,3244,0
2853,3245,0
2854,3246,0
2855,2860,0
2855,2925,0
2855,3025,0
2855,3026,0
2856,3274,0
2857,2973,0
2857,3107,0
2857,3108,0
2861,2863,0
2861,2864,0
2861,3334,0
2861,3335,0
2861,3348,0
2861,3357,0
2861,3358,0
2862,2864,0
2864,3334,0
2864,3335,0
2865,2902,0
2865,2910,0
2865,2911,0
2865,2912,0
2865,2913,0
2865,2914,0
2865,2915,0
2865,2916,0
2866,2880,0
2866,2925,0
2866,2951,0
2866,2956,0
2866,2957,0
2866,2960,0
2867,3368,0
2868,2869,0
2868,2870,0
2868,2871,0
2869,2871,0
2869,2974,0
2869,2975,0
2870,2974,0
2870,4178,0
2870,4220,0
2871,4222,0
2871,4243,0
2871,4265,0
2871,4269,0
2871,4318,0
2874,2931,0
2874,3087,0
2876,2877,0
2876,2984,0
2876,3019,0
2876,3101,0
2876,3138,0
2876,3160,0
2876,3248,0
2877,3265,0
2878,2879,0
2878,2880,0
2878,2881,0
2878,2882,0
2879,2973,0
2881,3255,0
2882,3255,0
2883,3028,0
2885,2886,0
2885,2887,0
2885,2888,0
2886,3204,0
2887,3259,0
2888,2890,0
2888,3291,0
2889,2890,0
2891,2892,0
2892,2893,0
2893,2894,0
2894,3043,0
2895,2896,0
2896,2942,0
2896,3263,0
2897,2898,0
2898,2899,0
2899,2900,0
2900,2901,0
2902,2903,0
2902,2904,0
2902,2905,0
2902,2906,0
2902,2907,0
2902,2908,0
2902,2909,0
2903,2906,0
2903,2907,0
2903,3075,0
2903,3076,0
2903,3077,0
2906,2907,0
2906,3066,0
2906,3221,0
2906,3283,0
2906,3284,0
2906,3285,0
2908,2909,0
2909,3370,0
2911,2956,0
2911,3128,0
2912,2956,0
2912,3177,0
2916,3304,0
2917,2918,0
2919,2920,0
2919,2921,0
2920,3324,0
2926,2927,0
2926,2928,0
2926,2929,0
2926,2930,0
2926,2931,0
2926,2932,0
2926,2933,0
2926,2934,0
2926,2935,0
2926,2936,0
2926,2937,0
2927,2928,0
2927,2937,0
2927,3053,0
2928,2936,0
2928,2937,0
2930,2931,0
2930,2932,0
2930,2970,0
2930,3112,0
2931,2932,0
2931,2934,0
2931,3252,0
2931,3253,0
2931,3254,0
2932,3112,0
2939,2940,0
2940,2968,0
2942,3099,0
2943,3266,0
2944,2953,0
2944,2955,0
2946,3279,0
2947,3280,0
2951,2952,0
2952,2978,0
2953,3296,0
2954,3103,0
2955,2971,0
2956,2958,0
2956,2959,0
2957,3302,0
2958,3034,0
2958,3205,0
2958,3297,0
2958,3298,0
2958,3299,0
2958,3300,0
2958,3301,0
2959,2989,0
2959,3016,0
2959,3367,0
2960,3014,0
2961,3303,0
2962,2963,0
2963,2992,0
2964,3013,0
2964,3372,0
2965,3013,0
2965,3373,0
2966,3305,0
2969,3258,0
2970,3306,0
2971,3307,0
2972,3197,0
2972,3239,0
2973,3107,0
2973,3309,0
2973,3310,0
2974,4182,0
2974,4183,0
2974,4185,0
2974,4249,0
2974,4301,0
2974,4306,0
2975,4386,0
2976,3319,0
2976,3320,0
2977,3084,0
2977,3311,0
2981,2982,0
2981,2983,0
2982,3192,0
2983,3061,0
2983,3316,0
2984,3160,0
2984,3248,0
2984,3315,0
2985,3238,0
2986,2987,0
2992,3269,0
2994,2996,0
2994,2997,0
2994,2998,0
2996,3003,0
2996,3010,0
2999,3003,0
2999,3004,0
2999,3005,0
2999,3006,0
2999,3007,0
2999,3008,0
2999,3009,0
3003,3011,0
3003,3012,0
3016,3017,0
3019,3136,0
3019,3137,0
3019,3138,0
3019,3139,0
3020,3022,0
3020,3184,0
3020,3207,0
3020,3210,0
3025,3026,0
3025,3027,0
3026,3027,0
3026,3078,0
3026,3079,0
3029,3030,0
3029,3031,0
3030,3331,0
3031,3331,0
3034,3035,0
3034,3036,0
3034,3039,0
3034,3205,0
3034,3206,0
3035,3036,0
3035,3037,0
3035,3038,0
3035,3073,0
3035,3206,0
3036,3039,0
3036,3206,0
3036,3292,0
3037,3038,0
3044,3045,0
3044,3325,0
3044,3326,0
3046,3047,0
3046,3048,0
3046,3049,0
3046,3050,0
3046,3051,0
3047,3121,0
3047,3164,0
3048,3050,0
3048,3117,0
3048,3178,0
3048,3179,0
3049,3051,0
3049,3121,0
3049,3167,0
3054,3055,0
3055,3223,0
3055,3225,0
3055,3228,0
3055,3229,0
3055,3268,0
3057,3058,0
3057,3059,0
3058,3059,0
3059,3073,0
3059,3074,0
3061,3314,0
3062,3063,0
3062,3064,0
3063,3170,0
3064,3168,0
3064,3169,0
3065,3069,0
3066,3220,0
3066,3221,0
3066,3222,0
3067,3068,0
3072,3073,0
3073,3074,0
3075,3076,0
3078,3079,0
3079,3371,0
3085,3086,0
3086,3174,0
3086,3175,0
3086,3176,0
3087,3091,0
3087,3249,0
3087,3250,0
3087,3251,0
3089,3090,0
3089,3092,0
3090,3092,0
3094,3095,0
3097,3098,0
3100,3101,0
3101,3160,0
3101,3216,0
3102,3103,0
3102,3104,0
3102,3105,0
3102,3106,0
3103,3106,0
3107,3108,0
3107,3109,0
3110,4087,0
3111,4085,0
3113,3114,0
3113,3115,0
3113,3116,0
3113,3117,0
3113,3118,0
3115,3118,0
3116,3117,0
3116,3118,0
3116,3133,0
3117,3179,0
3117,3215,0
3118,3232,0
3120,3121,0
3120,3122,0
3120,3123,0
3121,3122,0
3121,3164,0
3121,3171,0
3122,3327,0
3122,3328,0
3129,3130,0
3130,3133,0
3131,3132,0
3133,3135,0
3134,3194,0
3137,3138,0
3137,3139,0
3137,3217,0
3137,3282,0
3138,3139,0
3138,3340,0
3142,3143,0
3143,3354,0
3144,3145,0
3145,3337,0
3146,3147,0
3147,3356,0
3148,3149,0
3149,3352,0
3150,3151,0
3151,3356,0
3152,3153,0
3153,3331,0
3154,3155,0
3155,3339,0
3156,3157,0
3157,3343,0
3158,3159,0
3159,3353,0
3160,3203,0
3160,3248,0
3164,3165,0
3166,3167,0
3168,3169,0
3169,3170,0
3170,3196,0
3170,3218,0
3170,3219,0
3175,3176,0
3175,3200,0
3175,3308,0
3179,3215,0
3180,3181,0
3180,3182,0
3180,3183,0
3181,3182,0
3181,3184,0
3181,3185,0
3181,3186,0
3181,3187,0
3181,3188,0
3182,3184,0
3182,3185,0
3182,3186,0
3182,3187,0
3182,3188,0
3182,3191,0
3184,3207,0
3198,3199,0
3200,3312,0
3200,3313,0
3220,3221,0
3220,3222,0
3221,3222,0
3223,3224,0
3223,3225,0
3223,3226,0
3223,3227,0
3223,3228,0
3223,3229,0
3224,3228,0
3224,3275,0
3224,3277,0
3225,3229,0
3226,3227,0
3228,3362,0
3229,3230,0
3236,3238,0
3238,3361,0
3240,3241,0
3241,3345,0
3242,3243,0
3243,3344,0
3249,3250,0
3249,3251,0
3250,3251,0
3251,3359,0
3251,3360,0
3252,3253,0
3252,3254,0
3253,3254,0
3253,3318,0
3253,3347,0
3253,3364,0
3255,3256,0
3259,3260,0
3259,3261,0
3259,3262,0
3260,3262,0
3263,3264,0
3269,3270,0
3271,3278,0
3272,3273,0
3273,3352,0
3275,3276,0
3275,3277,0
3277,3286,0
3277,3287,0
3283,3284,0
3290,4150,0
3297,3298,0
3297,3300,0
3298,3300,0
3299,3301,0
3312,3313,0
3319,3320,0
3323,3324,0
3325,3326,0
3331,3344,0
3332,3333,0
3334,3335,0
3335,3348,0
3335,3358,0
3336,3337,0
3338,3339,0
3342,3343,0
3342,3344,0
3343,3356,0
3345,3346,0
3346,3353,0
3346,3354,0
3349,3350,0
3349,3351,0
3350,3351,0
3352,3353,0
3354,3355,0
3357,3358,0
3359,3360,0
3374,3375,0
3374,3376,0
3374,3377,0
3375,3659,0
3375,3661,0
3375,3662,0
3375,3665,0
3375,3666,0
3375,3667,0
3376,3506,0
3377,3440,0
3378,3379,0
3378,3380,0
3378,3381,0
3378,3382,0
3379,3383,0
3379,3384,0
3380,3517,0
3380,3518,0
3382,3429,0
3383,3395,0
3383,3448,0
3383,3450,0
3384,4549,0
3384,4674,0
3385,3386,0
3385,3387,0
3385,3388,0
3385,3389,0
3385,3390,0
3386,3391,0
3386,3392,0
3386,3393,0
3387,3496,0
3388,3692,0
3389,3514,0
3389,3757,0
3390,3804,0
3390,3805,0
3391,3393,0
3391,3430,0
3391,3434,0
3391,3435,0
3391,3436,0
3391,3437,0
3391,3438,0
3392,3497,0
3393,3440,0
3393,3513,0
3393,3516,0
3394,3395,0
3394,3396,0
3395,3397,0
3395,3398,0
3395,3399,0
3395,3400,0
3396,3782,0
3396,3784,0
3397,3400,0
3397,3503,0
3397,3504,0
3397,3505,0
3397,3506,0
3397,3507,0
3401,3402,0
3402,3403,0
3402,3707,0
3403,3404,0
3403,3405,0
3404,3492,0
3405,3792,0
3405,3847,0
3406,3407,0
3406,3408,0
3406,3409,0
3408,3515,0
3408,3826,0
3409,3521,0
3410,3411,0
3411,3412,0
3411,3413,0
3411,3415,0
3411,3419,0
3411,3420,0
3411,3628,0
3411,3668,0
3411,3674,0
3411,3703,0
3411,3724,0
3411,3725,0
3411,3726,0
3411,3727,0
3414,3415,0
3415,3462,0
3415,3672,0
3415,3698,0
3415,3723,0
3416,3417,0
3416,3418,0
3416,3419,0
3416,3420,0
3416,3421,0
3416,3422,0
3416,3423,0
3417,3505,0
3417,3538,0
3417,3539,0
3418,3679,0
3421,3467,0
3422,3506,0
3422,3678,0
3423,3463,0
3424,3425,0
3424,3426,0
3424,3427,0
3424,3428,0
3424,3429,0
3426,3508,0
3426,3633,0
3427,3816,0
3428,3509,0
3428,3785,0
3429,3845,0
3430,3431,0
3430,3432,0
3430,3433,0
3431,3722,0
3432,3719,0
3432,3721,0
3433,3515,0
3433,3836,0
3434,3580,0
3438,3440,0
3438,3670,0
3438,3695,0
3439,3440,0
3439,3441,0
3440,3442,0
3440,3443,0
3440,3444,0
3440,3445,0
3440,3446,0
3440,3447,0
3441,3608,0
3442,3446,0
3442,3483,0
3442,3484,0
3442,3485,0
3443,3444,0
3443,3457,0
3443,3519,0
3443,3520,0
3444,3501,0
3444,3554,0
3444,3555,0
3444,3559,0
3444,3560,0
3444,3561,0
3444,3562,0
3445,3504,0
3445,3584,0
3445,3586,0
3447,3491,0
3447,3755,0
3448,3449,0
3449,3816,0
3450,3491,0
3451,3452,0
3451,3453,0
3451,3454,0
3451,3455,0
3452,3536,0
3452,3572,0
3452,3573,0
3452,3574,0
3452,3575,0
3452,3576,0
3452,3577,0
3452,3578,0
3452,3579,0
3453,3612,0
3454,3641,0
3455,3537,0
3455,3639,0
3455,3640,0
3456,3457,0
3456,3458,0
3456,3459,0
3456,3460,0
3456,3461,0
3456,3462,0
3457,3463,0
3457,3464,0
3457,3465,0
3457,3466,0
3457,3467,0
3459,3733,0
3460,3732,0
3460,3776,0
3461,3770,0
3463,3503,0
3463,3563,0
3463,3564,0
3463,3565,0
3463,3566,0
3466,3560,0
3468,3469,0
3468,3470,0
3469,3728,0
3470,4887,0
3470,4906,0
3471,3472,0
3471,3473,0
3471,3474,0
3471,3475,0
3471,3476,0
3472,3643,0
3472,3667,0
3473,3669,0
3473,3713,0
3473,3744,0
3473,3745,0
3473,3747,0
3473,3751,0
3474,3535,0
3475,3535,0
3476,3659,0
3477,3478,0
3477,3479,0
3477,3480,0
3477,3481,0
3477,3482,0
3478,3543,0
3478,3563,0
3478,3589,0
3478,3590,0
3479,3626,0
3479,3781,0
3482,3544,0
3482,3823,0
3483,3498,0
3483,3501,0
3483,3502,0
3484,3559,0
3485,3561,0
3486,3487,0
3486,3488,0
3486,3489,0
3486,3490,0
3487,3491,0
3487,3492,0
3488,3714,0
3488,3716,0
3489,3839,0
3490,3512,0
3490,3716,0
3491,3508,0
3491,3511,0
3491,3512,0
3492,3541,0
3492,3542,0
3493,3494,0
3493,3495,0
3494,3516,0
3494,3530,0
3494,3531,0
3494,3534,0
3495,3570,0
3495,3571,0
3495,3693,0
3495,3764,0
3496,3692,0
3496,3807,0
3497,3804,0
3497,3805,0
3497,3809,0
3497,3810,0
3498,3499,0
3498,3500,0
3499,3848,0
3500,3624,0
3500,3704,0
3502,3752,0
3503,3579,0
3506,3752,0
3507,3565,0
3508,3509,0
3508,3510,0
3510,3690,0
3510,3846,0
3512,4865,0
3513,3514,0
3513,3515,0
3515,3580,0
3515,3582,0
3515,3827,0
3515,3829,0
3516,3533,0
3516,3551,0
3516,4559,0
3517,3784,0
3518,4656,0
3520,4555,0
3520,4557,0
3520,4731,0
3520,4750,0
3521,3522,0
3521,3523,0
3521,3524,0
3521,3525,0
3522,3545,0
3522,3552,0
3523,3689,0
3523,3690,0
3524,3817,0
3525,4874,0
3526,3527,0
3527,3828,0
3528,3529,0
3529,3835,0
3531,3532,0
3531,3533,0
3532,3693,0
3533,3601,0
3534,3670,0
3535,3536,0
3535,3537,0
3535,3538,0
3535,3539,0
3535,3540,0
3540,3674,0
3541,3651,0
3541,3652,0
3542,4867,0
3542,4891,0
3542,4921,0
3543,3544,0
3544,3638,0
3545,3546,0
3545,3547,0
3545,3548,0
3545,3549,0
3545,3550,0
3546,3551,0
3547,3646,0
3548,3648,0
3548,3655,0
3548,3837,0
3549,3832,0
3550,3844,0
3551,4889,0
3552,3654,0
3552,3797,0
3553,3554,0
3553,3555,0
3553,3556,0
3553,3557,0
3553,3558,0
3557,3766,0
3558,3766,0
3562,3777,0
3563,3591,0
3564,3592,0
3565,3795,0
3566,4582,0
3566,4628,0
3567,3568,0
3567,3569,0
3567,3570,0
3567,3571,0
3568,3682,0
3568,3683,0
3569,3686,0
3569,3695,0
3569,3734,0
3569,3735,0
3570,3763,0
3573,3615,0
3573,3691,0
3574,3696,0
3575,3699,0
3576,3772,0
3576,3806,0
3580,3581,0
3580,3582,0
3580,3583,0
3581,3700,0
3581,3812,0
3582,3827,0
3582,3842,0
3583,3842,0
3584,3585,0
3584,3586,0
3584,3587,0
3584,3588,0
3587,3811,0
3587,3814,0
3587,3838,0
3588,3739,0
3588,3815,0
3590,3591,0
3590,4709,0
3590,4714,0
3591,3592,0
3592,3835,0
3592,4544,0
3592,4551,0
3592,4552,0
3593,3594,0
3593,3595,0
3595,4577,0
3595,4619,0
3596,3597,0
3596,3598,0
3597,3800,0
3598,4635,0
3598,4725,0
3598,4726,0
3598,4727,0
3599,3600,0
3600,3601,0
3600,3602,0
3602,3603,0
3603,3688,0
3604,3605,0
3604,3606,0
3604,3607,0
3604,3608,0
3606,3694,0
3606,3695,0
3607,3687,0
3608,3756,0
3609,3610,0
3610,3632,0
3610,3791,0
3610,4872,0
3610,4878,0
3610,4906,0
3610,4917,0
3610,4918,0
3610,4919,0
3611,3612,0
3612,3613,0
3612,3614,0
3612,3675,0
3612,3676,0
3612,3691,0
3616,3617,0
3617,3730,0
3617,3731,0
3618,3619,0
3618,3620,0
3618,3621,0
3621,4525,0
3621,4555,0
3622,3623,0
3623,3629,0
3623,4892,0
3623,4893,0
3623,4894,0
3625,3626,0
3626,3801,0
3627,3628,0
3628,3712,0
3630,3631,0
3631,3705,0
3631,3706,0
3631,3707,0
3634,3635,0
3635,3845,0
3636,3637,0
3637,3691,0
3642,3643,0
3642,3644,0
3643,3644,0
3644,3731,0
3644,3739,0
3645,3646,0
3645,3647,0
3645,3648,0
3646,3649,0
3646,3650,0
3648,3798,0
3649,3797,0
3650,3657,0
3651,3652,0
3653,3654,0
3653,3655,0
3654,3717,0
3654,3718,0
3656,3657,0
3658,3659,0
3659,3660,0
3659,3663,0
3659,3664,0
3663,3769,0
3664,3848,0
3665,3767,0
3665,3768,0
3668,3669,0
3671,3672,0
3671,3673,0
3673,3766,0
3675,3676,0
3675,3677,0
3679,3777,0
3680,3681,0
3683,3684,0
3683,3685,0
3683,3686,0
3685,3765,0
3687,3688,0
3694,3695,0
3696,3725,0
3697,3698,0
3697,3699,0
3701,3702,0
3701,3703,0
3707,3737,0
3707,3849,0
3708,3709,0
3708,3710,0
3709,3737,0
3709,3793,0
3709,3794,0
3710,3729,0
3711,3712,0
3714,3715,0
3720,3721,0
3721,3722,0
3723,3753,0
3726,3813,0
3727,3813,0
3728,3792,0
3733,3771,0
3734,3736,0
3735,3764,0
3736,3840,0
3736,3841,0
3738,3739,0
3740,3741,0
3741,3797,0
3742,3743,0
3742,3744,0
3742,3745,0
3744,3746,0
3745,3749,0
3746,3747,0
3746,3748,0
3747,3749,0
3749,3750,0
3751,3773,0
3753,3766,0
3754,3755,0
3754,3756,0
3758,3759,0
3759,3764,0
3760,3761,0
3761,3763,0
3762,3763,0
3763,3764,0
3763,3765,0
3768,3811,0
3771,3772,0
3774,3775,0
3774,3776,0
3778,3779,0
3779,3796,0
3779,3847,0
3780,3781,0
3782,3783,0
3786,3787,0
3786,3788,0
3786,3789,0
3787,3821,0
3789,3839,0
3790,3791,0
3791,4904,0
3794,3825,0
3798,3799,0
3799,3819,0
3799,3822,0
3802,3803,0
3803,3817,0
3803,3818,0
3807,3808,0
3819,3820,0
3821,3824,0
3824,3825,0
3825,3834,0
3828,3829,0
3831,3832,0
3833,3834,0
3834,4864,0
3834,4905,0
3834,4921,0
3835,4552,0
3835,4725,0
3843,3844,0
3850,3851,0
3850,3852,0
3851,3864,0
3851,3891,0
3852,3854,0
3853,3854,0
3853,3855,0
3853,3856,0
3854,3857,0
3854,3877,0
3854,3878,0
3854,3879,0
3854,3880,0
3855,3888,0
3856,3857,0
3856,3934,0
3856,3935,0
3858,3859,0
3858,3860,0
3858,3861,0
3859,3898,0
3860,3936,0
3860,3951,0
3861,3936,0
3862,3863,0
3862,3864,0
3862,3865,0
3863,3866,0
3865,3899,0
3865,3900,0
3866,3876,0
3866,3895,0
3866,3899,0
3866,3915,0
3867,3868,0
3868,3869,0
3868,3870,0
3868,3871,0
3869,3872,0
3869,3901,0
3869,3906,0
3869,3932,0
3869,3933,0
3870,3871,0
3870,3904,0
3872,3873,0
3872,3874,0
3874,4037,0
3875,3876,0
3876,3877,0
3877,3880,0
3877,3930,0
3881,3882,0
3881,3883,0
3881,3884,0
3881,3885,0
3881,3886,0
3883,3887,0
3883,3888,0
3883,3889,0
3884,3923,0
3884,3930,0
3886,3915,0
3886,3924,0
3886,3950,0
3886,4226,0
3886,4227,0
3886,4261,0
3886,4354,0
3886,4355,0
3887,3949,0
3888,3890,0
3888,3955,0
3888,3957,0
3888,3968,0
3888,4003,0
3888,4004,0
3888,4005,0
3888,4006,0
3889,3950,0
3889,4033,0
3890,3891,0
3891,4045,0
3892,3917,0
3893,3894,0
3893,3895,0
3893,3896,0
3893,3897,0
3895,3915,0
3895,3918,0
3895,3919,0
3895,3920,0
3895,3921,0
3895,3922,0
3896,3986,0
3896,3987,0
3897,4011,0
3897,4012,0
3898,3934,0
3898,3936,0
3899,3902,0
3899,3903,0
3899,3931,0
3899,3937,0
3899,3945,0
3900,3909,0
3900,3953,0
3900,3954,0
3900,3988,0
3900,3999,0
3900,4002,0
3901,3902,0
3901,3903,0
3901,3904,0
3901,3905,0
3901,3906,0
3904,3905,0
3904,3926,0
3904,3962,0
3906,3985,0
3907,3908,0
3907,3909,0
3907,3910,0
3907,3911,0
3907,3912,0
3908,3976,0
3909,4001,0
3910,3984,0
3910,3999,0
3911,3943,0
3911,4028,0
3912,3982,0
3912,4028,0
3913,3914,0
3914,3931,0
3915,3916,0
3915,3923,0
3915,3924,0
3916,3946,0
3916,3947,0
3916,3948,0
3917,4027,0
3918,3949,0
3918,4002,0
3920,3986,0
3921,4012,0
3922,3999,0
3923,3925,0
3924,3935,0
3925,3926,0
3925,3927,0
3925,3928,0
3925,3929,0
3928,4022,0
3929,3981,0
3930,3992,0
3930,3993,0
3930,3994,0
3930,3995,0
3930,3998,0
3930,4009,0
3930,4013,0
3930,4014,0
3930,4015,0
3930,4026,0
3930,4030,0
3933,3982,0
3933,3983,0
3935,3961,0
3935,4024,0
3935,4025,0
3935,4032,0
3935,4038,0
3935,4039,0
3936,3950,0
3936,3951,0
3936,3952,0
3937,3938,0
3937,3939,0
3937,3940,0
3937,3941,0
3937,3942,0
3937,3943,0
3937,3944,0
3939,4019,0
3940,3941,0
3941,3943,0
3942,3978,0
3942,4019,0
3943,3983,0
3943,4036,0
3949,3970,0
3949,3988,0
3949,4029,0
3949,4042,0
3952,3989,0
3953,3954,0
3954,3964,0
3955,3956,0
3956,3957,0
3956,3958,0
3957,3969,0
3958,4005,0
3958,4034,0
3959,3960,0
3959,3961,0
3960,4032,0
3960,4033,0
3963,3964,0
3963,3965,0
3964,3966,0
3965,3973,0
3966,3971,0
3966,3975,0
3967,3968,0
3967,3969,0
3967,3970,0
3969,4004,0
3970,4041,0
3971,3972,0
3972,3988,0
3972,4034,0
3973,3974,0
3973,3975,0
3976,3977,0
3976,3978,0
3978,4040,0
3979,3980,0
3980,4034,0
3982,3984,0
3982,3985,0
3983,4035,0
3987,4015,0
3987,4021,0
3987,4022,0
3987,4030,0
3989,3990,0
3989,3991,0
3991,4017,0
3992,3993,0
3992,3994,0
3992,3995,0
3993,3996,0
3995,4043,0
3996,3997,0
3997,3998,0
3999,4000,0
3999,4001,0
4003,4007,0
4006,4025,0
4007,4041,0
4007,4044,0
4008,4009,0
4008,4010,0
4009,4026,0
4009,4029,0
4010,4030,0
4010,4031,0
4012,4020,0
4013,4014,0
4013,4015,0
4016,4017,0
4017,4018,0
4018,4023,0
4019,4040,0
4021,4022,0
4023,4039,0
4024,4025,0
4035,4036,0
4036,4037,0
4038,4039,0
4041,4042,0
4046,4047,0
4047,4065,0
4047,4106,0
4048,4049,0
4048,4050,0
4048,4051,0
4049,4072,0
4049,4073,0
4050,4075,0
4051,4104,0
4051,4136,0
4052,4053,0
4052,4054,0
4053,4055,0
4054,4132,0
4055,4056,0
4055,4109,0
4056,4057,0
4057,4075,0
4058,4059,0
4059,4095,0
4059,4138,0
4060,4061,0
4060,4062,0
4061,4062,0
4061,4114,0
4062,4102,0
4062,4112,0
4062,4133,0
4063,4064,0
4063,4065,0
4063,4066,0
4063,4067,0
4064,4067,0
4064,4094,0
4064,4095,0
4064,4096,0
4065,4130,0
4066,4167,0
4068,4069,0
4068,4070,0
4068,4071,0
4069,4097,0
4069,4098,0
4069,4099,0
4070,4164,0
4071,4137,0
4072,4074,0
4072,4075,0
4072,4076,0
4072,4077,0
4072,4078,0
4073,4081,0
4074,4092,0
4074,4093,0
4075,4080,0
4075,4110,0
4075,4111,0
4075,4112,0
4075,4113,0
4077,4080,0
4078,4102,0
4078,4134,0
4079,4080,0
4079,4081,0
4079,4082,0
4080,4083,0
4080,4084,0
4082,4131,0
4083,4131,0
4084,4145,0
4085,4086,0
4085,4087,0
4086,4088,0
4086,4090,0
4086,4091,0
4087,4124,0
4087,4128,0
4087,4154,0
4088,4089,0
4089,4142,0
4089,4158,0
4090,4135,0
4091,4093,0
4091,4144,0
4091,4152,0
4093,4112,0
4094,4106,0
4094,4117,0
4095,4134,0
4095,4155,0
4095,4156,0
4095,4157,0
4096,4166,0
4099,4100,0
4099,4102,0
4099,4103,0
4100,4101,0
4101,4104,0
4101,4105,0
4102,4136,0
4102,4146,0
4102,4151,0
4102,4152,0
4103,4170,0
4104,4125,0
4104,4126,0
4105,4136,0
4107,4108,0
4108,4117,0
4108,4174,0
4109,4129,0
4112,4149,0
4114,4115,0
4115,4135,0
4115,4141,0
4115,4146,0
4115,4152,0
4116,4129,0
4118,4119,0
4118,4120,0
4119,4137,0
4120,4138,0
4121,4122,0
4121,4123,0
4122,4124,0
4123,4147,0
4127,4128,0
4128,4147,0
4128,4150,0
4130,4157,0
4130,4166,0
4132,4159,0
4133,4134,0
4134,4153,0
4135,4144,0
4135,4152,0
4135,4153,0
4137,4138,0
4139,4140,0
4139,4141,0
4139,4142,0
4139,4143,0
4140,4141,0
4143,4152,0
4147,4148,0
4148,4154,0
4159,4160,0
4160,4161,0
4161,4162,0
4161,4163,0
4162,4169,0
4163,4169,0
4165,4166,0
4165,4167,0
4166,4168,0
4169,4206,0
4169,4208,0
4170,4171,0
4170,4172,0
4170,4173,0
4175,4176,0
4176,4178,0
4176,4180,0
4176,4181,0
4176,4182,0
4177,4178,0
4178,4179,0
4178,4180,0
4180,4192,0
4180,4193,0
4180,4194,0
4182,4239,0
4182,4279,0
4182,4301,0
4182,4315,0
4183,4184,0
4183,4185,0
4183,4186,0
4184,4191,0
4184,4199,0
4184,4322,0
4184,4323,0
4185,4190,0
4185,4306,0
4185,4364,0
4185,4375,0
4187,4188,0
4187,4189,0
4188,4190,0
4188,4191,0
4189,4398,0
4189,4399,0
4190,4191,0
4190,4249,0
4190,4274,0
4190,4332,0
4190,4344,0
4191,4345,0
4192,4220,0
4192,4259,0
4192,4260,0
4192,4261,0
4193,4194,0
4193,4226,0
4193,4314,0
4194,4226,0
4195,4196,0
4196,4197,0
4196,4198,0
4196,4199,0
4198,4323,0
4200,4201,0
4200,4202,0
4201,4228,0
4201,4229,0
4201,4230,0
4202,4257,0
4203,4204,0
4203,4205,0
4204,4228,0
4204,4231,0
4204,4258,0
4204,4298,0
4205,4389,0
4205,4390,0
4205,4391,0
4205,4392,0
4207,4208,0
4208,4216,0
4208,4234,0
4208,4235,0
4208,4236,0
4209,4210,0
4209,4211,0
4209,4212,0
4209,4213,0
4209,4214,0
4210,4212,0
4212,4243,0
4214,4384,0
4214,4385,0
4215,4216,0
4215,4217,0
4215,4218,0
4215,4219,0
4216,4228,0
4216,4291,0
4216,4292,0
4220,4239,0
4220,4240,0
4220,4241,0
4221,4222,0
4221,4223,0
4221,4224,0
4221,4225,0
4222,4226,0
4222,4227,0
4226,4319,0
4228,4285,0
4228,4295,0
4228,4296,0
4228,4297,0
4229,4296,0
4229,4402,0
4231,4232,0
4231,4233,0
4234,4237,0
4235,4238,0
4236,4290,0
4237,4342,0
4239,4255,0
4239,4277,0
4239,4280,0
4239,4284,0
4240,4255,0
4240,4275,0
4240,4302,0
4240,4306,0
4241,4383,0
4242,4243,0
4242,4265,0
4243,4265,0
4243,4376,0
4245,4319,0
4246,4247,0
4246,4248,0
4247,4294,0
4250,4251,0
4250,4252,0
4250,4253,0
4251,4254,0
4251,4255,0
4251,4256,0
4254,4262,0
4254,4263,0
4255,4256,0
4255,4299,0
4255,4301,0
4257,4258,0
4258,4317,0
4259,4287,0
4259,4288,0
4259,4289,0
4260,4261,0
4261,4356,0
4264,4265,0
4265,4266,0
4265,4267,0
4265,4269,0
4267,4268,0
4269,4343,0
4272,4273,0
4273,4274,0
4274,4324,0
4274,4332,0
4274,4350,0
4275,4276,0
4277,4278,0
4277,4279,0
4279,4311,0
4279,4312,0
4279,4313,0
4280,4281,0
4280,4282,0
4280,4283,0
4281,4307,0
4281,4308,0
4281,4309,0
4281,4310,0
4284,4377,0
4284,4378,0
4284,4379,0
4284,4380,0
4284,4381,0
4284,4382,0
4285,4286,0
4286,4328,0
4286,4329,0
4291,4292,0
4291,4327,0
4292,4362,0
4292,4363,0
4295,4365,0
4295,4366,0
4295,4367,0
4295,4368,0
4295,4369,0
4297,4317,0
4298,4320,0
4298,4321,0
4299,4300,0
4301,4346,0
4301,4347,0
4301,4348,0
4301,4349,0
4302,4303,0
4302,4304,0
4302,4305,0
4315,4316,0
4318,4319,0
4322,4335,0
4322,4336,0
4322,4337,0
4322,4338,0
4322,4339,0
4323,4374,0
4324,4325,0
4324,4326,0
4332,4333,0
4332,4334,0
4333,4340,0
4333,4341,0
4335,4370,0
4335,4371,0
4335,4372,0
4335,4373,0
4344,4357,0
4344,4358,0
4344,4359,0
4344,4360,0
4344,4361,0
4345,4393,0
4345,4394,0
4350,4351,0
4350,4352,0
4350,4353,0
4374,4387,0
4374,4388,0
4375,4400,0
4375,4401,0
4392,4395,0
4392,4396,0
4392,4397,0
4403,4404,0
4403,4405,0
4403,4406,0
4403,4407,0
4403,4408,0
4404,4405,0
4404,4419,0
4404,4436,0
4404,4441,0
4404,4445,0
4404,4446,0
4404,4447,0
4404,4448,0
4405,4422,0
4405,4446,0
4407,4408,0
4407,4415,0
4407,4443,0
4407,4444,0
4407,4452,0
4407,4453,0
4407,4480,0
4407,4481,0
4407,4483,0
4408,4447,0
4408,4470,0
4409,4410,0
4409,4411,0
4410,4412,0
4410,4416,0
4411,4413,0
4411,4416,0
4411,4419,0
4411,4422,0
4411,4431,0
4411,4436,0
4411,4458,0
4411,4459,0
4411,4460,0
4412,4413,0
4413,4431,0
4413,4467,0
4414,4415,0
4415,4427,0
4415,4428,0
4415,4451,0
4415,4452,0
4415,4453,0
4415,4454,0
4416,4431,0
4417,4418,0
4417,4419,0
4417,4420,0
4417,4421,0
4417,4422,0
4417,4423,0
4417,4424,0
4417,4425,0
4417,4426,0
4417,4427,0
4417,4428,0
4418,4421,0
4418,4422,0
4418,4425,0
4418,4427,0
4418,4435,0
4419,4421,0
4419,4422,0
4419,4434,0
4419,4436,0
4419,4437,0
4419,4438,0
4420,4426,0
4420,4429,0
4420,4431,0
4420,4434,0
4420,4442,0
4421,4422,0
4421,4425,0
4421,4427,0
4421,4436,0
4422,4425,0
4422,4427,0
4422,4436,0
4422,4452,0
4422,4454,0
4423,4428,0
4423,4451,0
4423,4453,0
4424,4429,0
4424,4430,0
4424,4433,0
4424,4434,0
4424,4468,0
4424,4476,0
4424,4488,0
4424,4489,0
4425,4427,0
4425,4452,0
4427,4439,0
4427,4440,0
4427,4453,0
4427,4462,0
4428,4451,0
4428,4452,0
4428,4453,0
4428,4454,0
4429,4430,0
4429,4431,0
4429,4432,0
4429,4433,0
4429,4434,0
4430,4471,0
4431,4459,0
4431,4472,0
4432,4433,0
4432,4464,0
4432,4465,0
4432,4473,0
4432,4474,0
4432,4475,0
4432,4476,0
4432,4477,0
4432,4478,0
4433,4434,0
4433,4471,0
4433,4474,0
4434,4436,0
4434,4437,0
4434,4438,0
4434,4468,0
4434,4476,0
4434,4490,0
4436,4437,0
4436,4438,0
4436,4445,0
4436,4446,0
4436,4449,0
4436,4455,0
4436,4456,0
4436,4457,0
4437,4438,0
4437,4449,0
4437,4455,0
4437,4457,0
4437,4460,0
4437,4476,0
4437,4479,0
4438,4445,0
4438,4449,0
4438,4468,0
4438,4469,0
4438,4474,0
4438,4476,0
4438,4479,0
4439,4440,0
4440,4453,0
4443,4444,0
4443,4452,0
4443,4453,0
4443,4480,0
4443,4481,0
4443,4483,0
4444,4452,0
4444,4453,0
4444,4483,0
4445,4446,0
4445,4450,0
4445,4476,0
4446,4447,0
4446,4448,0
4446,4483,0
4447,4470,0
4447,4483,0
4447,4492,0
4449,4450,0
4450,4487,0
4451,4452,0
4451,4453,0
4451,4454,0
4452,4453,0
4452,4454,0
4452,4466,0
4453,4454,0
4456,4458,0
4459,4461,0
4463,4464,0
4464,4465,0
4465,4473,0
4465,4475,0
4465,4477,0
4466,4480,0
4466,4481,0
4467,4468,0
4467,4469,0
4468,4491,0
4473,4474,0
4474,4475,0
4474,4476,0
4475,4476,0
4475,4477,0
4475,4484,0
4477,4486,0
4482,4483,0
4484,4487,0
4493,4494,0
4494,4495,0
4494,4496,0
4495,4496,0
4495,4506,0
4496,4503,0
4496,4507,0
4497,4498,0
4497,4499,0
4501,4502,0
4501,4503,0
4506,4507,0
4506,4508,0
4507,4509,0
4513,4514,0
4514,4515,0
4516,4517,0
4517,4518,0
4524,4525,0
4524,4526,0
4525,4527,0
4525,4556,0
4525,4565,0
4525,4566,0
4525,4567,0
4526,4594,0
4526,4701,0
4527,4528,0
4528,4622,0
4529,4530,0
4529,4531,0
4529,4532,0
4529,4533,0
4530,4658,0
4530,4659,0
4531,4664,0
4531,4715,0
4531,4716,0
4531,4732,0
4531,4747,0
4532,4588,0
4532,4762,0
4534,4535,0
4534,4536,0
4534,4537,0
4535,4768,0
4536,4661,0
4536,4766,0
4538,4539,0
4538,4540,0
4539,4550,0
4540,4558,0
4540,4740,0
4541,4542,0
4542,4603,0
4543,4544,0
4543,4545,0
4543,4546,0
4543,4547,0
4543,4548,0
4544,4549,0
4545,4616,0
4545,4617,0
4545,4618,0
4546,4748,0
4546,4749,0
4547,4607,0
4548,4688,0
4549,4676,0
4549,4883,0
4549,4907,0
4549,4908,0
4549,4909,0
4551,4553,0
4551,4554,0
4552,4586,0
4552,4636,0
4553,4729,0
4553,4730,0
4553,4731,0
4554,4866,0
4554,4867,0
4556,4557,0
4558,4559,0
4558,4560,0
4559,4561,0
4561,4580,0
4562,4563,0
4562,4564,0
4563,4572,0
4563,4686,0
4565,4596,0
4566,4662,0
4567,4653,0
4568,4569,0
4568,4570,0
4568,4571,0
4569,4572,0
4569,4573,0
4570,4598,0
4571,4696,0
4572,4738,0
4572,4739,0
4573,4599,0
4573,4792,0
4574,4575,0
4574,4576,0
4575,4596,0
4576,4710,0
4576,4712,0
4576,4713,0
4577,4578,0
4578,4618,0
4579,4580,0
4579,4581,0
4580,4601,0
4580,4604,0
4580,4605,0
4581,4693,0
4581,4705,0
4582,4586,0
4584,4697,0
4585,4630,0
4587,4588,0
4587,4589,0
4587,4590,0
4589,4757,0
4589,4758,0
4591,4592,0
4591,4593,0
4592,4666,0
4593,4620,0
4594,4595,0
4595,4628,0
4595,4654,0
4596,4846,0
4597,4598,0
4597,4599,0
4597,4600,0
4598,4599,0
4600,4857,0
4601,4602,0
4602,4603,0
4603,4772,0
4606,4607,0
4607,4608,0
4608,4707,0
4608,4711,0
4609,4610,0
4609,4611,0
4610,4634,0
4610,4645,0
4610,4650,0
4611,4631,0
4611,4698,0
4612,4613,0
4612,4614,0
4613,4615,0
4614,4696,0
4615,4691,0
4616,4663,0
4616,4688,0
4616,4689,0
4617,4732,0
4619,4761,0
4619,4776,0
4620,4621,0
4621,4707,0
4621,4752,0
4621,4756,0
4622,4623,0
4622,4624,0
4622,4625,0
4623,4637,0
4623,4638,0
4623,4639,0
4624,4750,0
4624,4751,0
4626,4627,0
4626,4628,0
4626,4629,0
4629,4655,0
4630,4631,0
4631,4737,0
4632,4633,0
4632,4634,0
4632,4635,0
4633,4636,0
4634,4702,0
4634,4703,0
4636,4733,0
4637,4768,0
4637,4785,0
4639,4778,0
4640,4641,0
4640,4642,0
4641,4643,0
4641,4644,0
4641,4645,0
4641,4646,0
4641,4647,0
4641,4648,0
4641,4649,0
4642,4677,0
4644,4704,0
4644,4744,0
4645,4760,0
4646,4789,0
4646,4791,0
4650,4845,0
4651,4652,0
4651,4653,0
4652,4661,0
4653,4756,0
4653,4765,0
4654,4655,0
4655,4690,0
4655,4704,0
4656,4657,0
4657,4674,0
4657,4722,0
4657,4754,0
4657,4784,0
4660,4661,0
4662,4740,0
4663,4664,0
4663,4665,0
4664,4745,0
4666,4667,0
4666,4668,0
4667,4668,0
4667,4670,0
4667,4723,0
4667,4743,0
4668,4780,0
4669,4670,0
4669,4671,0
4669,4672,0
4669,4673,0
4670,4687,0
4672,4779,0
4673,4734,0
4673,4743,0
4674,4675,0
4674,4676,0
4675,4721,0
4675,4722,0
4676,4861,0
4676,4863,0
4677,4678,0
4677,4679,0
4677,4680,0
4677,4681,0
4678,4781,0
4678,4784,0
4682,4683,0
4682,4684,0
4682,4685,0
4683,4721,0
4687,4859,0
4688,4689,0
4691,4708,0
4691,4775,0
4692,4693,0
4692,4694,0
4693,4695,0
4697,4698,0
4699,4763,0
4700,4799,0
4700,4813,0
4701,4713,0
4705,4706,0
4706,4768,0
4706,4778,0
4709,4710,0
4710,4735,0
4715,4716,0
4715,4717,0
4715,4718,0
4715,4719,0
4716,4720,0
4720,4747,0
4720,4769,0
4722,4777,0
4723,4724,0
4724,4749,0
4724,4767,0
4726,4733,0
4726,4761,0
4727,4843,0
4727,4844,0
4732,4746,0
4732,4860,0
4735,4736,0
4738,4786,0
4739,4854,0
4741,4742,0
4741,4743,0
4747,4770,0
4749,4759,0
4750,4752,0
4750,4753,0
4751,4766,0
4753,4768,0
4754,4755,0
4757,4783,0
4758,4855,0
4762,4851,0
4763,4798,0
4763,4803,0
4763,4834,0
4763,4835,0
4764,4765,0
4770,4771,0
4773,4820,0
4773,4822,0
4773,4838,0
4774,4815,0
4777,4848,0
4779,4858,0
4781,4782,0
4789,4790,0
4792,4853,0
4792,4854,0
4793,4794,0
4793,4795,0
4794,4810,0
4795,4803,0
4796,4797,0
4796,4798,0
4797,4808,0
4799,4800,0
4800,4801,0
4801,4802,0
4802,4813,0
4803,4804,0
4803,4805,0
4803,4806,0
4804,4807,0
4804,4811,0
4804,4816,0
4804,4831,0
4805,4807,0
4808,4809,0
4809,4810,0
4811,4812,0
4812,4814,0
4812,4821,0
4812,4824,0
4812,4829,0
4812,4830,0
4814,4815,0
4815,4822,0
4815,4832,0
4815,4837,0
4816,4817,0
4817,4821,0
4818,4819,0
4818,4820,0
4819,4833,0
4822,4823,0
4823,4841,0
4823,4842,0
4824,4825,0
4826,4827,0
4826,4828,0
4828,4850,0
4831,4832,0
4833,4836,0
4834,4839,0
4836,4837,0
4838,4840,0
4839,4840,0
4846,4847,0
4848,4849,0
4852,4853,0
4854,4856,0
4861,4862,0
4862,4864,0
4862,4876,0
4863,4864,0
4865,4870,0
4865,4909,0
4866,4883,0
4866,4886,0
4866,4887,0
4867,4887,0
4868,4869,0
4868,4870,0
4869,4923,0
4870,4923,0
4871,4872,0
4871,4873,0
4871,4874,0
4872,4889,0
4874,4931,0
4875,4876,0
4877,4878,0
4877,4879,0
4877,4880,0
4879,4913,0
4880,4881,0
4881,4882,0
4882,4914,0
4883,4884,0
4883,4885,0
4887,4921,0
4888,4889,0
4889,4890,0
4889,4891,0
4890,4913,0
4890,4916,0
4891,4911,0
4892,4927,0
4892,4928,0
4893,4924,0
4894,4915,0
4895,4896,0
4897,4898,0
4898,4903,0
4900,4901,0
4904,4905,0
4909,4922,0
4910,4911,0
4910,4912,0
4911,4920,0
4912,4932,0
4913,4914,0
4913,4915,0
4917,4929,0
4919,4929,0
4919,4932,0
4924,4925,0
4924,4926,0
4925,4927,0
4926,4930,0
4933,4934,0
4934,4941,0
4936,4938,0
4937,4938,0
4939,4940,0
