1,2,0
1,3,0
1,4,0
1,5,0
1,6,0
1,7,0
1,8,0
1,9,0
10,2,0
10,11,0
10,12,0
10,3,0
10,13,0
10,14,0
10,15,0
10,16,0
10,17,0
10,18,0
10,19,0
10,20,0
10,21,0
10,22,0
10,23,0
10,24,0
25,26,0
25,27,0
25,13,0
25,28,0
25,29,0
25,30,0
25,31,0
25,32,0
25,17,0
25,33,0
25,34,0
25,35,0
25,20,0
25,36,0
25,37,0
25,38,0
25,39,0
25,40,0
25,41,0
25,42,0
2,1,0
2,10,0
2,43,0
2,44,0
2,13,0
2,4,0
2,5,0
2,45,0
2,46,0
2,47,0
2,48,0
2,49,0
2,50,0
2,7,0
2,8,0
2,51,0
2,52,0
2,53,0
2,9,0
2,54,0
55,56,0
55,57,0
55,58,0
55,48,0
55,59,0
55,60,0
55,61,0
55,62,0
55,41,0
55,63,0
55,64,0
55,65,0
55,66,0
67,68,0
67,69,0
67,70,0
67,52,0
67,53,0
67,71,0
67,72,0
67,73,0
74,28,0
74,75,0
74,76,0
74,77,0
74,78,0
74,79,0
74,80,0
74,81,0
74,82,0
74,38,0
74,83,0
74,84,0
74,85,0
74,86,0
11,10,0
11,2,0
11,4,0
11,16,0
11,69,0
11,87,0
11,52,0
11,23,0
11,88,0
11,89,0
90,91,0
90,46,0
90,92,0
90,93,0
90,47,0
90,94,0
90,95,0
90,96,0
97,43,0
97,44,0
97,3,0
97,5,0
97,98,0
97,99,0
97,68,0
97,100,0
97,101,0
97,32,0
97,18,0
97,102,0
97,103,0
97,104,0
97,52,0
105,1,0
105,11,0
105,44,0
105,27,0
105,3,0
105,14,0
105,106,0
105,5,0
105,6,0
105,59,0
105,17,0
105,107,0
105,108,0
105,9,0
12,10,0
12,13,0
12,109,0
12,110,0
12,111,0
12,108,0
12,23,0
12,112,0
43,1,0
43,2,0
43,105,0
43,3,0
43,4,0
43,14,0
43,5,0
43,113,0
43,59,0
43,8,0
44,2,0
44,105,0
44,27,0
44,3,0
44,4,0
44,14,0
44,5,0
44,59,0
44,17,0
44,107,0
26,25,0
26,13,0
26,45,0
26,114,0
26,115,0
26,116,0
26,49,0
26,117,0
26,118,0
26,36,0
26,61,0
26,119,0
26,120,0
26,54,0
26,121,0
27,2,0
27,105,0
27,44,0
27,3,0
27,28,0
27,14,0
27,106,0
27,122,0
27,45,0
27,77,0
27,123,0
27,47,0
27,113,0
27,59,0
27,60,0
27,34,0
27,20,0
27,7,0
27,8,0
27,107,0
27,22,0
27,40,0
27,124,0
27,125,0
27,42,0
27,54,0
27,66,0
27,126,0
3,1,0
3,10,0
3,97,0
3,105,0
3,43,0
3,27,0
3,4,0
3,14,0
3,57,0
3,45,0
3,6,0
3,113,0
3,59,0
3,17,0
3,7,0
3,8,0
3,22,0
3,127,0
3,128,0
3,129,0
3,9,0
13,10,0
13,2,0
13,12,0
13,43,0
13,44,0
13,26,0
13,3,0
13,5,0
13,45,0
13,100,0
13,36,0
13,130,0
13,108,0
13,22,0
13,131,0
13,128,0
13,52,0
13,23,0
13,53,0
13,24,0
4,1,0
4,10,0
4,2,0
4,11,0
4,105,0
4,43,0
4,44,0
4,3,0
4,29,0
4,56,0
4,5,0
4,45,0
4,48,0
4,132,0
4,108,0
4,133,0
28,74,0
28,33,0
28,34,0
28,35,0
28,8,0
28,107,0
28,39,0
28,40,0
28,124,0
28,42,0
75,74,0
75,76,0
75,77,0
75,79,0
75,83,0
75,134,0
75,84,0
75,135,0
75,65,0
75,86,0
75,66,0
109,12,0
109,136,0
109,110,0
109,111,0
109,108,0
109,23,0
109,137,0
29,2,0
29,27,0
29,4,0
29,28,0
29,5,0
29,45,0
29,138,0
29,48,0
29,50,0
29,132,0
29,108,0
29,51,0
29,139,0
14,2,0
14,105,0
14,44,0
14,27,0
14,3,0
14,106,0
14,5,0
14,59,0
14,60,0
14,7,0
14,8,0
14,22,0
14,140,0
14,63,0
106,1,0
106,105,0
106,27,0
106,3,0
106,28,0
106,14,0
106,141,0
106,47,0
106,113,0
106,59,0
106,142,0
106,143,0
106,7,0
106,140,0
106,71,0
56,55,0
56,57,0
56,58,0
56,48,0
56,144,0
56,145,0
56,63,0
56,146,0
57,55,0
57,74,0
57,3,0
57,56,0
57,58,0
57,147,0
57,59,0
57,148,0
57,79,0
57,61,0
57,41,0
57,63,0
57,146,0
57,149,0
57,150,0
57,86,0
122,27,0
122,76,0
122,151,0
122,152,0
122,153,0
122,154,0
122,30,0
122,107,0
122,82,0
122,38,0
122,155,0
122,139,0
122,54,0
122,156,0
5,1,0
5,10,0
5,2,0
5,105,0
5,12,0
5,43,0
5,44,0
5,3,0
5,13,0
5,4,0
5,109,0
5,29,0
5,14,0
5,98,0
5,49,0
5,51,0
5,157,0
76,74,0
76,75,0
76,56,0
76,57,0
76,122,0
76,77,0
76,151,0
76,153,0
76,154,0
76,79,0
76,82,0
76,38,0
76,83,0
76,139,0
76,158,0
45,67,0
45,27,0
45,3,0
45,159,0
45,69,0
45,87,0
45,127,0
45,129,0
45,112,0
45,24,0
15,10,0
15,68,0
15,18,0
15,142,0
15,160,0
15,87,0
15,150,0
6,1,0
6,2,0
6,98,0
6,49,0
6,113,0
6,117,0
6,9,0
6,71,0
77,74,0
77,75,0
77,76,0
77,79,0
77,83,0
77,84,0
77,135,0
77,65,0
77,86,0
77,66,0
58,55,0
58,56,0
58,57,0
58,48,0
58,59,0
58,60,0
58,62,0
58,41,0
58,63,0
58,146,0
91,90,0
91,48,0
46,2,0
46,98,0
46,92,0
46,161,0
46,147,0
46,93,0
46,115,0
46,47,0
46,48,0
46,49,0
46,100,0
46,50,0
46,69,0
46,103,0
46,53,0
46,162,0
46,73,0
141,98,0
141,163,0
141,161,0
141,47,0
141,94,0
141,143,0
141,164,0
141,165,0
141,166,0
141,167,0
141,70,0
141,128,0
141,88,0
141,85,0
141,71,0
141,72,0
141,24,0
98,55,0
98,92,0
98,94,0
98,154,0
98,48,0
98,49,0
98,117,0
98,168,0
98,144,0
98,169,0
98,53,0
98,162,0
98,126,0
136,109,0
136,14,0
136,170,0
136,171,0
136,36,0
136,127,0
136,133,0
136,137,0
136,121,0
163,141,0
163,98,0
163,138,0
163,92,0
163,170,0
163,93,0
163,115,0
163,47,0
163,172,0
163,148,0
163,165,0
163,127,0
163,41,0
163,149,0
163,24,0
163,73,0
138,151,0
138,92,0
138,161,0
138,147,0
138,173,0
138,115,0
138,47,0
138,172,0
138,94,0
138,95,0
138,154,0
138,174,0
138,168,0
151,138,0
151,161,0
151,175,0
151,173,0
151,153,0
151,172,0
151,154,0
151,78,0
151,174,0
151,168,0
151,158,0
151,176,0
92,163,0
92,138,0
92,147,0
92,170,0
92,175,0
92,93,0
92,115,0
92,47,0
92,172,0
92,94,0
92,95,0
92,48,0
92,96,0
92,177,0
92,178,0
123,1,0
123,113,0
123,80,0
123,7,0
123,22,0
123,124,0
123,9,0
161,46,0
161,141,0
161,138,0
161,151,0
161,147,0
161,172,0
161,48,0
161,164,0
161,144,0
161,166,0
161,167,0
161,169,0
161,88,0
161,156,0
161,178,0
147,46,0
147,138,0
147,151,0
147,92,0
147,161,0
147,170,0
147,175,0
147,93,0
147,115,0
147,47,0
147,172,0
147,95,0
147,96,0
147,177,0
147,31,0
147,167,0
147,70,0
147,73,0
170,138,0
170,92,0
170,115,0
170,116,0
170,96,0
170,50,0
170,179,0
170,165,0
170,62,0
170,54,0
170,121,0
170,73,0
152,180,0
152,181,0
152,144,0
152,145,0
152,182,0
152,183,0
152,139,0
152,184,0
152,185,0
175,141,0
175,151,0
175,92,0
175,93,0
175,172,0
175,94,0
175,186,0
175,166,0
173,76,0
173,46,0
173,138,0
173,151,0
173,115,0
173,153,0
173,172,0
173,154,0
173,78,0
173,187,0
173,188,0
173,174,0
173,81,0
173,36,0
173,168,0
114,115,0
114,36,0
114,167,0
114,120,0
93,46,0
93,163,0
93,92,0
93,147,0
93,170,0
93,115,0
93,47,0
93,96,0
93,177,0
93,100,0
93,32,0
115,92,0
115,170,0
115,114,0
115,93,0
115,47,0
115,96,0
115,100,0
115,20,0
115,36,0
115,165,0
115,120,0
115,54,0
47,46,0
47,141,0
47,163,0
47,138,0
47,92,0
47,170,0
47,93,0
47,115,0
47,96,0
47,177,0
47,54,0
153,76,0
153,138,0
153,151,0
153,173,0
153,154,0
153,189,0
153,190,0
153,82,0
191,2,0
191,97,0
191,6,0
191,100,0
191,192,0
191,69,0
191,9,0
99,67,0
99,46,0
99,98,0
99,189,0
99,50,0
99,20,0
99,69,0
99,51,0
99,53,0
172,163,0
172,138,0
172,151,0
172,92,0
172,170,0
172,175,0
172,47,0
172,186,0
172,131,0
172,166,0
172,167,0
172,70,0
172,41,0
94,141,0
94,151,0
94,92,0
94,175,0
94,47,0
94,95,0
94,193,0
94,166,0
94,167,0
94,85,0
95,90,0
95,92,0
95,94,0
95,154,0
95,80,0
95,193,0
95,190,0
95,85,0
95,194,0
154,138,0
154,151,0
154,153,0
154,95,0
154,174,0
154,190,0
154,82,0
154,168,0
116,26,0
116,170,0
116,114,0
116,115,0
116,47,0
116,172,0
116,165,0
116,61,0
116,62,0
116,70,0
116,128,0
116,120,0
116,41,0
116,54,0
116,156,0
116,121,0
78,74,0
78,151,0
78,173,0
78,187,0
78,188,0
78,79,0
78,174,0
78,81,0
78,190,0
78,82,0
78,168,0
78,195,0
78,196,0
48,2,0
48,4,0
48,56,0
48,58,0
48,46,0
48,193,0
48,69,0
96,1,0
96,46,0
96,141,0
96,163,0
96,138,0
96,92,0
96,147,0
96,170,0
96,93,0
96,115,0
96,47,0
96,172,0
96,94,0
96,95,0
96,116,0
96,48,0
96,129,0
68,67,0
68,15,0
68,49,0
68,177,0
68,18,0
68,50,0
68,36,0
49,2,0
49,6,0
49,98,0
49,94,0
49,117,0
30,29,0
30,151,0
30,153,0
30,20,0
30,158,0
30,196,0
197,6,0
197,9,0
113,25,0
113,2,0
113,43,0
113,44,0
113,27,0
113,3,0
113,14,0
113,106,0
113,122,0
113,6,0
113,123,0
113,59,0
113,198,0
113,32,0
113,171,0
113,159,0
113,19,0
113,35,0
113,36,0
113,7,0
113,8,0
113,107,0
113,108,0
113,140,0
113,40,0
113,124,0
113,133,0
113,125,0
113,9,0
113,184,0
113,42,0
113,156,0
113,185,0
117,6,0
117,98,0
117,49,0
117,199,0
117,140,0
117,9,0
177,163,0
177,92,0
177,147,0
177,170,0
177,93,0
177,115,0
177,47,0
177,96,0
177,68,0
100,46,0
100,93,0
100,16,0
100,101,0
100,32,0
100,50,0
100,102,0
100,103,0
100,24,0
16,100,0
16,101,0
16,32,0
16,102,0
16,21,0
16,69,0
16,89,0
187,163,0
187,138,0
187,151,0
187,161,0
187,175,0
187,173,0
187,172,0
187,78,0
187,188,0
187,174,0
187,81,0
187,190,0
187,186,0
187,168,0
187,134,0
187,195,0
187,176,0
187,24,0
101,100,0
101,16,0
101,50,0
101,102,0
31,147,0
31,198,0
31,17,0
31,35,0
31,8,0
31,107,0
31,84,0
59,55,0
59,43,0
59,44,0
59,27,0
59,14,0
59,57,0
59,58,0
59,17,0
59,60,0
59,7,0
59,22,0
59,70,0
59,63,0
188,151,0
188,173,0
188,78,0
188,187,0
188,174,0
188,81,0
188,190,0
188,168,0
188,195,0
188,176,0
188,73,0
148,57,0
148,46,0
148,163,0
148,115,0
148,100,0
148,17,0
148,50,0
148,179,0
148,38,0
148,62,0
148,51,0
148,127,0
148,70,0
148,52,0
148,54,0
148,24,0
148,178,0
200,2,0
200,102,0
200,53,0
200,201,0
198,31,0
198,35,0
198,107,0
32,100,0
32,101,0
32,50,0
32,102,0
32,36,0
32,160,0
79,74,0
79,75,0
79,76,0
79,77,0
79,151,0
79,78,0
79,174,0
79,81,0
79,82,0
79,144,0
17,1,0
17,10,0
17,44,0
17,147,0
17,31,0
17,189,0
17,59,0
17,148,0
17,198,0
17,18,0
17,50,0
17,35,0
17,20,0
17,160,0
17,8,0
17,107,0
17,51,0
17,127,0
17,54,0
17,201,0
17,202,0
17,24,0
18,45,0
18,15,0
18,17,0
18,20,0
18,160,0
171,98,0
171,136,0
171,188,0
171,199,0
171,36,0
171,37,0
171,203,0
171,120,0
171,137,0
159,45,0
159,127,0
50,46,0
50,101,0
50,32,0
50,17,0
50,179,0
50,118,0
50,102,0
50,160,0
50,51,0
50,53,0
50,54,0
50,73,0
179,2,0
179,163,0
179,170,0
179,148,0
179,32,0
179,17,0
179,50,0
179,118,0
179,19,0
179,20,0
179,36,0
179,160,0
179,165,0
179,51,0
179,127,0
179,70,0
179,120,0
179,54,0
179,201,0
179,121,0
179,24,0
179,73,0
118,50,0
118,179,0
118,19,0
118,131,0
118,51,0
118,73,0
60,55,0
60,27,0
60,3,0
60,14,0
60,56,0
60,57,0
60,58,0
60,59,0
60,22,0
60,63,0
60,126,0
19,10,0
19,2,0
19,45,0
19,163,0
19,48,0
19,113,0
19,32,0
19,18,0
19,50,0
19,179,0
19,160,0
19,21,0
19,204,0
19,127,0
19,40,0
19,70,0
19,124,0
19,133,0
19,72,0
19,201,0
19,73,0
142,143,0
142,165,0
142,85,0
142,194,0
102,97,0
102,68,0
102,100,0
102,16,0
102,101,0
102,32,0
102,18,0
102,50,0
102,160,0
102,103,0
102,104,0
102,52,0
80,74,0
80,57,0
80,76,0
80,151,0
80,123,0
80,95,0
80,113,0
80,174,0
80,38,0
80,83,0
80,139,0
80,184,0
80,86,0
80,195,0
33,25,0
33,28,0
33,34,0
33,37,0
33,39,0
33,40,0
33,42,0
34,28,0
34,33,0
34,39,0
34,42,0
35,28,0
35,113,0
35,31,0
35,198,0
35,17,0
35,171,0
35,33,0
35,8,0
35,107,0
35,104,0
35,42,0
199,12,0
199,98,0
199,49,0
199,117,0
199,189,0
199,32,0
199,179,0
199,19,0
199,133,0
199,24,0
199,73,0
174,151,0
174,173,0
174,154,0
174,78,0
174,188,0
174,79,0
174,80,0
174,81,0
174,190,0
174,205,0
174,168,0
174,195,0
174,176,0
81,74,0
81,151,0
81,115,0
81,78,0
81,79,0
81,82,0
81,205,0
81,168,0
81,134,0
81,195,0
81,126,0
20,10,0
20,163,0
20,17,0
20,18,0
20,160,0
20,69,0
20,127,0
36,26,0
36,13,0
36,14,0
36,46,0
36,173,0
36,114,0
36,115,0
36,68,0
36,32,0
36,171,0
36,50,0
36,21,0
36,204,0
36,119,0
36,51,0
36,120,0
36,169,0
36,133,0
36,53,0
160,10,0
160,15,0
160,17,0
160,18,0
160,20,0
206,98,0
206,110,0
206,130,0
206,111,0
206,87,0
206,129,0
206,207,0
206,112,0
206,121,0
143,95,0
143,142,0
143,85,0
143,71,0
143,194,0
208,107,0
208,203,0
208,205,0
208,157,0
208,202,0
193,48,0
193,69,0
193,166,0
193,209,0
193,125,0
193,156,0
193,178,0
110,12,0
110,109,0
110,206,0
110,130,0
110,111,0
110,87,0
110,108,0
110,23,0
110,129,0
110,207,0
110,112,0
7,1,0
7,14,0
7,123,0
7,113,0
7,8,0
7,107,0
7,140,0
8,1,0
8,43,0
8,28,0
8,17,0
8,7,0
8,107,0
8,42,0
107,28,0
107,31,0
107,17,0
107,35,0
107,208,0
107,7,0
107,8,0
107,202,0
210,208,0
210,205,0
210,157,0
210,134,0
210,66,0
210,202,0
192,97,0
192,117,0
192,171,0
192,118,0
192,199,0
192,40,0
192,120,0
192,125,0
190,188,0
190,164,0
190,168,0
190,176,0
132,4,0
132,29,0
132,130,0
132,108,0
132,201,0
37,25,0
37,28,0
37,198,0
37,171,0
37,33,0
37,34,0
37,107,0
211,97,0
211,187,0
211,130,0
211,69,0
211,203,0
211,108,0
211,204,0
211,140,0
211,125,0
211,146,0
211,139,0
211,156,0
130,105,0
130,12,0
130,109,0
130,14,0
130,206,0
130,110,0
130,132,0
130,111,0
130,87,0
130,108,0
130,23,0
130,129,0
130,207,0
130,112,0
82,74,0
82,76,0
82,151,0
82,153,0
82,95,0
82,154,0
82,78,0
82,79,0
82,81,0
82,38,0
82,134,0
38,74,0
38,148,0
38,82,0
38,83,0
38,86,0
38,196,0
38,185,0
111,12,0
111,109,0
111,206,0
111,110,0
111,87,0
111,108,0
111,70,0
111,23,0
111,129,0
111,207,0
111,112,0
164,141,0
164,174,0
164,143,0
164,190,0
164,69,0
164,168,0
164,144,0
164,134,0
164,85,0
164,156,0
164,194,0
164,176,0
165,163,0
165,170,0
165,115,0
165,142,0
165,186,0
165,61,0
165,62,0
165,70,0
165,169,0
165,63,0
165,85,0
165,156,0
165,150,0
165,195,0
165,212,0
165,73,0
186,141,0
186,138,0
186,151,0
186,92,0
186,161,0
186,175,0
186,93,0
186,172,0
186,78,0
186,188,0
186,174,0
186,81,0
186,193,0
186,165,0
186,168,0
186,166,0
186,70,0
186,156,0
186,176,0
186,178,0
21,10,0
21,46,0
21,16,0
21,50,0
21,36,0
21,87,0
21,51,0
21,53,0
21,88,0
21,89,0
69,67,0
69,45,0
69,193,0
69,204,0
69,166,0
69,169,0
69,125,0
69,88,0
69,85,0
69,156,0
69,89,0
69,72,0
69,196,0
69,73,0
87,11,0
87,12,0
87,45,0
87,15,0
87,206,0
87,110,0
87,111,0
87,21,0
87,69,0
87,155,0
87,23,0
87,88,0
87,207,0
87,213,0
87,112,0
87,89,0
87,150,0
103,46,0
103,100,0
103,32,0
203,208,0
203,210,0
203,211,0
203,205,0
203,155,0
203,157,0
203,137,0
108,10,0
108,11,0
108,12,0
108,13,0
108,4,0
108,109,0
108,29,0
108,45,0
108,98,0
108,117,0
108,206,0
108,132,0
108,130,0
108,111,0
108,70,0
108,133,0
108,112,0
108,201,0
108,24,0
22,10,0
22,27,0
22,3,0
22,14,0
22,106,0
22,57,0
22,45,0
22,58,0
22,123,0
22,113,0
22,59,0
22,7,0
205,138,0
205,151,0
205,188,0
205,174,0
205,81,0
205,208,0
205,210,0
205,190,0
205,164,0
205,168,0
205,157,0
205,134,0
205,85,0
205,158,0
205,71,0
205,135,0
205,66,0
205,195,0
205,202,0
205,176,0
204,27,0
204,36,0
204,131,0
204,51,0
204,120,0
204,196,0
168,138,0
168,151,0
168,175,0
168,173,0
168,172,0
168,154,0
168,78,0
168,187,0
168,188,0
168,174,0
168,81,0
168,193,0
168,190,0
168,186,0
168,205,0
168,195,0
168,176,0
180,152,0
180,181,0
180,144,0
180,209,0
180,145,0
180,182,0
180,183,0
180,139,0
180,214,0
180,184,0
180,156,0
180,195,0
180,126,0
39,25,0
39,28,0
39,33,0
39,34,0
39,36,0
39,8,0
39,42,0
131,67,0
131,45,0
131,138,0
131,172,0
131,148,0
131,17,0
131,179,0
131,118,0
131,142,0
131,215,0
131,61,0
131,62,0
131,51,0
131,70,0
131,169,0
131,41,0
131,83,0
131,52,0
131,53,0
131,125,0
131,162,0
131,88,0
131,54,0
131,73,0
155,148,0
155,87,0
155,133,0
181,152,0
181,180,0
181,144,0
181,209,0
181,145,0
181,182,0
181,139,0
181,214,0
181,184,0
181,156,0
181,195,0
181,185,0
181,126,0
215,98,0
215,131,0
215,61,0
215,62,0
215,70,0
215,169,0
215,41,0
215,52,0
61,55,0
61,57,0
61,58,0
61,170,0
61,116,0
61,148,0
61,165,0
61,215,0
61,62,0
61,70,0
61,128,0
61,169,0
61,41,0
61,52,0
61,133,0
61,63,0
61,146,0
61,214,0
61,121,0
119,170,0
119,36,0
119,70,0
119,120,0
119,112,0
119,121,0
62,55,0
62,170,0
62,116,0
62,61,0
62,128,0
62,41,0
144,56,0
144,161,0
144,152,0
144,180,0
144,181,0
144,41,0
144,209,0
144,145,0
144,182,0
144,183,0
144,139,0
144,214,0
144,184,0
144,156,0
144,150,0
144,195,0
144,176,0
144,185,0
144,126,0
51,2,0
51,99,0
51,50,0
51,204,0
51,131,0
51,52,0
51,53,0
51,125,0
51,162,0
51,54,0
51,73,0
127,3,0
127,45,0
127,163,0
127,17,0
127,159,0
127,70,0
127,125,0
127,24,0
127,73,0
104,100,0
104,16,0
104,101,0
104,102,0
166,141,0
166,161,0
166,175,0
166,47,0
166,172,0
166,94,0
166,95,0
166,142,0
166,143,0
166,193,0
166,164,0
166,186,0
166,167,0
166,169,0
166,125,0
166,184,0
166,85,0
166,156,0
166,71,0
166,72,0
166,73,0
166,178,0
166,126,0
140,14,0
140,45,0
140,113,0
140,117,0
140,19,0
140,7,0
140,53,0
140,125,0
140,156,0
167,141,0
167,161,0
167,175,0
167,47,0
167,172,0
167,94,0
167,143,0
167,61,0
167,62,0
167,166,0
167,70,0
167,128,0
167,169,0
167,41,0
167,125,0
167,71,0
167,194,0
167,178,0
40,27,0
40,28,0
40,19,0
40,33,0
40,34,0
40,192,0
40,120,0
40,124,0
40,133,0
40,42,0
40,54,0
70,55,0
70,141,0
70,163,0
70,147,0
70,170,0
70,172,0
70,116,0
70,16,0
70,148,0
70,19,0
70,142,0
70,206,0
70,111,0
70,165,0
70,186,0
70,21,0
70,87,0
70,131,0
70,181,0
70,215,0
70,61,0
70,119,0
70,62,0
70,144,0
70,51,0
70,127,0
70,166,0
70,167,0
70,128,0
70,169,0
70,41,0
70,83,0
70,145,0
70,52,0
70,133,0
70,53,0
70,157,0
70,63,0
70,125,0
70,146,0
70,162,0
70,182,0
70,88,0
70,207,0
70,213,0
70,112,0
70,156,0
70,150,0
70,121,0
70,24,0
70,73,0
128,1,0
128,3,0
128,45,0
128,141,0
128,161,0
128,172,0
128,116,0
128,33,0
128,34,0
128,7,0
128,165,0
128,61,0
128,62,0
128,144,0
128,166,0
128,140,0
128,167,0
128,40,0
128,169,0
128,41,0
128,125,0
128,146,0
128,184,0
128,156,0
128,150,0
128,212,0
128,121,0
128,185,0
128,178,0
120,26,0
120,13,0
120,170,0
120,173,0
120,114,0
120,115,0
120,116,0
120,100,0
120,16,0
120,50,0
120,179,0
120,118,0
120,19,0
120,36,0
120,107,0
120,192,0
120,204,0
120,215,0
120,61,0
120,119,0
120,62,0
120,127,0
120,40,0
120,70,0
120,128,0
120,169,0
120,41,0
120,63,0
120,207,0
120,54,0
120,112,0
120,72,0
120,121,0
169,67,0
169,98,0
169,151,0
169,161,0
169,78,0
169,81,0
169,190,0
169,82,0
169,165,0
169,168,0
169,215,0
169,61,0
169,62,0
169,144,0
169,70,0
169,128,0
169,120,0
169,41,0
169,83,0
169,145,0
169,52,0
169,53,0
169,157,0
169,162,0
169,139,0
169,149,0
169,85,0
169,156,0
169,176,0
169,185,0
169,73,0
169,178,0
169,126,0
41,175,0
41,172,0
41,116,0
41,215,0
41,61,0
41,62,0
41,144,0
41,166,0
41,167,0
41,70,0
41,128,0
41,169,0
41,145,0
41,52,0
41,146,0
41,184,0
41,156,0
41,150,0
41,185,0
41,178,0
83,74,0
83,76,0
83,79,0
83,80,0
83,38,0
83,181,0
83,144,0
83,169,0
83,145,0
83,125,0
83,182,0
83,84,0
83,139,0
83,184,0
83,185,0
209,193,0
209,180,0
209,181,0
209,62,0
209,144,0
209,41,0
209,145,0
209,125,0
209,139,0
209,184,0
209,185,0
145,98,0
145,152,0
145,180,0
145,181,0
145,62,0
145,144,0
145,70,0
145,169,0
145,41,0
145,83,0
145,209,0
145,182,0
145,183,0
145,139,0
145,214,0
145,184,0
145,156,0
145,65,0
145,185,0
52,10,0
52,67,0
52,11,0
52,98,0
52,172,0
52,148,0
52,131,0
52,51,0
52,104,0
52,70,0
52,41,0
52,53,0
52,88,0
52,54,0
52,137,0
52,24,0
52,73,0
52,126,0
23,10,0
23,11,0
23,12,0
23,13,0
23,109,0
23,15,0
23,206,0
23,110,0
23,111,0
23,87,0
23,108,0
23,129,0
23,112,0
124,27,0
124,28,0
124,106,0
124,123,0
124,113,0
124,17,0
124,19,0
124,33,0
124,34,0
124,7,0
124,8,0
124,107,0
124,40,0
124,42,0
124,54,0
133,123,0
133,68,0
133,16,0
133,108,0
133,155,0
133,61,0
133,62,0
133,70,0
133,23,0
133,54,0
133,137,0
133,156,0
53,2,0
53,46,0
53,98,0
53,50,0
53,21,0
53,22,0
53,51,0
53,140,0
53,167,0
53,169,0
53,52,0
53,125,0
53,162,0
157,208,0
157,210,0
157,205,0
157,134,0
157,158,0
157,66,0
157,202,0
63,55,0
63,3,0
63,14,0
63,56,0
63,58,0
63,59,0
63,60,0
63,165,0
63,61,0
63,62,0
63,150,0
63,66,0
63,202,0
125,47,0
125,193,0
125,69,0
125,166,0
125,209,0
125,184,0
125,72,0
125,194,0
125,185,0
125,126,0
146,55,0
146,56,0
146,57,0
146,58,0
146,47,0
146,172,0
146,48,0
146,59,0
146,61,0
146,62,0
146,70,0
146,41,0
146,63,0
146,64,0
162,193,0
162,190,0
162,131,0
162,139,0
162,54,0
162,89,0
162,72,0
162,73,0
129,45,0
129,206,0
129,110,0
129,111,0
129,87,0
129,83,0
129,23,0
129,207,0
129,112,0
129,137,0
129,121,0
182,180,0
182,181,0
182,144,0
182,209,0
182,145,0
182,183,0
182,139,0
182,184,0
182,65,0
182,195,0
182,185,0
88,11,0
88,141,0
88,161,0
88,94,0
88,143,0
88,193,0
88,21,0
88,69,0
88,87,0
88,166,0
88,52,0
88,162,0
88,85,0
88,89,0
88,72,0
88,194,0
216,64,0
216,149,0
216,156,0
216,71,0
216,135,0
216,150,0
216,195,0
216,212,0
216,121,0
207,100,0
207,206,0
207,110,0
207,130,0
207,111,0
207,87,0
207,129,0
207,112,0
207,121,0
183,152,0
183,174,0
183,180,0
183,181,0
183,144,0
183,169,0
183,41,0
183,209,0
183,145,0
183,182,0
183,139,0
183,214,0
183,184,0
183,65,0
183,66,0
183,195,0
183,185,0
183,126,0
134,79,0
134,210,0
134,82,0
134,205,0
134,157,0
134,158,0
134,135,0
134,195,0
134,202,0
9,1,0
9,2,0
9,3,0
9,6,0
9,49,0
9,117,0
84,74,0
84,75,0
84,76,0
84,77,0
84,31,0
84,80,0
84,38,0
84,83,0
84,86,0
139,152,0
139,80,0
139,193,0
139,38,0
139,181,0
139,144,0
139,169,0
139,83,0
139,209,0
139,145,0
139,162,0
139,214,0
139,184,0
139,85,0
139,156,0
139,176,0
139,185,0
139,126,0
214,180,0
214,181,0
214,144,0
214,41,0
214,145,0
214,139,0
214,184,0
214,65,0
214,150,0
214,185,0
64,55,0
64,56,0
64,57,0
64,58,0
64,60,0
64,8,0
64,63,0
64,146,0
64,216,0
64,149,0
64,54,0
64,71,0
64,150,0
64,66,0
64,212,0
64,121,0
217,15,0
217,206,0
217,130,0
217,133,0
217,129,0
217,207,0
217,112,0
217,137,0
149,67,0
149,103,0
149,169,0
149,216,0
149,64,0
149,71,0
149,65,0
149,150,0
149,212,0
184,76,0
184,98,0
184,138,0
184,152,0
184,115,0
184,95,0
184,154,0
184,187,0
184,79,0
184,142,0
184,81,0
184,193,0
184,190,0
184,82,0
184,164,0
184,180,0
184,181,0
184,215,0
184,144,0
184,166,0
184,167,0
184,169,0
184,41,0
184,83,0
184,209,0
184,145,0
184,125,0
184,182,0
184,183,0
184,134,0
184,139,0
184,214,0
184,85,0
184,54,0
184,156,0
184,71,0
184,65,0
184,150,0
184,86,0
184,195,0
184,121,0
184,185,0
184,73,0
184,178,0
184,126,0
213,13,0
213,206,0
213,111,0
213,87,0
213,119,0
213,70,0
213,129,0
213,207,0
213,217,0
213,112,0
213,71,0
213,121,0
42,28,0
42,33,0
42,34,0
42,39,0
85,74,0
85,94,0
85,142,0
85,143,0
85,164,0
85,165,0
85,69,0
85,144,0
85,166,0
85,125,0
85,139,0
85,184,0
85,71,0
85,72,0
85,194,0
85,212,0
85,185,0
85,126,0
54,115,0
54,47,0
54,50,0
54,204,0
54,131,0
54,51,0
54,52,0
54,133,0
54,71,0
54,196,0
54,121,0
112,55,0
112,100,0
112,206,0
112,110,0
112,130,0
112,111,0
112,87,0
112,23,0
112,129,0
112,207,0
112,149,0
112,213,0
112,121,0
137,109,0
137,136,0
137,171,0
137,203,0
137,52,0
137,23,0
137,133,0
137,129,0
137,217,0
156,193,0
156,144,0
156,139,0
156,184,0
156,71,0
156,150,0
156,185,0
156,178,0
158,29,0
158,138,0
158,151,0
158,172,0
158,30,0
158,169,0
158,157,0
158,134,0
158,214,0
158,64,0
158,85,0
158,137,0
158,196,0
71,141,0
71,115,0
71,94,0
71,143,0
71,166,0
71,64,0
71,149,0
71,85,0
71,54,0
71,156,0
71,158,0
71,65,0
71,194,0
71,66,0
71,195,0
71,202,0
71,196,0
71,212,0
71,121,0
71,178,0
135,12,0
135,75,0
135,77,0
135,138,0
135,161,0
135,174,0
135,210,0
135,205,0
135,144,0
135,157,0
135,216,0
135,134,0
135,84,0
135,139,0
135,214,0
135,149,0
135,184,0
135,85,0
135,86,0
135,66,0
135,202,0
135,196,0
135,176,0
135,185,0
89,16,0
89,21,0
89,69,0
89,162,0
89,88,0
89,72,0
89,194,0
65,75,0
65,56,0
65,77,0
65,98,0
65,144,0
65,128,0
65,41,0
65,145,0
65,182,0
65,183,0
65,214,0
65,64,0
65,149,0
65,184,0
65,85,0
65,54,0
65,156,0
65,71,0
65,150,0
65,194,0
65,66,0
65,202,0
65,212,0
65,121,0
65,185,0
65,178,0
65,126,0
72,67,0
72,68,0
72,143,0
72,193,0
72,69,0
72,125,0
72,162,0
72,88,0
72,85,0
72,156,0
72,71,0
72,89,0
72,201,0
72,194,0
150,15,0
150,165,0
150,144,0
150,41,0
150,63,0
150,216,0
150,64,0
150,149,0
150,156,0
150,65,0
150,66,0
150,212,0
150,121,0
150,185,0
150,126,0
86,74,0
86,75,0
86,57,0
86,76,0
86,77,0
86,80,0
86,38,0
86,83,0
86,84,0
86,184,0
201,200,0
201,17,0
201,179,0
201,132,0
201,69,0
201,127,0
201,88,0
201,184,0
201,54,0
201,156,0
201,89,0
201,72,0
201,194,0
201,24,0
194,18,0
194,142,0
194,143,0
194,164,0
194,125,0
194,85,0
194,156,0
194,71,0
194,89,0
66,75,0
66,77,0
66,210,0
66,63,0
66,134,0
66,135,0
66,65,0
66,202,0
66,126,0
195,78,0
195,188,0
195,80,0
195,174,0
195,81,0
195,165,0
195,205,0
195,181,0
195,144,0
195,209,0
195,145,0
195,134,0
195,184,0
195,71,0
195,176,0
195,185,0
195,126,0
202,208,0
202,210,0
202,205,0
202,157,0
202,134,0
202,71,0
202,66,0
196,27,0
196,91,0
196,115,0
196,78,0
196,81,0
196,143,0
196,38,0
196,54,0
196,185,0
176,151,0
176,175,0
176,173,0
176,154,0
176,78,0
176,188,0
176,174,0
176,81,0
176,190,0
176,164,0
176,165,0
176,186,0
176,168,0
176,144,0
176,169,0
176,139,0
176,156,0
176,195,0
176,185,0
176,126,0
212,44,0
212,144,0
212,216,0
212,64,0
212,149,0
212,85,0
212,156,0
212,71,0
212,65,0
212,150,0
212,121,0
212,178,0
121,26,0
121,170,0
121,114,0
121,47,0
121,116,0
121,206,0
121,62,0
121,51,0
121,120,0
121,216,0
121,207,0
121,149,0
121,54,0
121,112,0
121,150,0
121,212,0
185,152,0
185,180,0
185,181,0
185,144,0
185,41,0
185,209,0
185,145,0
185,125,0
185,139,0
185,214,0
185,184,0
185,156,0
185,65,0
185,150,0
185,126,0
24,55,0
24,141,0
24,163,0
24,92,0
24,115,0
24,100,0
24,16,0
24,189,0
24,148,0
24,17,0
24,179,0
24,111,0
24,127,0
24,70,0
24,149,0
24,73,0
73,67,0
73,163,0
73,147,0
73,188,0
73,50,0
73,179,0
73,20,0
73,193,0
73,165,0
73,69,0
73,131,0
73,51,0
73,127,0
73,166,0
73,70,0
73,169,0
73,52,0
73,162,0
73,24,0
73,126,0
178,92,0
178,161,0
178,94,0
178,193,0
178,166,0
178,41,0
178,184,0
178,156,0
178,71,0
178,65,0
178,150,0
126,14,0
126,142,0
126,81,0
126,165,0
126,180,0
126,181,0
126,157,0
126,63,0
126,125,0
126,139,0
126,184,0
126,71,0
126,150,0
126,66,0
126,195,0
126,176,0
126,73,0
