1,2,0
1,3,0
1,4,0
1,5,0
1,6,0
2,113,0
2,114,0
2,115,0
2,116,0
2,117,0
3,14,0
3,139,0
3,255,0
3,283,0
3,319,0
3,487,0
3,530,0
3,642,0
3,816,0
3,823,0
3,1031,0
3,1082,0
3,1374,0
3,1406,0
3,1425,0
3,1435,0
3,1436,0
3,1437,0
3,1438,0
4,1448,0
5,664,0
5,801,0
5,1134,0
5,1591,0
6,1337,0
7,8,0
7,9,0
7,10,0
8,10,0
8,658,0
9,660,0
9,831,0
11,12,0
11,13,0
12,13,0
12,119,0
13,119,0
13,219,0
13,711,0
15,16,0
15,17,0
16,135,0
16,136,0
16,137,0
16,138,0
16,139,0
16,140,0
16,141,0
16,142,0
16,143,0
16,144,0
16,145,0
16,146,0
16,147,0
16,148,0
16,149,0
16,150,0
16,151,0
16,152,0
16,153,0
16,154,0
16,155,0
16,156,0
16,157,0
16,158,0
17,185,0
17,428,0
17,1275,0
17,1450,0
17,1511,0
17,1590,0
18,19,0
19,19,0
19,47,0
19,91,0
19,193,0
19,210,0
19,244,0
19,338,0
19,393,0
19,475,0
19,476,0
19,779,0
19,1106,0
19,1107,0
19,1108,0
19,1109,0
19,1110,0
19,1111,0
19,1112,0
19,1113,0
20,21,0
20,22,0
20,23,0
21,142,0
22,23,0
22,794,0
22,1233,0
22,1234,0
24,25,0
24,26,0
24,27,0
25,122,0
25,359,0
25,1408,0
26,30,0
26,59,0
26,78,0
26,82,0
26,112,0
26,113,0
26,199,0
26,354,0
26,374,0
26,389,0
26,400,0
26,408,0
26,431,0
26,490,0
26,570,0
26,592,0
26,647,0
26,750,0
26,803,0
26,862,0
26,878,0
26,923,0
26,969,0
26,1051,0
26,1202,0
26,1301,0
26,1345,0
26,1348,0
26,1353,0
26,1355,0
26,1362,0
26,1374,0
26,1388,0
26,1421,0
26,1516,0
26,1622,0
26,1623,0
27,411,0
28,29,0
28,30,0
28,31,0
29,199,0
29,1126,0
30,592,0
30,1076,0
30,1125,0
30,1184,0
30,1202,0
30,1267,0
30,1268,0
31,31,0
31,592,0
31,774,0
32,33,0
33,799,0
34,35,0
36,37,0
36,38,0
36,39,0
36,40,0
36,41,0
36,42,0
36,43,0
36,44,0
36,45,0
37,44,0
37,105,0
37,277,0
37,278,0
37,280,0
37,298,0
37,299,0
37,300,0
37,301,0
37,302,0
37,303,0
37,304,0
37,305,0
37,306,0
37,307,0
37,308,0
37,309,0
38,304,0
38,307,0
38,442,0
38,650,0
38,651,0
38,652,0
38,653,0
38,654,0
38,655,0
38,656,0
38,657,0
40,331,0
40,690,0
40,740,0
40,1282,0
41,46,0
41,47,0
42,257,0
45,1754,0
46,47,0
46,48,0
46,49,0
46,50,0
46,51,0
46,52,0
46,53,0
46,54,0
46,55,0
46,56,0
47,52,0
47,91,0
47,103,0
47,178,0
47,338,0
47,339,0
47,340,0
47,341,0
47,342,0
48,51,0
48,103,0
48,716,0
48,879,0
48,880,0
49,558,0
50,178,0
50,402,0
50,405,0
50,558,0
50,659,0
50,1111,0
51,103,0
51,879,0
51,1396,0
51,1717,0
52,65,0
56,1204,0
57,58,0
57,59,0
57,60,0
57,61,0
57,62,0
58,106,0
58,115,0
58,135,0
58,221,0
58,261,0
58,321,0
58,340,0
58,399,0
58,400,0
58,401,0
58,402,0
58,403,0
58,404,0
58,405,0
58,406,0
58,407,0
58,408,0
58,409,0
58,410,0
58,411,0
58,412,0
58,413,0
58,414,0
58,415,0
58,416,0
58,417,0
58,418,0
58,419,0
58,420,0
59,90,0
59,347,0
59,754,0
59,1105,0
59,1175,0
59,1210,0
59,1211,0
59,1212,0
59,1213,0
59,1214,0
59,1215,0
59,1216,0
59,1217,0
60,77,0
60,165,0
60,251,0
60,258,0
60,260,0
60,263,0
60,484,0
60,506,0
60,546,0
60,842,0
60,988,0
60,992,0
60,1079,0
60,1084,0
60,1094,0
60,1106,0
60,1141,0
60,1283,0
60,1397,0
60,1398,0
60,1399,0
60,1400,0
60,1401,0
60,1402,0
60,1403,0
60,1404,0
60,1405,0
60,1406,0
62,77,0
62,428,0
62,464,0
62,845,0
62,1058,0
62,1776,0
63,64,0
63,65,0
65,80,0
65,244,0
65,272,0
65,562,0
65,913,0
65,1318,0
65,1600,0
65,1668,0
66,67,0
67,1112,0
68,69,0
68,70,0
70,160,0
71,72,0
71,73,0
71,74,0
72,73,0
72,74,0
73,74,0
75,76,0
76,164,0
76,213,0
76,216,0
76,217,0
76,218,0
76,219,0
76,438,0
76,563,0
76,780,0
76,829,0
76,950,0
76,1067,0
76,1068,0
76,1069,0
77,78,0
77,79,0
77,80,0
78,107,0
78,145,0
78,232,0
78,260,0
78,312,0
78,412,0
78,473,0
78,686,0
78,723,0
78,724,0
78,810,0
78,826,0
78,969,0
78,1120,0
78,1222,0
78,1327,0
78,1375,0
78,1388,0
78,1389,0
78,1486,0
78,1508,0
78,1596,0
78,1598,0
78,1601,0
78,1631,0
78,1632,0
78,1633,0
79,88,0
79,89,0
79,92,0
79,147,0
79,244,0
79,284,0
79,404,0
79,413,0
79,478,0
79,1032,0
79,1068,0
79,1145,0
79,1316,0
79,1412,0
79,1638,0
79,1764,0
79,1765,0
79,1766,0
79,1767,0
79,1768,0
80,1023,0
80,1093,0
80,1191,0
80,1353,0
80,1383,0
80,1826,0
80,1827,0
81,82,0
81,83,0
82,169,0
82,170,0
82,354,0
82,355,0
82,356,0
82,357,0
82,358,0
84,84,0
84,85,0
86,87,0
87,267,0
87,268,0
87,269,0
87,747,0
88,89,0
88,90,0
88,91,0
88,92,0
88,93,0
88,94,0
89,929,0
90,91,0
91,244,0
91,779,0
91,1105,0
91,1108,0
91,1386,0
91,1711,0
92,894,0
95,96,0
97,98,0
98,355,0
99,100,0
101,102,0
101,103,0
101,104,0
101,105,0
101,106,0
101,107,0
102,103,0
102,684,0
102,685,0
103,106,0
103,684,0
104,107,0
104,684,0
104,971,0
104,972,0
105,684,0
105,1200,0
106,684,0
106,685,0
107,684,0
107,972,0
108,109,0
108,110,0
109,110,0
111,112,0
112,343,0
112,428,0
112,558,0
112,900,0
113,647,0
114,725,0
114,777,0
114,1305,0
114,1531,0
118,119,0
118,120,0
118,121,0
118,122,0
118,123,0
118,124,0
118,125,0
118,126,0
118,127,0
118,128,0
118,129,0
119,128,0
119,442,0
119,686,0
119,687,0
120,124,0
120,925,0
121,124,0
121,127,0
122,124,0
122,646,0
123,925,0
123,1469,0
124,125,0
124,127,0
124,128,0
124,129,0
124,190,0
124,241,0
124,461,0
124,529,0
124,686,0
124,862,0
124,887,0
124,925,0
124,993,0
124,1057,0
124,1171,0
124,1198,0
124,1325,0
124,1326,0
124,1432,0
124,1480,0
124,1481,0
124,1482,0
124,1483,0
125,128,0
125,236,0
125,903,0
125,925,0
126,412,0
127,925,0
128,227,0
128,925,0
128,993,0
129,925,0
130,131,0
132,133,0
132,134,0
133,183,0
133,184,0
133,185,0
134,734,0
134,763,0
135,463,0
136,487,0
137,802,0
138,1059,0
138,1524,0
141,320,0
141,322,0
141,364,0
142,411,0
142,825,0
142,1216,0
142,1540,0
142,1657,0
143,1102,0
144,401,0
144,893,0
145,145,0
145,1022,0
145,1736,0
146,1747,0
147,1013,0
148,1567,0
154,1736,0
159,160,0
159,161,0
160,1427,0
162,163,0
162,164,0
164,435,0
164,690,0
166,167,0
167,182,0
167,254,0
167,339,0
167,430,0
167,462,0
167,529,0
167,722,0
167,809,0
167,1082,0
167,1474,0
167,1475,0
167,1476,0
168,169,0
168,170,0
169,170,0
169,1233,0
169,1363,0
169,1364,0
171,171,0
171,172,0
171,173,0
171,174,0
171,175,0
171,176,0
171,177,0
172,173,0
172,174,0
172,175,0
172,176,0
172,177,0
173,174,0
173,175,0
173,177,0
174,174,0
174,175,0
174,176,0
174,177,0
174,769,0
175,175,0
175,176,0
175,177,0
175,1230,0
176,232,0
176,556,0
177,177,0
178,179,0
179,179,0
179,188,0
179,402,0
179,405,0
179,464,0
179,477,0
179,497,0
179,604,0
179,854,0
179,897,0
179,968,0
179,1111,0
179,1638,0
179,1639,0
180,181,0
181,191,0
181,195,0
181,268,0
181,291,0
181,297,0
181,424,0
181,455,0
181,533,0
181,588,0
181,589,0
181,590,0
181,591,0
181,592,0
181,593,0
181,594,0
181,595,0
181,596,0
181,597,0
181,598,0
181,599,0
181,600,0
181,601,0
181,602,0
181,603,0
181,604,0
181,605,0
181,606,0
181,607,0
181,608,0
181,609,0
181,610,0
181,611,0
181,612,0
181,613,0
181,614,0
181,615,0
181,616,0
181,617,0
181,618,0
181,619,0
181,620,0
181,621,0
181,622,0
181,623,0
181,624,0
181,625,0
181,626,0
181,627,0
181,628,0
181,629,0
181,630,0
181,631,0
181,632,0
181,633,0
181,634,0
183,390,0
185,953,0
186,187,0
187,1149,0
188,189,0
192,193,0
192,194,0
193,926,0
194,1512,0
196,197,0
196,198,0
196,199,0
196,200,0
196,201,0
196,202,0
196,203,0
197,1166,0
198,377,0
198,381,0
198,410,0
199,378,0
199,725,0
199,943,0
199,1126,0
200,477,0
202,408,0
202,1699,0
204,205,0
206,207,0
206,208,0
207,656,0
207,725,0
209,210,0
210,421,0
211,212,0
212,461,0
212,668,0
212,933,0
212,1205,0
212,1257,0
212,1258,0
212,1259,0
212,1260,0
212,1261,0
213,214,0
213,215,0
213,216,0
213,217,0
213,218,0
217,822,0
220,221,0
221,436,0
222,223,0
222,224,0
223,223,0
223,507,0
223,556,0
223,557,0
223,558,0
224,1278,0
225,226,0
225,227,0
225,228,0
227,837,0
227,838,0
227,839,0
229,230,0
230,1071,0
231,232,0
232,232,0
232,376,0
232,474,0
232,531,0
232,681,0
232,1081,0
232,1082,0
232,1083,0
232,1084,0
232,1085,0
232,1086,0
233,234,0
233,235,0
234,1349,0
237,238,0
239,240,0
239,241,0
241,252,0
241,1171,0
241,1249,0
241,1377,0
242,243,0
242,244,0
243,244,0
244,244,0
244,409,0
244,475,0
244,929,0
244,930,0
244,931,0
244,932,0
245,246,0
245,247,0
245,248,0
245,249,0
245,250,0
246,921,0
246,922,0
248,270,0
251,252,0
252,1079,0
252,1157,0
252,1406,0
252,1579,0
253,254,0
254,271,0
254,403,0
254,430,0
254,529,0
254,534,0
254,535,0
254,536,0
254,537,0
254,538,0
254,539,0
254,540,0
254,541,0
254,542,0
254,543,0
254,544,0
254,545,0
254,546,0
255,256,0
255,257,0
256,998,0
257,757,0
257,956,0
257,1295,0
257,1366,0
257,1424,0
257,1435,0
257,1546,0
257,1584,0
257,1585,0
259,260,0
259,261,0
259,262,0
259,263,0
259,264,0
260,737,0
260,769,0
260,770,0
265,266,0
266,745,0
267,267,0
267,268,0
267,269,0
267,270,0
268,269,0
270,407,0
270,464,0
270,724,0
270,764,0
270,781,0
270,945,0
270,1025,0
270,1123,0
270,1468,0
270,1511,0
270,1601,0
270,1631,0
270,1757,0
270,1777,0
270,1778,0
270,1779,0
270,1780,0
270,1781,0
270,1782,0
270,1783,0
270,1784,0
272,273,0
272,274,0
273,679,0
273,680,0
273,681,0
273,682,0
275,276,0
276,458,0
276,460,0
277,278,0
277,279,0
277,280,0
277,281,0
277,282,0
279,567,0
281,403,0
281,950,0
281,963,0
281,1055,0
281,1326,0
281,1698,0
282,282,0
282,1842,0
284,285,0
285,374,0
285,651,0
285,686,0
285,1388,0
285,1389,0
285,1390,0
285,1391,0
285,1392,0
285,1393,0
285,1394,0
285,1395,0
286,287,0
286,288,0
289,290,0
290,290,0
291,292,0
291,293,0
291,294,0
291,295,0
292,664,0
292,665,0
292,666,0
293,1099,0
294,666,0
296,297,0
298,649,0
298,1035,0
298,1036,0
299,1100,0
300,649,0
305,775,0
305,842,0
306,1604,0
307,1525,0
309,775,0
309,1153,0
310,311,0
311,934,0
311,935,0
311,1246,0
312,313,0
313,336,0
313,371,0
313,1837,0
314,315,0
314,316,0
315,316,0
315,1157,0
315,1406,0
315,1520,0
315,1521,0
315,1522,0
316,683,0
316,688,0
316,1014,0
316,1406,0
316,1420,0
316,1477,0
316,1490,0
316,1509,0
316,1521,0
316,1522,0
316,1582,0
317,317,0
318,319,0
319,505,0
319,507,0
319,749,0
320,321,0
321,951,0
321,952,0
321,953,0
323,324,0
325,326,0
327,328,0
327,329,0
328,329,0
330,331,0
331,838,0
331,1223,0
331,1224,0
331,1225,0
331,1226,0
331,1227,0
332,333,0
332,334,0
332,335,0
332,336,0
332,337,0
333,665,0
333,708,0
333,806,0
333,807,0
333,808,0
334,335,0
334,336,0
334,378,0
334,812,0
334,813,0
334,814,0
334,815,0
334,816,0
334,817,0
334,818,0
334,819,0
334,820,0
335,336,0
335,689,0
335,813,0
335,816,0
335,817,0
335,862,0
335,960,0
335,961,0
336,378,0
336,401,0
336,584,0
336,815,0
336,989,0
336,990,0
336,991,0
337,378,0
337,813,0
337,815,0
341,1692,0
343,344,0
343,345,0
343,346,0
344,346,0
345,346,0
347,348,0
347,349,0
347,350,0
347,351,0
348,635,0
348,636,0
348,637,0
349,411,0
349,825,0
349,1104,0
349,1105,0
350,754,0
350,1105,0
350,1214,0
350,1341,0
351,406,0
352,353,0
353,353,0
353,936,0
353,937,0
353,938,0
355,862,0
356,357,0
356,900,0
360,361,0
362,363,0
363,746,0
365,366,0
366,1667,0
367,368,0
368,522,0
368,720,0
368,724,0
368,766,0
368,828,0
368,947,0
368,983,0
368,1039,0
368,1059,0
368,1124,0
368,1147,0
368,1222,0
368,1304,0
368,1606,0
368,1629,0
368,1661,0
368,1682,0
368,1683,0
368,1684,0
368,1685,0
369,370,0
371,372,0
371,373,0
372,373,0
374,375,0
374,376,0
374,377,0
374,378,0
375,992,0
375,997,0
375,1013,0
375,1015,0
375,1145,0
375,1146,0
376,906,0
376,983,0
376,1252,0
376,1410,0
376,1411,0
377,708,0
377,1089,0
377,1543,0
377,1544,0
378,815,0
379,380,0
379,381,0
381,815,0
381,1316,0
382,383,0
382,384,0
383,384,0
384,856,0
384,857,0
385,386,0
387,388,0
388,1651,0
391,392,0
392,728,0
392,855,0
392,984,0
392,1545,0
393,394,0
393,395,0
393,396,0
396,1024,0
396,1278,0
396,1774,0
397,398,0
398,1015,0
398,1103,0
398,1634,0
398,1635,0
399,440,0
400,572,0
400,721,0
400,722,0
401,893,0
402,405,0
402,464,0
402,477,0
402,558,0
402,757,0
402,894,0
402,895,0
402,896,0
402,897,0
402,898,0
404,556,0
404,558,0
404,769,0
405,464,0
405,477,0
405,558,0
405,757,0
405,895,0
405,897,0
405,898,0
406,1030,0
407,409,0
407,1518,0
409,1155,0
409,1202,0
410,863,0
410,864,0
411,754,0
411,1022,0
412,923,0
412,1701,0
412,1709,0
420,1829,0
422,423,0
423,706,0
423,837,0
423,930,0
423,954,0
423,955,0
423,967,0
423,1176,0
423,1177,0
423,1178,0
425,426,0
426,439,0
426,505,0
426,1040,0
426,1541,0
426,1543,0
426,1654,0
427,428,0
428,769,0
428,1204,0
429,430,0
430,430,0
430,463,0
430,506,0
430,524,0
430,525,0
430,526,0
430,527,0
430,528,0
430,529,0
430,530,0
430,531,0
430,532,0
431,432,0
431,433,0
431,434,0
437,437,0
437,438,0
440,1006,0
441,442,0
442,449,0
442,497,0
442,512,0
442,513,0
442,514,0
442,515,0
442,516,0
442,517,0
443,444,0
445,446,0
447,448,0
448,1035,0
448,1605,0
448,1662,0
450,451,0
452,453,0
452,454,0
456,457,0
457,893,0
457,949,0
458,459,0
459,1159,0
459,1160,0
464,465,0
464,466,0
464,467,0
464,468,0
464,469,0
464,470,0
464,471,0
464,472,0
468,468,0
470,1352,0
470,1356,0
470,1357,0
470,1358,0
471,1636,0
471,1637,0
472,695,0
472,775,0
473,474,0
474,648,0
474,794,0
474,795,0
475,476,0
475,477,0
475,478,0
476,476,0
476,1110,0
476,1112,0
476,1681,0
477,604,0
477,690,0
477,757,0
477,896,0
477,1318,0
477,1691,0
477,1692,0
478,854,0
478,1318,0
478,1665,0
479,480,0
479,481,0
479,482,0
479,483,0
480,924,0
481,482,0
481,483,0
482,483,0
485,486,0
487,488,0
489,490,0
489,491,0
491,505,0
492,493,0
494,495,0
496,497,0
498,499,0
498,500,0
498,501,0
498,502,0
498,503,0
498,504,0
498,505,0
500,1144,0
504,1461,0
505,709,0
505,740,0
505,840,0
505,1117,0
505,1311,0
505,1437,0
505,1607,0
506,507,0
506,508,0
507,507,0
507,796,0
508,1059,0
509,510,0
509,511,0
518,519,0
519,1313,0
519,1378,0
519,1379,0
520,521,0
522,523,0
523,743,0
523,1407,0
523,1488,0
523,1489,0
529,956,0
529,1031,0
538,1030,0
539,975,0
539,1030,0
539,1276,0
543,1017,0
543,1506,0
543,1648,0
545,682,0
545,983,0
547,548,0
547,549,0
547,550,0
551,552,0
552,781,0
552,939,0
552,940,0
552,941,0
552,942,0
552,943,0
552,944,0
552,945,0
552,946,0
552,947,0
553,554,0
553,555,0
556,748,0
556,1044,0
556,1045,0
556,1046,0
556,1047,0
556,1048,0
558,660,0
558,661,0
558,757,0
558,852,0
558,854,0
558,1179,0
558,1431,0
558,1578,0
558,1676,0
558,1734,0
558,1735,0
559,560,0
559,561,0
559,562,0
562,1389,0
564,565,0
564,566,0
564,567,0
564,568,0
564,569,0
567,744,0
567,957,0
567,1033,0
567,1097,0
567,1098,0
571,572,0
573,574,0
574,752,0
575,576,0
577,578,0
578,1054,0
579,579,0
579,580,0
579,581,0
581,1641,0
582,583,0
583,1188,0
584,585,0
586,587,0
590,867,0
592,774,0
592,899,0
592,900,0
598,1135,0
602,1328,0
608,1328,0
608,1408,0
610,761,0
635,635,0
636,1040,0
636,1354,0
637,775,0
638,639,0
640,641,0
640,642,0
642,1231,0
642,1288,0
643,644,0
643,645,0
644,1251,0
645,903,0
648,649,0
649,691,0
649,723,0
649,724,0
649,1117,0
649,1180,0
649,1221,0
649,1333,0
649,1728,0
650,740,0
651,652,0
651,656,0
651,784,0
651,908,0
651,909,0
651,910,0
651,911,0
651,912,0
651,913,0
651,914,0
651,915,0
651,916,0
656,1334,0
656,1342,0
656,1428,0
656,1454,0
656,1611,0
656,1612,0
658,1134,0
658,1788,0
659,660,0
659,661,0
660,1111,0
660,1430,0
661,896,0
661,933,0
661,1111,0
661,1613,0
662,663,0
664,1192,0
664,1716,0
665,1140,0
665,1729,0
665,1730,0
665,1731,0
667,668,0
668,758,0
668,759,0
669,670,0
671,672,0
671,673,0
672,711,0
672,821,0
672,822,0
673,681,0
673,834,0
673,835,0
673,836,0
674,675,0
676,677,0
676,678,0
677,1072,0
677,1187,0
679,1155,0
681,690,0
681,1031,0
681,1353,0
681,1426,0
684,972,0
684,1244,0
685,1324,0
685,1429,0
685,1465,0
686,992,0
686,993,0
687,1359,0
689,690,0
690,838,0
690,1238,0
692,693,0
693,778,0
693,1587,0
694,695,0
694,696,0
695,1092,0
695,1190,0
695,1252,0
697,697,0
697,698,0
697,699,0
698,828,0
699,828,0
700,701,0
701,1228,0
701,1229,0
702,703,0
704,705,0
707,708,0
707,709,0
708,964,0
709,1403,0
709,1739,0
710,711,0
712,713,0
713,1455,0
714,715,0
717,718,0
717,719,0
721,721,0
721,1367,0
723,723,0
723,724,0
723,725,0
724,725,0
725,796,0
725,902,0
725,1032,0
725,1445,0
725,1596,0
725,1631,0
726,727,0
728,729,0
729,1173,0
729,1494,0
729,1548,0
730,731,0
731,976,0
731,977,0
732,733,0
733,835,0
733,1015,0
733,1161,0
733,1162,0
733,1163,0
735,736,0
738,739,0
740,838,0
740,1136,0
740,1230,0
740,1245,0
740,1266,0
740,1485,0
740,1509,0
741,742,0
741,743,0
743,1407,0
749,750,0
749,751,0
750,1302,0
750,1303,0
752,1624,0
752,1771,0
752,1772,0
753,754,0
753,755,0
754,755,0
754,1191,0
756,757,0
757,757,0
757,854,0
757,1343,0
757,1344,0
760,761,0
760,762,0
761,1080,0
764,765,0
764,766,0
765,1052,0
765,1053,0
766,1353,0
767,768,0
770,1117,0
770,1442,0
770,1732,0
770,1733,0
771,772,0
772,1043,0
772,1532,0
772,1533,0
772,1534,0
772,1535,0
773,774,0
773,775,0
774,840,0
774,1268,0
774,1700,0
775,780,0
775,830,0
775,992,0
775,1454,0
775,1750,0
775,1751,0
775,1752,0
776,777,0
777,1510,0
777,1666,0
777,1690,0
781,782,0
781,783,0
783,783,0
785,786,0
785,787,0
785,788,0
785,789,0
785,790,0
785,791,0
786,787,0
786,870,0
786,871,0
787,870,0
787,871,0
787,1184,0
787,1185,0
792,793,0
794,810,0
794,917,0
794,918,0
796,797,0
796,798,0
799,1278,0
800,801,0
801,1487,0
802,802,0
804,805,0
806,810,0
810,811,0
812,892,0
813,961,0
813,1072,0
813,1073,0
813,1074,0
813,1075,0
816,818,0
817,817,0
817,820,0
817,960,0
822,1760,0
822,1761,0
822,1762,0
822,1763,0
824,825,0
824,826,0
824,827,0
825,1309,0
825,1507,0
825,1577,0
829,830,0
830,935,0
830,1030,0
830,1031,0
831,832,0
831,833,0
832,1591,0
833,1099,0
833,1130,0
833,1472,0
834,1336,0
835,1328,0
836,1773,0
837,955,0
838,846,0
838,969,0
838,992,0
838,1164,0
838,1165,0
839,1117,0
839,1359,0
839,1607,0
840,841,0
840,842,0
841,1498,0
842,1212,0
842,1694,0
843,844,0
843,845,0
845,1435,0
847,848,0
847,849,0
850,851,0
851,1032,0
851,1271,0
851,1272,0
852,852,0
852,853,0
852,854,0
855,856,0
856,856,0
856,857,0
856,859,0
856,860,0
856,1834,0
857,857,0
857,858,0
857,859,0
857,860,0
857,861,0
862,863,0
862,864,0
862,865,0
862,866,0
863,864,0
863,1030,0
867,948,0
868,869,0
870,871,0
872,873,0
872,874,0
872,875,0
873,874,0
873,995,0
874,875,0
874,995,0
876,877,0
877,1260,0
879,1496,0
881,882,0
883,884,0
885,886,0
886,1147,0
888,889,0
890,891,0
893,1697,0
894,1386,0
895,1070,0
895,1274,0
895,1644,0
896,1310,0
896,1473,0
897,1170,0
899,1513,0
900,1035,0
900,1600,0
900,1601,0
900,1602,0
900,1603,0
901,902,0
903,904,0
903,905,0
906,907,0
912,1615,0
912,1616,0
912,1617,0
912,1618,0
913,1624,0
915,917,0
915,1573,0
919,920,0
921,922,0
921,1365,0
922,1365,0
925,1057,0
925,1058,0
927,928,0
928,1184,0
929,929,0
929,1010,0
934,935,0
938,999,0
938,1720,0
938,1721,0
943,1125,0
945,1545,0
954,955,0
954,956,0
955,967,0
955,968,0
955,969,0
955,970,0
956,1020,0
956,1021,0
957,958,0
957,959,0
958,959,0
959,1673,0
960,988,0
961,999,0
962,963,0
963,1034,0
963,1645,0
964,965,0
964,966,0
965,1184,0
965,1329,0
965,1330,0
965,1331,0
965,1332,0
969,1647,0
972,1337,0
973,974,0
973,975,0
975,1276,0
978,979,0
978,980,0
978,981,0
979,1376,0
982,983,0
983,983,0
983,1454,0
983,1529,0
983,1530,0
985,986,0
986,1092,0
986,1093,0
987,988,0
992,1054,0
994,994,0
995,1640,0
996,997,0
996,998,0
996,999,0
996,1000,0
996,1001,0
996,1002,0
997,1012,0
997,1013,0
998,1077,0
1000,1244,0
1001,1449,0
1003,1004,0
1003,1005,0
1004,1350,0
1004,1351,0
1007,1008,0
1009,1010,0
1011,1011,0
1013,1449,0
1013,1549,0
1013,1615,0
1013,1792,0
1013,1793,0
1015,1016,0
1017,1018,0
1018,1373,0
1019,1019,0
1022,1023,0
1022,1024,0
1022,1025,0
1022,1026,0
1022,1027,0
1022,1028,0
1022,1029,0
1025,1692,0
1026,1149,0
1026,1747,0
1030,1078,0
1031,1547,0
1037,1038,0
1041,1042,0
1042,1409,0
1046,1663,0
1046,1664,0
1049,1050,0
1049,1051,0
1053,1437,0
1054,1125,0
1054,1457,0
1055,1056,0
1056,1368,0
1058,1058,0
1058,1149,0
1058,1150,0
1058,1151,0
1058,1152,0
1058,1187,0
1058,1353,0
1058,1705,0
1059,1242,0
1059,1243,0
1060,1061,0
1062,1063,0
1063,1156,0
1064,1065,0
1064,1066,0
1065,1203,0
1066,1203,0
1066,1220,0
1068,1434,0
1072,1075,0
1073,1199,0
1073,1433,0
1087,1088,0
1090,1091,0
1093,1664,0
1094,1095,0
1094,1096,0
1095,1096,0
1095,1382,0
1096,1382,0
1098,1529,0
1098,1723,0
1099,1586,0
1101,1101,0
1108,1110,0
1109,1111,0
1109,1148,0
1110,1581,0
1111,1112,0
1111,1413,0
1112,1318,0
1112,1430,0
1114,1115,0
1116,1117,0
1117,1686,0
1118,1118,0
1118,1119,0
1118,1120,0
1118,1121,0
1119,1120,0
1119,1123,0
1120,1120,0
1120,1121,0
1120,1122,0
1120,1646,0
1122,1123,0
1123,1646,0
1125,1126,0
1126,1458,0
1127,1128,0
1127,1129,0
1131,1132,0
1133,1134,0
1134,1277,0
1134,1297,0
1134,1591,0
1134,1597,0
1135,1615,0
1135,1789,0
1135,1790,0
1135,1791,0
1137,1138,0
1137,1139,0
1137,1140,0
1142,1143,0
1145,1769,0
1149,1149,0
1149,1150,0
1149,1151,0
1149,1152,0
1149,1153,0
1150,1151,0
1150,1152,0
1151,1152,0
1154,1155,0
1155,1604,0
1157,1158,0
1164,1165,0
1166,1769,0
1167,1168,0
1169,1170,0
1170,1746,0
1172,1173,0
1172,1174,0
1181,1182,0
1182,1656,0
1183,1184,0
1184,1225,0
1184,1710,0
1184,1722,0
1186,1187,0
1187,1232,0
1189,1190,0
1191,1214,0
1191,1387,0
1191,1828,0
1192,1193,0
1192,1194,0
1192,1195,0
1192,1196,0
1192,1197,0
1201,1202,0
1202,1293,0
1202,1352,0
1204,1823,0
1204,1824,0
1204,1825,0
1206,1207,0
1206,1208,0
1206,1209,0
1207,1208,0
1208,1209,0
1216,1580,0
1216,1614,0
1218,1219,0
1225,1359,0
1235,1236,0
1235,1237,0
1236,1237,0
1237,1306,0
1239,1240,0
1239,1241,0
1241,1619,0
1247,1248,0
1249,1250,0
1252,1411,0
1252,1435,0
1252,1665,0
1253,1254,0
1254,1350,0
1254,1449,0
1255,1256,0
1256,1335,0
1258,1537,0
1260,1542,0
1262,1263,0
1263,1660,0
1263,1674,0
1263,1675,0
1264,1265,0
1265,1528,0
1268,1340,0
1269,1270,0
1270,1270,0
1270,1576,0
1271,1448,0
1271,1655,0
1273,1273,0
1277,1277,0
1278,1340,0
1278,1523,0
1278,1548,0
1278,1549,0
1278,1550,0
1278,1551,0
1278,1552,0
1278,1553,0
1278,1554,0
1278,1555,0
1278,1556,0
1278,1557,0
1278,1558,0
1278,1559,0
1278,1560,0
1279,1280,0
1281,1282,0
1284,1285,0
1286,1287,0
1289,1290,0
1291,1292,0
1294,1294,0
1296,1297,0
1297,1297,0
1298,1299,0
1298,1300,0
1299,1319,0
1303,1466,0
1307,1308,0
1312,1313,0
1313,1368,0
1314,1315,0
1316,1317,0
1316,1318,0
1317,1491,0
1319,1320,0
1321,1322,0
1321,1323,0
1321,1324,0
1322,1412,0
1323,1536,0
1324,1464,0
1328,1497,0
1331,1843,0
1338,1339,0
1339,1608,0
1344,1344,0
1346,1347,0
1348,1349,0
1353,1472,0
1360,1361,0
1369,1370,0
1371,1372,0
1376,1755,0
1376,1756,0
1380,1381,0
1383,1384,0
1383,1385,0
1386,1387,0
1390,1390,0
1391,1441,0
1391,1442,0
1392,1775,0
1408,1421,0
1408,1609,0
1409,1505,0
1414,1415,0
1414,1416,0
1414,1417,0
1414,1418,0
1414,1419,0
1421,1422,0
1421,1423,0
1428,1429,0
1429,1745,0
1429,1811,0
1429,1812,0
1429,1813,0
1429,1814,0
1429,1815,0
1429,1816,0
1429,1817,0
1429,1818,0
1435,1625,0
1435,1626,0
1437,1523,0
1437,1677,0
1437,1678,0
1439,1440,0
1441,1442,0
1443,1444,0
1446,1446,0
1447,1448,0
1448,1588,0
1448,1589,0
1450,1451,0
1452,1453,0
1456,1457,0
1459,1460,0
1459,1461,0
1460,1471,0
1462,1463,0
1463,1583,0
1464,1465,0
1467,1468,0
1470,1470,0
1471,1630,0
1478,1479,0
1484,1484,0
1486,1486,0
1487,1514,0
1491,1492,0
1491,1493,0
1494,1495,0
1499,1500,0
1501,1502,0
1503,1504,0
1515,1516,0
1515,1517,0
1519,1519,0
1525,1526,0
1525,1527,0
1538,1539,0
1561,1562,0
1562,1609,0
1563,1564,0
1564,1575,0
1565,1566,0
1565,1567,0
1565,1568,0
1566,1567,0
1566,1568,0
1567,1680,0
1568,1708,0
1569,1570,0
1571,1572,0
1574,1574,0
1587,1844,0
1592,1592,0
1593,1594,0
1595,1596,0
1596,1610,0
1598,1599,0
1600,1724,0
1600,1725,0
1601,1601,0
1609,1797,0
1609,1798,0
1609,1799,0
1609,1800,0
1609,1801,0
1609,1802,0
1609,1803,0
1609,1804,0
1609,1805,0
1609,1806,0
1609,1807,0
1615,1665,0
1615,1687,0
1615,1688,0
1620,1621,0
1627,1628,0
1642,1643,0
1649,1650,0
1652,1653,0
1655,1656,0
1656,1704,0
1656,1794,0
1656,1795,0
1656,1796,0
1658,1659,0
1663,1689,0
1664,1764,0
1664,1787,0
1669,1670,0
1669,1671,0
1670,1672,0
1671,1679,0
1683,1683,0
1684,1684,0
1687,1792,0
1687,1819,0
1692,1712,0
1692,1744,0
1692,1745,0
1693,1693,0
1695,1696,0
1702,1703,0
1706,1707,0
1713,1714,0
1715,1715,0
1718,1719,0
1721,1824,0
1726,1727,0
1732,1747,0
1732,1749,0
1733,1808,0
1733,1809,0
1733,1810,0
1737,1738,0
1740,1741,0
1740,1742,0
1740,1743,0
1747,1748,0
1752,1753,0
1758,1759,0
1769,1770,0
1782,1782,0
1785,1786,0
1820,1821,0
1820,1822,0
1830,1831,0
1832,1833,0
1835,1836,0
1838,1838,0
1839,1840,0
1841,1841,0
1843,1855,0
1843,1856,0
1845,1846,0
1846,1847,0
1848,1848,0
1849,1850,0
1851,1851,0
1852,1852,0
1853,1854,0
1857,1858,0
1859,1860,0
1861,1861,0
1862,1862,0
1862,1863,0
1864,1865,0
1866,1866,0
1867,1868,0
1869,1869,0
1870,1870,0
