38,180,0
180,294,0
180,441,0
180,599,0
294,441,0
294,599,0
441,599,0
502,921,0
426,688,0
291,522,0
118,153,0
229,284,0
229,595,0
229,680,0
284,595,0
284,680,0
595,680,0
558,730,0
82,234,0
277,642,0
277,643,0
642,643,0
119,416,0
119,501,0
119,931,0
416,501,0
416,931,0
501,931,0
334,595,0
334,926,0
595,926,0
220,746,0
72,343,0
72,694,0
343,694,0
48,931,0
48,956,0
931,956,0
424,563,0
180,453,0
180,761,0
180,841,0
453,761,0
453,841,0
761,841,0
95,680,0
31,643,0
323,476,0
323,477,0
323,950,0
323,951,0
476,477,0
476,950,0
476,951,0
477,950,0
477,951,0
950,951,0
180,387,0
334,528,0
334,958,0
528,958,0
343,400,0
343,754,0
400,754,0
229,284,0
229,680,0
284,680,0
220,944,0
132,156,0
132,477,0
132,950,0
132,951,0
156,477,0
156,950,0
156,951,0
477,950,0
477,951,0
950,951,0
48,956,0
832,838,0
153,821,0
424,714,0
91,848,0
82,141,0
82,284,0
82,680,0
141,284,0
141,680,0
284,680,0
49,180,0
334,612,0
721,838,0
384,861,0
376,413,0
417,502,0
417,921,0
502,921,0
445,684,0
131,666,0
48,153,0
48,956,0
153,956,0
77,298,0
165,841,0
522,838,0
82,284,0
82,680,0
284,680,0
153,821,0
74,334,0
74,958,0
334,958,0
130,437,0
74,958,0
11,175,0
98,119,0
98,416,0
98,931,0
119,416,0
119,931,0
416,931,0
70,485,0
161,261,0
417,502,0
417,921,0
502,921,0
153,413,0
72,180,0
72,441,0
180,441,0
126,528,0
721,838,0
666,838,0
343,400,0
284,637,0
284,680,0
637,680,0
130,164,0
130,788,0
77,150,0
664,680,0
666,769,0
950,951,0
281,424,0
349,666,0
349,769,0
666,769,0
72,805,0
10,428,0
334,789,0
384,400,0
384,692,0
400,692,0
130,437,0
130,788,0
130,834,0
437,788,0
437,834,0
788,834,0
229,284,0
199,944,0
477,875,0
666,769,0
284,680,0
284,759,0
680,759,0
389,522,0
389,944,0
522,944,0
72,219,0
413,496,0
153,821,0
417,502,0
98,931,0
72,180,0
72,441,0
180,441,0
130,437,0
403,885,0
72,805,0
222,680,0
38,180,0
48,643,0
11,384,0
11,412,0
384,412,0
153,946,0
272,417,0
272,502,0
272,921,0
417,502,0
417,921,0
502,921,0
153,946,0
91,848,0
98,501,0
98,825,0
98,931,0
501,825,0
501,931,0
825,931,0
48,643,0
72,119,0
72,499,0
72,941,0
119,499,0
119,941,0
499,941,0
98,931,0
39,496,0
39,522,0
496,522,0
130,437,0
98,675,0
98,931,0
675,931,0
77,298,0
417,502,0
334,680,0
334,595,0
153,946,0
229,680,0
229,955,0
680,955,0
48,91,0
48,643,0
91,643,0
468,779,0
11,961,0
277,779,0
471,958,0
642,643,0
642,938,0
643,938,0
603,680,0
413,821,0
349,666,0
349,769,0
666,769,0
428,938,0
11,175,0
11,804,0
175,804,0
31,643,0
166,263,0
229,284,0
229,680,0
284,680,0
666,769,0
417,921,0
384,692,0
130,437,0
130,788,0
437,788,0
352,471,0
352,958,0
471,958,0
666,769,0
48,643,0
334,612,0
82,234,0
343,400,0
343,413,0
343,931,0
400,413,0
400,931,0
413,931,0
477,951,0
92,829,0
92,880,0
829,880,0
82,95,0
82,229,0
82,284,0
82,680,0
95,229,0
95,284,0
95,680,0
229,284,0
229,680,0
284,680,0
142,944,0
39,522,0
48,72,0
48,956,0
72,956,0
153,821,0
11,384,0
74,958,0
229,603,0
132,477,0
132,875,0
132,951,0
477,875,0
477,951,0
875,951,0
114,403,0
95,867,0
543,769,0
666,838,0
70,170,0
70,496,0
170,496,0
600,870,0
600,926,0
870,926,0
153,946,0
119,499,0
119,931,0
499,931,0
72,805,0
74,958,0
334,958,0
600,926,0
334,595,0
334,784,0
334,926,0
595,784,0
595,926,0
784,926,0
558,730,0
424,462,0
424,730,0
462,730,0
74,958,0
284,680,0
284,955,0
680,955,0
642,643,0
445,643,0
478,666,0
180,412,0
471,652,0
343,754,0
170,485,0
343,754,0
39,522,0
334,958,0
334,595,0
334,926,0
595,926,0
471,958,0
48,153,0
48,956,0
153,956,0
950,951,0
343,669,0
343,801,0
669,801,0
477,875,0
119,416,0
119,501,0
119,931,0
416,501,0
416,931,0
501,931,0
82,284,0
82,680,0
82,759,0
284,680,0
284,759,0
680,759,0
70,485,0
165,848,0
180,761,0
424,714,0
153,946,0
413,496,0
74,958,0
156,286,0
156,413,0
156,496,0
286,413,0
286,496,0
413,496,0
229,680,0
229,955,0
680,955,0
222,229,0
222,680,0
229,680,0
334,595,0
153,821,0
543,666,0
543,769,0
666,769,0
39,522,0
349,666,0
349,769,0
666,769,0
31,643,0
495,502,0
495,921,0
502,921,0
72,848,0
38,180,0
229,284,0
229,680,0
229,955,0
284,680,0
284,955,0
680,955,0
413,496,0
82,229,0
82,680,0
82,955,0
229,680,0
229,955,0
680,955,0
318,832,0
426,688,0
307,680,0
220,944,0
299,944,0
72,499,0
72,941,0
499,941,0
72,119,0
72,343,0
334,595,0
138,607,0
471,958,0
82,680,0
343,558,0
119,931,0
72,805,0
119,416,0
119,931,0
416,931,0
82,195,0
82,680,0
195,680,0
138,607,0
77,298,0
180,441,0
180,453,0
441,453,0
222,229,0
222,284,0
222,680,0
229,284,0
229,680,0
284,680,0
72,98,0
72,119,0
72,416,0
72,931,0
98,119,0
98,416,0
98,931,0
119,416,0
119,931,0
416,931,0
349,769,0
349,811,0
769,811,0
59,74,0
59,914,0
59,958,0
74,914,0
74,958,0
914,958,0
343,400,0
349,769,0
119,501,0
119,785,0
119,931,0
501,785,0
501,931,0
785,931,0
664,944,0
314,426,0
48,153,0
48,811,0
153,811,0
437,834,0
132,477,0
132,477,0
132,951,0
477,951,0
11,384,0
11,384,0
11,861,0
384,861,0
334,471,0
85,221,0
85,796,0
221,796,0
730,951,0
91,848,0
664,944,0
153,188,0
543,769,0
153,327,0
165,349,0
165,769,0
349,769,0
403,885,0
48,956,0
413,543,0
413,848,0
543,848,0
35,343,0
477,951,0
471,958,0
153,821,0
477,875,0
477,953,0
875,953,0
98,119,0
98,825,0
98,931,0
119,825,0
119,931,0
825,931,0
389,944,0
48,931,0
165,167,0
165,471,0
167,471,0
74,334,0
74,595,0
74,926,0
334,595,0
334,926,0
595,926,0
334,595,0
334,680,0
595,680,0
153,821,0
82,600,0
82,926,0
600,926,0
343,669,0
153,821,0
72,343,0
113,334,0
113,612,0
113,870,0
334,612,0
334,870,0
612,870,0
349,769,0
376,413,0
424,730,0
277,643,0
304,468,0
48,72,0
48,119,0
48,931,0
72,119,0
72,931,0
119,931,0
72,153,0
502,921,0
153,327,0
385,424,0
48,180,0
48,413,0
180,413,0
642,643,0
692,861,0
220,746,0
310,594,0
71,165,0
71,931,0
165,931,0
110,471,0
98,675,0
98,931,0
675,931,0
349,769,0
72,343,0
543,769,0
98,931,0
543,769,0
72,180,0
72,180,0
284,390,0
666,769,0
153,156,0
502,921,0
125,821,0
229,955,0
72,694,0
118,153,0
77,470,0
147,180,0
156,477,0
156,951,0
477,951,0
269,417,0
269,502,0
269,555,0
269,921,0
417,502,0
417,555,0
417,921,0
502,555,0
502,921,0
555,921,0
153,821,0
410,424,0
299,522,0
299,944,0
522,944,0
72,805,0
110,471,0
74,334,0
74,471,0
74,958,0
334,471,0
334,958,0
471,958,0
556,826,0
208,595,0
500,522,0
85,221,0
388,730,0
153,821,0
180,441,0
91,153,0
39,291,0
39,522,0
291,522,0
72,119,0
153,821,0
129,180,0
129,761,0
180,761,0
180,761,0
222,680,0
343,714,0
400,754,0
343,669,0
477,953,0
77,151,0
77,298,0
151,298,0
334,612,0
334,926,0
612,926,0
543,769,0
147,180,0
334,595,0
334,926,0
595,926,0
125,426,0
208,548,0
208,595,0
548,595,0
558,730,0
424,714,0
82,234,0
130,221,0
130,834,0
221,834,0
222,680,0
334,926,0
72,499,0
72,941,0
499,941,0
543,666,0
543,769,0
666,769,0
522,543,0
153,542,0
180,585,0
107,666,0
107,721,0
666,721,0
98,675,0
98,931,0
98,943,0
675,931,0
675,943,0
931,943,0
180,441,0
180,453,0
441,453,0
222,680,0
277,779,0
522,782,0
522,944,0
782,944,0
132,477,0
132,953,0
477,953,0
132,477,0
132,875,0
132,951,0
477,875,0
477,951,0
875,951,0
48,118,0
125,821,0
222,680,0
222,284,0
208,229,0
208,595,0
229,595,0
72,694,0
48,643,0
132,951,0
39,522,0
334,789,0
180,441,0
180,585,0
441,585,0
376,413,0
153,821,0
153,828,0
821,828,0
511,821,0
423,632,0
72,416,0
72,941,0
416,941,0
717,833,0
220,746,0
220,435,0
11,445,0
72,180,0
222,680,0
153,821,0
165,349,0
165,543,0
165,769,0
165,841,0
349,543,0
349,769,0
349,841,0
543,769,0
543,841,0
769,841,0
495,502,0
495,921,0
502,921,0
666,769,0
334,926,0
186,958,0
48,180,0
384,685,0
98,931,0
91,848,0
220,339,0
220,746,0
339,746,0
72,219,0
72,119,0
72,288,0
72,931,0
119,288,0
119,931,0
288,931,0
153,188,0
153,542,0
188,542,0
199,389,0
199,944,0
389,944,0
38,180,0
543,826,0
31,428,0
502,921,0
229,334,0
229,595,0
229,680,0
334,595,0
334,680,0
595,680,0
82,141,0
82,229,0
82,284,0
82,680,0
82,955,0
141,229,0
141,284,0
141,680,0
141,955,0
229,284,0
229,680,0
229,955,0
284,680,0
284,955,0
680,955,0
48,643,0
48,643,0
666,769,0
291,522,0
195,229,0
195,284,0
195,680,0
229,284,0
229,680,0
284,680,0
11,384,0
11,929,0
384,929,0
334,595,0
153,327,0
220,944,0
229,284,0
229,680,0
284,680,0
153,821,0
72,805,0
153,828,0
218,951,0
334,789,0
384,685,0
82,234,0
82,195,0
771,944,0
334,519,0
263,730,0
906,938,0
132,477,0
132,951,0
132,953,0
477,951,0
477,953,0
951,953,0
334,612,0
48,118,0
153,931,0
424,462,0
477,953,0
485,730,0
11,175,0
717,833,0
48,643,0
334,472,0
334,789,0
472,789,0
664,680,0
153,413,0
39,522,0
477,875,0
477,953,0
875,953,0
48,643,0
119,931,0
349,666,0
349,769,0
666,769,0
59,74,0
59,471,0
59,958,0
74,471,0
74,958,0
471,958,0
74,958,0
153,946,0
72,153,0
349,769,0
170,413,0
153,156,0
48,931,0
130,437,0
74,334,0
74,958,0
334,958,0
349,769,0
299,944,0
11,384,0
11,692,0
384,692,0
48,643,0
114,403,0
114,418,0
114,885,0
403,418,0
403,885,0
418,885,0
237,528,0
471,958,0
330,838,0
379,730,0
77,298,0
334,789,0
59,74,0
59,958,0
74,958,0
95,784,0
58,343,0
132,477,0
132,953,0
477,953,0
343,669,0
343,801,0
669,801,0
543,826,0
594,944,0
39,522,0
91,413,0
437,834,0
95,867,0
643,931,0
269,272,0
269,417,0
269,502,0
269,555,0
269,921,0
272,417,0
272,502,0
272,555,0
272,921,0
417,502,0
417,555,0
417,921,0
502,555,0
502,921,0
555,921,0
74,334,0
220,944,0
95,784,0
95,867,0
784,867,0
72,219,0
186,958,0
462,805,0
107,666,0
522,782,0
522,944,0
782,944,0
153,542,0
384,412,0
222,229,0
222,680,0
229,680,0
400,754,0
318,607,0
72,98,0
72,119,0
72,288,0
72,931,0
98,119,0
98,288,0
98,931,0
119,288,0
119,931,0
288,931,0
950,951,0
220,944,0
477,953,0
48,403,0
48,418,0
48,885,0
403,418,0
403,885,0
418,885,0
72,119,0
74,652,0
74,958,0
652,958,0
666,769,0
906,938,0
477,953,0
118,153,0
48,931,0
95,867,0
72,343,0
72,496,0
343,496,0
229,284,0
229,680,0
284,680,0
477,875,0
72,165,0
125,153,0
125,821,0
153,821,0
229,595,0
85,131,0
664,680,0
476,951,0
229,603,0
229,680,0
603,680,0
48,91,0
48,413,0
91,413,0
74,958,0
870,926,0
147,180,0
389,522,0
389,944,0
522,944,0
153,327,0
118,153,0
281,424,0
281,714,0
424,714,0
170,485,0
39,522,0
126,264,0
91,413,0
384,692,0
343,801,0
72,848,0
376,413,0
180,456,0
180,654,0
456,654,0
424,730,0
389,944,0
85,221,0
72,805,0
445,684,0
85,221,0
334,958,0
403,885,0
222,284,0
471,652,0
412,692,0
119,730,0
130,788,0
118,153,0
334,612,0
153,413,0
118,153,0
261,728,0
330,682,0
277,779,0
121,838,0
48,643,0
130,437,0
153,327,0
195,296,0
153,946,0
334,595,0
334,926,0
595,926,0
376,413,0
334,595,0
678,769,0
74,958,0
126,528,0
622,730,0
59,74,0
59,914,0
59,958,0
74,914,0
74,958,0
914,958,0
59,74,0
59,958,0
74,958,0
666,769,0
72,98,0
72,416,0
72,931,0
98,416,0
98,931,0
416,931,0
385,424,0
385,714,0
424,714,0
114,403,0
114,885,0
403,885,0
362,832,0
334,595,0
334,784,0
595,784,0
477,953,0
229,548,0
229,595,0
548,595,0
343,400,0
220,944,0
220,339,0
476,950,0
476,951,0
950,951,0
220,746,0
277,779,0
141,229,0
141,284,0
141,680,0
229,284,0
229,680,0
284,680,0
74,334,0
74,595,0
334,595,0
362,832,0
74,958,0
666,769,0
522,838,0
48,643,0
343,669,0
77,298,0
112,334,0
112,958,0
334,958,0
334,595,0
118,180,0
261,263,0
478,666,0
180,441,0
471,958,0
242,471,0
424,563,0
114,403,0
114,885,0
403,885,0
334,595,0
334,784,0
334,926,0
595,784,0
595,926,0
784,926,0
59,74,0
59,914,0
59,958,0
74,914,0
74,958,0
914,958,0
153,821,0
376,413,0
642,938,0
666,769,0
477,953,0
229,284,0
229,680,0
284,680,0
39,500,0
39,522,0
500,522,0
330,384,0
424,714,0
126,277,0
126,642,0
126,643,0
277,642,0
277,643,0
642,643,0
82,234,0
291,522,0
110,352,0
110,471,0
110,652,0
110,958,0
352,471,0
352,652,0
352,958,0
471,652,0
471,958,0
652,958,0
343,413,0
85,221,0
522,543,0
424,714,0
82,195,0
82,680,0
195,680,0
72,119,0
72,931,0
119,931,0
11,861,0
352,471,0
186,664,0
186,958,0
664,958,0
141,229,0
141,680,0
229,680,0
426,688,0
72,180,0
72,456,0
180,456,0
471,958,0
165,167,0
165,471,0
167,471,0
261,728,0
334,958,0
600,870,0
600,926,0
870,926,0
413,821,0
294,441,0
72,91,0
72,343,0
91,343,0
170,485,0
85,221,0
334,958,0
403,885,0
153,821,0
334,595,0
334,784,0
334,926,0
595,784,0
595,926,0
784,926,0
48,91,0
48,413,0
48,848,0
91,413,0
91,848,0
413,848,0
95,867,0
334,595,0
334,926,0
595,926,0
113,150,0
71,165,0
222,680,0
82,195,0
349,769,0
222,229,0
222,680,0
229,680,0
49,413,0
49,496,0
413,496,0
180,761,0
141,229,0
141,680,0
229,680,0
471,958,0
130,437,0
132,826,0
277,643,0
476,951,0
424,462,0
424,730,0
462,730,0
118,153,0
477,951,0
98,931,0
58,343,0
534,838,0
48,956,0
110,471,0
110,958,0
471,958,0
77,150,0
77,298,0
77,470,0
150,298,0
150,470,0
298,470,0
131,666,0
72,180,0
72,441,0
180,441,0
477,951,0
478,666,0
666,838,0
334,528,0
334,595,0
334,784,0
334,926,0
528,595,0
528,784,0
528,926,0
595,784,0
595,926,0
784,926,0
477,953,0
153,413,0
72,119,0
72,931,0
119,931,0
281,424,0
281,791,0
424,791,0
343,928,0
119,416,0
119,501,0
119,931,0
416,501,0
416,931,0
501,931,0
400,445,0
400,616,0
445,616,0
220,944,0
352,471,0
352,958,0
471,958,0
85,131,0
861,929,0
343,400,0
343,754,0
400,754,0
477,953,0
180,413,0
906,938,0
389,944,0
113,870,0
334,595,0
72,180,0
72,456,0
180,456,0
384,412,0
666,769,0
543,769,0
119,931,0
222,680,0
417,502,0
417,921,0
502,921,0
299,511,0
299,689,0
511,689,0
334,789,0
130,221,0
180,387,0
100,528,0
180,585,0
222,680,0
334,612,0
471,958,0
349,666,0
349,769,0
666,769,0
334,595,0
417,502,0
417,921,0
502,921,0
400,692,0
220,339,0
142,584,0
141,222,0
141,680,0
222,680,0
261,728,0
349,666,0
349,769,0
666,769,0
403,418,0
403,821,0
403,885,0
418,821,0
418,885,0
821,885,0
126,528,0
92,880,0
281,424,0
349,769,0
180,841,0
343,801,0
174,424,0
666,838,0
199,310,0
10,428,0
277,643,0
48,931,0
412,692,0
153,413,0
132,477,0
132,953,0
477,953,0
48,91,0
48,413,0
91,413,0
72,848,0
31,643,0
119,499,0
119,931,0
499,931,0
229,680,0
229,955,0
680,955,0
72,805,0
277,779,0
153,821,0
282,838,0
95,222,0
594,944,0
263,730,0
522,826,0
77,298,0
222,680,0
477,875,0
477,953,0
875,953,0
77,298,0
10,428,0
457,715,0
906,938,0
310,944,0
384,928,0
229,548,0
153,821,0
11,384,0
11,929,0
384,929,0
334,612,0
558,730,0
334,595,0
48,91,0
48,413,0
91,413,0
334,870,0
528,926,0
334,471,0
334,528,0
334,958,0
471,528,0
471,958,0
528,958,0
39,522,0
39,421,0
39,522,0
421,522,0
291,522,0
511,821,0
142,594,0
142,944,0
594,944,0
400,692,0
417,921,0
114,403,0
114,885,0
403,885,0
77,298,0
77,470,0
298,470,0
72,219,0
222,664,0
222,680,0
664,680,0
153,413,0
384,585,0
334,612,0
334,789,0
612,789,0
165,167,0
165,471,0
167,471,0
349,666,0
349,769,0
666,769,0
471,958,0
334,471,0
334,680,0
334,958,0
471,680,0
471,958,0
680,958,0
72,343,0
72,413,0
72,496,0
343,413,0
343,496,0
413,496,0
349,543,0
349,769,0
543,769,0
861,929,0
334,789,0
192,229,0
192,955,0
229,955,0
48,643,0
74,528,0
74,958,0
528,958,0
153,821,0
165,848,0
180,441,0
666,769,0
334,595,0
385,424,0
132,477,0
49,180,0
417,502,0
417,555,0
417,921,0
502,555,0
502,921,0
555,921,0
98,931,0
389,944,0
180,585,0
180,643,0
585,643,0
98,931,0
477,875,0
334,958,0
229,548,0
229,595,0
229,680,0
548,595,0
548,680,0
595,680,0
669,801,0
284,680,0
153,821,0
350,543,0
445,616,0
437,788,0
310,522,0
310,543,0
310,944,0
522,543,0
522,944,0
543,944,0
5,763,0
5,847,0
763,847,0
114,403,0
114,885,0
403,885,0
82,195,0
229,284,0
229,384,0
229,680,0
229,877,0
284,384,0
284,680,0
284,877,0
384,680,0
384,877,0
680,877,0
72,219,0
72,499,0
72,694,0
219,499,0
219,694,0
499,694,0
334,612,0
334,789,0
612,789,0
126,334,0
666,769,0
284,390,0
153,956,0
125,426,0
304,643,0
180,453,0
180,761,0
453,761,0
119,288,0
119,931,0
288,931,0
98,931,0
642,938,0
229,680,0
229,955,0
680,955,0
418,885,0
424,462,0
72,219,0
72,387,0
72,499,0
72,694,0
219,387,0
219,499,0
219,694,0
387,499,0
387,694,0
499,694,0
400,754,0
48,643,0
48,849,0
643,849,0
119,288,0
119,931,0
288,931,0
843,931,0
417,502,0
417,921,0
502,921,0
284,680,0
349,769,0
263,939,0
343,669,0
284,680,0
334,612,0
334,789,0
612,789,0
334,926,0
229,955,0
48,848,0
558,730,0
263,424,0
263,730,0
424,730,0
384,692,0
220,944,0
126,334,0
126,612,0
126,926,0
334,612,0
334,926,0
612,926,0
72,413,0
72,496,0
413,496,0
229,680,0
752,942,0
272,417,0
272,502,0
417,502,0
180,761,0
72,416,0
72,931,0
416,931,0
229,680,0
229,955,0
680,955,0
284,680,0
35,343,0
666,769,0
277,642,0
277,643,0
642,643,0
48,403,0
48,418,0
48,885,0
403,418,0
403,885,0
418,885,0
477,951,0
352,471,0
403,418,0
403,885,0
418,885,0
39,522,0
376,413,0
334,612,0
484,634,0
471,958,0
98,931,0
82,603,0
906,938,0
180,445,0
156,413,0
156,485,0
413,485,0
74,958,0
334,789,0
334,870,0
789,870,0
147,180,0
58,343,0
147,180,0
222,680,0
229,284,0
229,680,0
284,680,0
349,769,0
222,680,0
330,384,0
48,72,0
48,119,0
48,931,0
72,119,0
72,931,0
119,931,0
284,680,0
48,643,0
39,522,0
58,343,0
72,219,0
72,387,0
72,499,0
72,694,0
219,387,0
219,499,0
219,694,0
387,499,0
387,694,0
499,694,0
284,384,0
284,759,0
384,759,0
138,607,0
220,435,0
222,664,0
222,680,0
664,680,0
72,180,0
72,413,0
180,413,0
39,522,0
11,384,0
190,944,0
543,826,0
82,195,0
82,234,0
195,234,0
199,944,0
229,284,0
229,307,0
284,307,0
281,424,0
229,680,0
229,955,0
680,955,0
58,343,0
77,298,0
77,470,0
298,470,0
48,91,0
48,413,0
91,413,0
334,612,0
58,102,0
528,958,0
11,274,0
11,384,0
11,412,0
11,804,0
11,832,0
11,937,0
274,384,0
274,412,0
274,804,0
274,832,0
274,937,0
384,412,0
384,804,0
384,832,0
384,937,0
412,804,0
412,832,0
412,937,0
804,832,0
804,937,0
832,937,0
77,150,0
72,119,0
72,288,0
72,931,0
119,288,0
119,931,0
288,931,0
277,643,0
413,848,0
376,413,0
334,519,0
428,643,0
349,769,0
502,921,0
132,477,0
132,951,0
132,953,0
477,951,0
477,953,0
951,953,0
147,180,0
39,91,0
39,522,0
91,522,0
410,424,0
229,284,0
229,307,0
229,680,0
229,877,0
284,307,0
284,680,0
284,877,0
307,680,0
307,877,0
680,877,0
471,958,0
199,944,0
153,821,0
424,563,0
418,885,0
664,680,0
664,867,0
680,867,0
131,666,0
229,680,0
229,955,0
680,955,0
141,229,0
141,284,0
141,680,0
229,284,0
229,680,0
284,680,0
132,477,0
132,951,0
477,951,0
413,543,0
424,730,0
110,352,0
110,471,0
352,471,0
74,958,0
39,496,0
39,522,0
496,522,0
304,468,0
291,522,0
153,946,0
558,730,0
825,843,0
825,931,0
843,931,0
220,339,0
229,284,0
147,180,0
153,188,0
72,219,0
299,944,0
72,805,0
72,941,0
805,941,0
384,931,0
220,944,0
343,669,0
48,72,0
522,838,0
334,789,0
334,870,0
789,870,0
334,789,0
410,424,0
478,666,0
58,343,0
58,801,0
343,801,0
31,428,0
31,642,0
31,643,0
428,642,0
428,643,0
642,643,0
388,730,0
457,715,0
98,931,0
11,384,0
11,692,0
384,692,0
229,955,0
170,485,0
48,643,0
48,931,0
643,931,0
48,931,0
48,956,0
931,956,0
418,885,0
130,788,0
92,880,0
153,821,0
85,221,0
477,875,0
477,953,0
875,953,0
314,821,0
334,595,0
403,885,0
310,944,0
153,821,0
666,769,0
82,195,0
82,680,0
195,680,0
72,119,0
72,931,0
119,931,0
330,384,0
48,153,0
48,956,0
153,956,0
130,788,0
72,805,0
180,294,0
180,841,0
294,841,0
77,298,0
291,522,0
85,221,0
141,229,0
141,284,0
141,384,0
141,680,0
141,955,0
229,284,0
229,384,0
229,680,0
229,955,0
284,384,0
284,680,0
284,955,0
384,680,0
384,955,0
680,955,0
261,728,0
163,261,0
220,944,0
471,958,0
349,769,0
95,867,0
153,821,0
11,861,0
199,944,0
58,343,0
666,769,0
389,944,0
350,543,0
133,680,0
170,485,0
130,788,0
98,675,0
98,931,0
675,931,0
229,284,0
229,637,0
229,807,0
284,637,0
284,807,0
637,807,0
413,485,0
413,496,0
485,496,0
72,499,0
72,941,0
499,941,0
282,721,0
110,352,0
110,471,0
352,471,0
