1,14,0
1,41,0
2,4,0
2,9,0
2,10,0
2,21,0
2,25,0
2,32,0
2,38,0
2,48,0
2,49,0
2,51,0
2,56,0
2,62,0
2,70,0
2,73,0
2,75,0
2,85,0
2,87,0
2,95,0
2,99,0
3,11,0
3,61,0
3,76,0
4,9,0
4,23,0
4,34,0
4,44,0
4,51,0
4,60,0
4,62,0
4,81,0
4,85,0
4,91,0
6,12,0
6,34,0
6,52,0
6,54,0
6,80,0
6,88,0
6,92,0
7,29,0
8,21,0
8,22,0
8,70,0
9,12,0
9,23,0
9,33,0
9,38,0
9,44,0
9,46,0
9,51,0
9,56,0
9,57,0
9,63,0
9,72,0
9,73,0
9,82,0
9,85,0
9,95,0
9,101,0
10,22,0
10,38,0
10,49,0
10,50,0
10,68,0
10,76,0
10,82,0
10,101,0
11,61,0
15,37,0
15,48,0
15,71,0
15,91,0
16,17,0
16,18,0
16,33,0
16,36,0
16,39,0
16,64,0
16,66,0
16,76,0
16,78,0
16,90,0
17,39,0
17,66,0
17,78,0
17,90,0
18,26,0
18,33,0
18,42,0
18,59,0
18,74,0
18,78,0
18,93,0
18,94,0
19,22,0
19,50,0
20,38,0
20,83,0
21,22,0
21,24,0
21,32,0
21,33,0
21,49,0
21,51,0
21,56,0
21,70,0
21,87,0
21,95,0
21,99,0
21,101,0
23,27,0
23,51,0
23,81,0
23,85,0
23,87,0
23,96,0
25,38,0
25,40,0
25,49,0
25,56,0
25,83,0
25,85,0
25,95,0
25,99,0
26,42,0
26,59,0
26,68,0
26,74,0
26,78,0
26,93,0
26,94,0
27,51,0
28,35,0
30,33,0
30,100,0
32,49,0
32,56,0
32,70,0
32,82,0
32,87,0
32,95,0
32,99,0
33,42,0
33,51,0
33,54,0
33,59,0
33,72,0
33,74,0
33,78,0
33,93,0
33,94,0
33,95,0
34,49,0
34,54,0
34,68,0
34,70,0
36,53,0
37,44,0
37,60,0
37,71,0
37,81,0
37,91,0
38,40,0
38,46,0
38,49,0
38,51,0
38,56,0
38,72,0
38,82,0
38,83,0
38,86,0
38,87,0
38,92,0
38,95,0
38,98,0
38,99,0
39,61,0
39,78,0
39,90,0
40,54,0
40,83,0
40,88,0
40,92,0
41,65,0
42,59,0
42,78,0
42,93,0
42,94,0
43,99,0
44,51,0
44,60,0
46,47,0
46,49,0
46,51,0
46,67,0
46,87,0
46,97,0
46,101,0
48,91,0
49,56,0
49,68,0
49,70,0
49,82,0
49,95,0
49,99,0
49,101,0
50,72,0
50,82,0
51,54,0
51,63,0
51,72,0
51,75,0
51,86,0
51,87,0
51,95,0
51,96,0
52,54,0
52,80,0
52,88,0
52,89,0
52,92,0
54,63,0
54,72,0
54,80,0
54,88,0
54,89,0
54,92,0
56,63,0
56,66,0
56,70,0
56,82,0
56,95,0
56,99,0
57,69,0
58,69,0
58,77,0
59,74,0
59,78,0
59,93,0
59,94,0
60,71,0
62,81,0
63,72,0
63,91,0
64,70,0
66,78,0
66,82,0
67,101,0
68,82,0
68,100,0
68,101,0
70,87,0
70,95,0
70,99,0
73,85,0
74,93,0
75,87,0
75,96,0
75,99,0
76,82,0
77,93,0
78,90,0
78,93,0
78,94,0
79,83,0
80,88,0
80,89,0
80,92,0
81,82,0
82,99,0
82,101,0
83,95,0
83,98,0
87,95,0
87,96,0
87,97,0
87,99,0
88,89,0
88,92,0
89,92,0
93,94,0
95,98,0
95,99,0
96,97,0
46,102,0
101,102,0
2,103,0
21,103,0
25,103,0
32,103,0
49,103,0
56,103,0
62,103,0
70,103,0
75,103,0
87,103,0
95,103,0
99,103,0
12,104,0
39,104,0
55,104,0
74,104,0
94,104,0
24,105,0
95,105,0
5,106,0
2,107,0
4,107,0
23,107,0
62,107,0
85,107,0
23,108,0
49,108,0
51,108,0
75,108,0
87,108,0
96,108,0
99,108,0
10,109,0
22,109,0
33,109,0
38,109,0
46,109,0
50,109,0
51,109,0
68,109,0
72,109,0
82,109,0
100,109,0
23,110,0
27,110,0
51,110,0
56,110,0
66,110,0
87,110,0
18,111,0
26,111,0
33,111,0
42,111,0
59,111,0
68,111,0
74,111,0
78,111,0
93,111,0
94,111,0
12,112,0
34,112,0
55,112,0
16,113,0
39,113,0
64,113,0
66,113,0
78,113,0
90,113,0
23,114,0
34,114,0
37,114,0
48,114,0
56,114,0
62,114,0
81,114,0
14,115,0
19,115,0
4,116,0
62,116,0
60,117,0
9,118,0
23,118,0
27,118,0
36,118,0
46,118,0
51,118,0
56,118,0
85,118,0
95,118,0
96,118,0
21,119,0
22,119,0
72,119,0
3,120,0
16,120,0
17,120,0
39,120,0
61,120,0
64,120,0
66,120,0
78,120,0
90,120,0
1,124,0
10,124,0
22,124,0
50,124,0
68,124,0
82,124,0
90,124,0
2,125,0
20,125,0
21,125,0
25,125,0
32,125,0
38,125,0
49,125,0
56,125,0
70,125,0
83,125,0
87,125,0
95,125,0
99,125,0
37,126,0
44,126,0
60,126,0
71,126,0
18,128,0
33,128,0
59,128,0
74,128,0
78,128,0
93,128,0
94,128,0
16,129,0
5,130,0
43,131,0
24,133,0
57,133,0
34,134,0
49,134,0
70,134,0
12,135,0
26,135,0
33,135,0
42,135,0
74,135,0
78,135,0
84,135,0
93,135,0
94,135,0
18,136,0
26,136,0
33,136,0
42,136,0
59,136,0
70,136,0
78,136,0
93,136,0
94,136,0
44,137,0
51,137,0
58,137,0
60,137,0
69,137,0
77,137,0
2,138,0
23,138,0
46,138,0
51,138,0
75,138,0
87,138,0
95,138,0
96,138,0
16,141,0
17,141,0
78,141,0
18,142,0
26,142,0
33,142,0
42,142,0
59,142,0
74,142,0
78,142,0
93,142,0
94,142,0
18,144,0
26,144,0
33,144,0
42,144,0
59,144,0
74,144,0
78,144,0
93,144,0
94,144,0
2,145,0
4,145,0
9,145,0
21,145,0
23,145,0
25,145,0
38,145,0
49,145,0
51,145,0
56,145,0
70,145,0
82,145,0
85,145,0
99,145,0
2,146,0
21,146,0
23,146,0
49,146,0
59,146,0
70,146,0
74,146,0
87,146,0
95,146,0
99,146,0
16,147,0
17,147,0
39,147,0
66,147,0
78,147,0
90,147,0
1,148,0
14,148,0
41,148,0
2,149,0
49,149,0
53,149,0
56,149,0
70,149,0
99,149,0
23,150,0
51,150,0
75,150,0
87,150,0
95,150,0
96,150,0
2,151,0
21,151,0
25,151,0
32,151,0
38,151,0
49,151,0
56,151,0
70,151,0
95,151,0
99,151,0
3,152,0
30,152,0
4,153,0
10,153,0
48,153,0
81,153,0
98,153,0
99,153,0
16,154,0
17,154,0
72,154,0
18,155,0
26,155,0
33,155,0
42,155,0
46,155,0
59,155,0
78,155,0
93,155,0
94,155,0
10,156,0
21,156,0
22,156,0
67,156,0
68,156,0
18,158,0
26,158,0
33,158,0
42,158,0
59,158,0
74,158,0
78,158,0
93,158,0
94,158,0
10,159,0
16,159,0
54,159,0
66,159,0
76,159,0
90,159,0
52,160,0
88,160,0
89,160,0
92,160,0
16,161,0
64,161,0
78,161,0
90,161,0
6,162,0
38,162,0
40,162,0
52,162,0
54,162,0
80,162,0
88,162,0
89,162,0
92,162,0
28,163,0
35,163,0
16,164,0
17,164,0
34,164,0
39,164,0
66,164,0
78,164,0
90,164,0
16,165,0
17,165,0
39,165,0
64,165,0
66,165,0
78,165,0
90,165,0
2,166,0
21,166,0
25,166,0
49,166,0
56,166,0
70,166,0
87,166,0
31,168,0
58,168,0
10,169,0
16,169,0
19,169,0
66,169,0
76,169,0
18,170,0
21,170,0
24,170,0
99,171,0
37,172,0
60,172,0
31,173,0
58,173,0
69,173,0
26,174,0
33,174,0
42,174,0
59,174,0
70,174,0
78,174,0
93,174,0
94,174,0
2,175,0
23,175,0
51,175,0
74,175,0
75,175,0
87,175,0
95,175,0
96,175,0
1,176,0
8,176,0
50,176,0
68,177,0
80,177,0
16,178,0
17,178,0
39,178,0
78,178,0
90,178,0
69,179,0
2,180,0
21,180,0
32,180,0
49,180,0
56,180,0
70,180,0
75,180,0
87,180,0
95,180,0
99,180,0
2,181,0
9,181,0
21,181,0
32,181,0
38,181,0
49,181,0
56,181,0
65,181,0
70,181,0
73,181,0
83,181,0
87,181,0
95,181,0
99,181,0
16,184,0
17,184,0
39,184,0
66,184,0
78,184,0
90,184,0
3,186,0
5,186,0
7,186,0
9,186,0
15,186,0
20,186,0
29,186,0
30,186,0
33,186,0
38,186,0
42,186,0
56,186,0
57,186,0
61,186,0
63,186,0
78,186,0
81,186,0
83,186,0
33,187,0
59,187,0
82,187,0
25,188,0
58,188,0
69,188,0
77,188,0
93,188,0
94,188,0
2,189,0
21,189,0
22,189,0
32,189,0
49,189,0
56,189,0
70,189,0
87,189,0
95,189,0
99,189,0
101,189,0
50,190,0
72,190,0
29,191,0
42,191,0
52,192,0
54,192,0
80,192,0
88,192,0
89,192,0
92,192,0
3,193,0
20,193,0
78,193,0
3,194,0
20,194,0
30,194,0
34,194,0
41,194,0
55,195,0
10,196,0
21,196,0
50,196,0
68,196,0
82,196,0
100,196,0
101,196,0
1,198,0
81,198,0
9,199,0
23,199,0
27,199,0
38,199,0
51,199,0
72,199,0
85,199,0
86,199,0
87,199,0
95,199,0
96,199,0
18,200,0
26,200,0
33,200,0
42,200,0
59,200,0
78,200,0
93,200,0
94,200,0
10,201,0
22,201,0
33,201,0
50,201,0
68,201,0
82,201,0
100,201,0
9,202,0
21,202,0
23,202,0
27,202,0
51,202,0
56,202,0
62,202,0
73,202,0
75,202,0
81,202,0
85,202,0
87,202,0
96,202,0
99,202,0
31,203,0
77,203,0
93,203,0
2,204,0
9,204,0
10,204,0
33,204,0
46,204,0
67,204,0
68,204,0
82,204,0
101,204,0
6,205,0
40,205,0
52,205,0
80,205,0
88,205,0
92,205,0
1,206,0
10,206,0
14,206,0
33,206,0
38,206,0
50,206,0
68,206,0
82,206,0
100,206,0
50,208,0
68,208,0
72,208,0
82,208,0
100,208,0
2,209,0
23,209,0
43,209,0
49,209,0
51,209,0
58,209,0
75,209,0
87,209,0
2,211,0
9,211,0
21,211,0
25,211,0
32,211,0
34,211,0
38,211,0
49,211,0
51,211,0
56,211,0
70,211,0
75,211,0
79,211,0
82,211,0
83,211,0
87,211,0
95,211,0
99,211,0
30,212,0
33,213,0
42,213,0
74,213,0
82,213,0
94,213,0
101,213,0
81,214,0
55,215,0
90,215,0
3,216,0
11,216,0
61,216,0
58,217,0
77,217,0
80,217,0
93,217,0
94,217,0
16,218,0
17,218,0
39,218,0
78,218,0
90,218,0
8,219,0
18,219,0
33,219,0
42,219,0
59,219,0
74,219,0
78,219,0
90,219,0
94,219,0
58,220,0
28,221,0
29,221,0
35,221,0
33,222,0
40,222,0
52,222,0
88,222,0
16,224,0
17,224,0
64,224,0
66,224,0
78,224,0
90,224,0
42,225,0
58,227,0
69,227,0
77,227,0
93,227,0
16,228,0
17,228,0
39,228,0
66,228,0
78,228,0
18,230,0
26,230,0
33,230,0
42,230,0
59,230,0
74,230,0
78,230,0
93,230,0
94,230,0
76,231,0
16,232,0
17,232,0
39,232,0
64,232,0
66,232,0
78,232,0
90,232,0
21,233,0
24,233,0
88,235,0
89,235,0
92,235,0
22,236,0
58,236,0
69,236,0
77,236,0
18,237,0
26,237,0
33,237,0
42,237,0
59,237,0
78,237,0
93,237,0
94,237,0
2,238,0
5,238,0
23,238,0
43,238,0
51,238,0
75,238,0
87,238,0
16,239,0
17,239,0
39,239,0
64,239,0
78,239,0
90,239,0
58,240,0
69,240,0
77,240,0
2,241,0
21,241,0
25,241,0
38,241,0
49,241,0
56,241,0
70,241,0
83,241,0
95,241,0
98,241,0
99,241,0
1,242,0
12,242,0
14,242,0
18,242,0
25,242,0
42,242,0
78,242,0
93,242,0
94,242,0
20,244,0
28,244,0
30,244,0
35,244,0
42,244,0
81,244,0
30,248,0
2,250,0
21,250,0
25,250,0
32,250,0
49,250,0
70,250,0
12,251,0
19,251,0
33,251,0
2,252,0
10,252,0
21,252,0
23,252,0
47,252,0
49,252,0
70,252,0
75,252,0
87,252,0
99,252,0
87,253,0
3,254,0
11,254,0
39,254,0
61,254,0
7,255,0
29,255,0
26,256,0
33,256,0
42,256,0
51,256,0
59,256,0
74,256,0
78,256,0
93,256,0
94,256,0
9,260,0
33,260,0
38,260,0
46,260,0
51,260,0
54,260,0
63,260,0
72,260,0
85,260,0
86,260,0
87,260,0
95,260,0
97,260,0
74,261,0
3,262,0
11,262,0
61,262,0
2,263,0
9,263,0
21,263,0
25,263,0
32,263,0
33,263,0
38,263,0
40,263,0
42,263,0
46,263,0
49,263,0
51,263,0
56,263,0
70,263,0
75,263,0
78,263,0
79,263,0
83,263,0
84,263,0
86,263,0
87,263,0
94,263,0
95,263,0
98,263,0
99,263,0
55,264,0
18,265,0
26,265,0
33,265,0
42,265,0
59,265,0
70,265,0
74,265,0
78,265,0
93,265,0
94,265,0
50,266,0
68,266,0
72,266,0
82,266,0
100,266,0
70,267,0
47,271,0
51,271,0
54,271,0
72,271,0
2,272,0
9,272,0
10,272,0
20,272,0
38,272,0
42,272,0
50,272,0
51,272,0
68,272,0
81,272,0
82,272,0
83,272,0
85,272,0
91,272,0
95,272,0
100,272,0
18,274,0
26,274,0
33,274,0
42,274,0
59,274,0
78,274,0
93,274,0
94,274,0
10,275,0
29,276,0
23,277,0
29,277,0
81,277,0
85,277,0
3,278,0
61,278,0
38,279,0
40,279,0
52,279,0
88,279,0
92,279,0
16,280,0
17,280,0
39,280,0
64,280,0
66,280,0
78,280,0
8,281,0
70,281,0
78,281,0
30,282,0
21,283,0
22,283,0
42,283,0
46,283,0
67,283,0
71,283,0
101,283,0
39,285,0
22,286,0
77,287,0
4,288,0
7,288,0
15,288,0
28,288,0
29,288,0
35,288,0
3,289,0
8,290,0
50,291,0
68,291,0
82,291,0
100,291,0
22,292,0
51,292,0
11,294,0
16,294,0
39,294,0
61,294,0
90,294,0
25,295,0
70,295,0
99,295,0
56,296,0
19,297,0
21,297,0
72,297,0
6,298,0
38,298,0
40,298,0
52,298,0
54,298,0
88,298,0
92,298,0
2,299,0
87,299,0
99,299,0
16,300,0
39,300,0
11,301,0
61,301,0
28,303,0
35,303,0
16,306,0
17,306,0
39,306,0
64,306,0
78,306,0
90,306,0
16,307,0
17,307,0
39,307,0
66,307,0
78,307,0
90,307,0
29,309,0
19,310,0
21,310,0
50,310,0
9,311,0
10,312,0
16,312,0
47,312,0
72,312,0
29,313,0
2,315,0
4,315,0
18,315,0
42,315,0
46,315,0
78,315,0
81,315,0
83,315,0
94,315,0
99,315,0
101,315,0
38,316,0
52,316,0
71,316,0
80,316,0
88,316,0
89,316,0
92,316,0
46,318,0
50,318,0
68,318,0
82,318,0
86,318,0
100,318,0
29,320,0
4,321,0
9,321,0
10,321,0
25,321,0
33,321,0
44,321,0
46,321,0
63,321,0
72,321,0
85,321,0
95,321,0
99,321,0
101,321,0
8,322,0
21,323,0
16,324,0
64,324,0
78,324,0
16,325,0
17,325,0
39,325,0
28,326,0
29,326,0
35,326,0
50,327,0
82,327,0
2,328,0
25,328,0
48,328,0
4,329,0
9,329,0
56,329,0
62,329,0
73,329,0
21,330,0
32,330,0
75,330,0
87,330,0
99,330,0
10,332,0
22,332,0
68,332,0
102,138,0
102,144,0
102,153,0
102,200,0
103,125,0
103,145,0
103,146,0
103,149,0
103,151,0
103,181,0
103,189,0
104,106,0
104,112,0
104,135,0
104,176,0
105,119,0
105,133,0
105,170,0
106,130,0
107,116,0
107,118,0
107,145,0
108,110,0
108,138,0
108,150,0
108,175,0
108,180,0
108,199,0
109,124,0
109,187,0
109,190,0
109,196,0
109,201,0
110,118,0
110,138,0
110,146,0
110,150,0
110,166,0
110,175,0
110,199,0
111,128,0
111,136,0
111,142,0
111,144,0
111,155,0
111,158,0
111,174,0
111,200,0
112,135,0
113,120,0
113,141,0
113,147,0
113,161,0
113,178,0
113,184,0
114,153,0
115,169,0
116,121,0
117,197,0
118,138,0
118,150,0
118,175,0
119,133,0
119,170,0
120,141,0
120,147,0
120,154,0
120,161,0
120,164,0
120,165,0
121,186,0
123,186,0
124,140,0
124,159,0
124,187,0
124,196,0
124,201,0
125,134,0
125,146,0
125,149,0
125,151,0
125,166,0
125,180,0
125,181,0
125,199,0
126,172,0
128,136,0
128,142,0
128,144,0
128,158,0
128,174,0
128,175,0
128,200,0
129,183,0
132,186,0
132,194,0
133,170,0
134,149,0
134,166,0
134,180,0
135,146,0
135,149,0
135,151,0
135,158,0
136,142,0
136,144,0
136,155,0
136,174,0
136,200,0
137,173,0
137,188,0
138,146,0
138,150,0
138,166,0
138,175,0
138,180,0
141,147,0
141,154,0
141,161,0
141,165,0
141,193,0
142,144,0
142,155,0
142,158,0
142,174,0
142,200,0
144,155,0
144,158,0
144,174,0
144,200,0
145,180,0
145,181,0
145,186,0
145,189,0
146,149,0
146,150,0
146,151,0
146,166,0
146,180,0
147,161,0
147,164,0
147,165,0
147,178,0
148,176,0
148,198,0
149,151,0
149,166,0
149,180,0
150,166,0
150,175,0
151,153,0
151,180,0
151,181,0
153,186,0
153,193,0
153,196,0
154,161,0
154,165,0
155,158,0
155,161,0
155,174,0
155,200,0
158,174,0
158,200,0
159,169,0
160,192,0
161,165,0
162,192,0
163,186,0
164,165,0
164,178,0
164,184,0
165,178,0
165,184,0
166,175,0
166,181,0
168,173,0
173,179,0
174,200,0
176,198,0
176,201,0
178,184,0
179,188,0
181,189,0
182,186,0
183,186,0
186,191,0
186,193,0
186,194,0
186,195,0
187,196,0
187,201,0
196,201,0
108,202,0
110,202,0
114,202,0
118,202,0
138,202,0
145,202,0
150,202,0
153,202,0
175,202,0
181,202,0
196,202,0
199,202,0
130,203,0
188,203,0
138,204,0
146,204,0
156,204,0
196,204,0
162,205,0
198,205,0
109,206,0
124,206,0
148,206,0
187,206,0
196,206,0
201,206,0
195,207,0
109,208,0
124,208,0
187,208,0
196,208,0
201,208,0
108,209,0
110,209,0
118,209,0
138,209,0
146,209,0
150,209,0
175,209,0
105,210,0
109,210,0
133,210,0
170,210,0
103,211,0
125,211,0
134,211,0
138,211,0
145,211,0
146,211,0
149,211,0
151,211,0
153,211,0
180,211,0
181,211,0
189,211,0
199,211,0
152,212,0
186,212,0
104,213,0
135,213,0
196,213,0
200,213,0
114,214,0
153,214,0
186,214,0
186,215,0
195,215,0
129,216,0
183,216,0
186,216,0
130,217,0
179,217,0
188,217,0
113,218,0
161,218,0
164,218,0
165,218,0
178,218,0
104,219,0
111,219,0
128,219,0
135,219,0
136,219,0
142,219,0
144,219,0
175,219,0
187,219,0
173,220,0
163,221,0
142,222,0
155,222,0
158,222,0
200,222,0
131,223,0
167,223,0
113,224,0
120,224,0
141,224,0
147,224,0
161,224,0
165,224,0
191,226,0
137,227,0
188,227,0
113,228,0
120,228,0
135,228,0
141,228,0
147,228,0
154,228,0
161,228,0
164,228,0
165,228,0
153,229,0
171,229,0
111,230,0
128,230,0
136,230,0
142,230,0
144,230,0
155,230,0
158,230,0
174,230,0
200,230,0
113,232,0
120,232,0
141,232,0
147,232,0
161,232,0
164,232,0
165,232,0
193,232,0
106,233,0
131,234,0
160,235,0
192,235,0
137,236,0
168,236,0
173,236,0
179,236,0
188,236,0
111,237,0
128,237,0
136,237,0
142,237,0
144,237,0
155,237,0
158,237,0
174,237,0
200,237,0
106,238,0
108,238,0
110,238,0
130,238,0
137,238,0
138,238,0
146,238,0
150,238,0
166,238,0
175,238,0
113,239,0
120,239,0
147,239,0
164,239,0
165,239,0
137,240,0
168,240,0
188,240,0
103,241,0
125,241,0
175,241,0
180,241,0
104,242,0
112,242,0
135,242,0
148,242,0
153,242,0
176,242,0
186,242,0
188,242,0
198,242,0
108,243,0
123,244,0
132,244,0
186,244,0
194,244,0
114,245,0
153,245,0
186,245,0
125,250,0
134,250,0
146,250,0
151,250,0
180,250,0
135,251,0
108,252,0
110,252,0
125,252,0
138,252,0
180,252,0
108,253,0
110,253,0
138,253,0
150,253,0
175,253,0
113,254,0
186,254,0
186,255,0
191,255,0
111,256,0
128,256,0
136,256,0
142,256,0
144,256,0
155,256,0
158,256,0
174,256,0
187,256,0
200,256,0
152,258,0
153,259,0
109,260,0
135,260,0
104,261,0
135,261,0
144,261,0
174,261,0
200,261,0
120,262,0
193,262,0
103,263,0
109,263,0
125,263,0
134,263,0
135,263,0
145,263,0
146,263,0
149,263,0
151,263,0
166,263,0
180,263,0
181,263,0
189,263,0
199,263,0
154,264,0
195,264,0
104,265,0
111,265,0
128,265,0
135,265,0
136,265,0
142,265,0
144,265,0
155,265,0
158,265,0
174,265,0
200,265,0
109,266,0
124,266,0
196,266,0
201,266,0
157,267,0
189,268,0
193,268,0
174,269,0
103,271,0
115,271,0
140,271,0
109,272,0
124,272,0
125,272,0
146,272,0
151,272,0
153,272,0
186,272,0
187,272,0
196,272,0
201,272,0
111,274,0
128,274,0
136,274,0
142,274,0
144,274,0
155,274,0
158,274,0
169,274,0
174,274,0
200,274,0
196,275,0
132,276,0
186,276,0
114,277,0
117,277,0
153,277,0
120,278,0
112,279,0
162,279,0
192,279,0
198,279,0
113,280,0
120,280,0
141,280,0
147,280,0
154,280,0
161,280,0
164,280,0
165,280,0
132,281,0
144,281,0
174,281,0
175,281,0
176,281,0
152,282,0
153,282,0
156,283,0
120,285,0
147,285,0
127,286,0
113,287,0
143,287,0
176,287,0
184,287,0
186,288,0
109,291,0
153,291,0
196,291,0
201,291,0
153,293,0
195,293,0
113,294,0
120,294,0
141,294,0
147,294,0
154,294,0
161,294,0
165,294,0
103,295,0
125,295,0
146,295,0
180,295,0
153,296,0
190,297,0
162,298,0
192,298,0
108,299,0
113,300,0
141,300,0
147,300,0
165,300,0
120,301,0
167,302,0
123,305,0
113,306,0
120,306,0
147,306,0
161,306,0
164,306,0
165,306,0
178,306,0
184,306,0
113,307,0
141,307,0
147,307,0
164,307,0
165,307,0
178,307,0
184,307,0
186,308,0
186,309,0
191,309,0
193,309,0
115,310,0
169,310,0
189,310,0
105,312,0
121,312,0
133,312,0
139,312,0
159,312,0
169,312,0
179,312,0
191,313,0
167,314,0
111,315,0
125,315,0
135,315,0
144,315,0
145,315,0
175,315,0
186,315,0
160,316,0
162,316,0
192,316,0
109,318,0
124,318,0
171,318,0
196,318,0
201,318,0
191,320,0
108,321,0
109,321,0
145,321,0
186,321,0
199,321,0
154,322,0
195,322,0
167,323,0
195,323,0
120,324,0
141,324,0
154,324,0
161,324,0
165,324,0
113,325,0
120,325,0
141,325,0
147,325,0
154,325,0
161,325,0
164,325,0
165,325,0
178,325,0
163,326,0
186,326,0
109,327,0
124,327,0
196,327,0
201,327,0
114,328,0
125,328,0
153,328,0
191,328,0
145,329,0
181,329,0
186,329,0
199,329,0
108,330,0
110,330,0
138,330,0
150,330,0
175,330,0
180,330,0
109,332,0
153,332,0
159,332,0
186,334,0
202,209,0
202,211,0
202,238,0
202,252,0
202,253,0
202,260,0
202,263,0
202,271,0
202,277,0
202,291,0
203,217,0
203,227,0
203,232,0
203,240,0
203,287,0
204,213,0
204,260,0
204,263,0
204,272,0
204,275,0
204,283,0
205,222,0
205,279,0
205,298,0
206,208,0
206,231,0
206,242,0
206,266,0
206,272,0
206,279,0
206,291,0
208,266,0
208,272,0
208,279,0
209,238,0
209,252,0
209,253,0
210,233,0
211,241,0
211,250,0
211,252,0
211,263,0
211,295,0
211,299,0
212,244,0
212,258,0
212,282,0
213,219,0
213,261,0
213,263,0
213,267,0
213,275,0
214,244,0
214,245,0
215,248,0
215,264,0
215,290,0
216,254,0
216,262,0
216,278,0
216,289,0
216,293,0
216,294,0
217,227,0
217,236,0
217,240,0
218,224,0
218,228,0
218,280,0
219,230,0
219,237,0
219,242,0
219,256,0
219,261,0
219,263,0
219,265,0
219,274,0
219,281,0
219,297,0
220,236,0
221,244,0
221,288,0
222,237,0
222,263,0
222,272,0
222,279,0
222,298,0
223,234,0
223,243,0
223,248,0
223,290,0
224,228,0
224,232,0
224,239,0
224,280,0
224,294,0
224,300,0
226,255,0
226,276,0
227,236,0
227,240,0
227,242,0
228,232,0
228,239,0
228,280,0
228,294,0
228,300,0
230,237,0
230,256,0
230,265,0
230,274,0
232,280,0
232,294,0
232,300,0
234,248,0
234,290,0
236,240,0
236,242,0
237,256,0
237,263,0
237,265,0
237,274,0
238,252,0
238,263,0
239,280,0
239,294,0
241,250,0
241,263,0
241,295,0
242,251,0
242,272,0
244,282,0
248,264,0
248,290,0
248,292,0
248,293,0
250,263,0
250,295,0
252,263,0
254,262,0
254,264,0
254,278,0
254,289,0
254,294,0
254,301,0
255,276,0
256,260,0
256,265,0
256,274,0
256,281,0
257,293,0
257,301,0
258,282,0
260,263,0
260,271,0
260,272,0
260,291,0
261,263,0
261,265,0
261,274,0
261,281,0
262,278,0
262,289,0
262,294,0
263,265,0
263,272,0
263,295,0
264,293,0
265,274,0
265,281,0
266,272,0
266,288,0
266,291,0
271,277,0
272,291,0
276,288,0
278,289,0
278,293,0
278,294,0
278,301,0
279,298,0
280,294,0
280,300,0
281,297,0
290,292,0
290,297,0
293,296,0
294,301,0
223,302,0
221,303,0
244,303,0
257,304,0
229,305,0
218,306,0
224,306,0
228,306,0
239,306,0
280,306,0
294,306,0
224,307,0
228,307,0
232,307,0
239,307,0
280,307,0
300,307,0
226,309,0
255,309,0
276,309,0
288,309,0
236,310,0
297,310,0
210,312,0
264,312,0
265,312,0
268,312,0
272,312,0
226,313,0
255,313,0
276,313,0
288,313,0
223,314,0
248,314,0
290,314,0
293,314,0
209,315,0
230,315,0
256,315,0
261,315,0
263,315,0
265,315,0
272,315,0
274,315,0
283,315,0
293,315,0
235,316,0
257,317,0
202,318,0
206,318,0
208,318,0
260,318,0
266,318,0
272,318,0
291,318,0
293,319,0
226,320,0
255,320,0
288,320,0
293,320,0
202,321,0
204,321,0
211,321,0
260,321,0
263,321,0
272,321,0
215,322,0
264,322,0
278,322,0
292,322,0
293,322,0
296,322,0
215,323,0
278,323,0
292,323,0
293,323,0
296,323,0
219,324,0
228,324,0
239,324,0
280,324,0
294,324,0
218,325,0
224,325,0
228,325,0
232,325,0
280,325,0
300,325,0
221,326,0
206,327,0
266,327,0
272,327,0
270,328,0
211,329,0
214,329,0
244,329,0
260,329,0
202,330,0
209,330,0
211,330,0
252,330,0
253,330,0
263,330,0
302,314,0
304,317,0
304,323,0
306,307,0
306,324,0
306,325,0
307,325,0
308,331,0
309,313,0
309,320,0
310,312,0
313,320,0
314,323,0
321,329,0
322,323,0
